FileVersion,1
Sprites,64
Colorselector,0,45,22,0
Colorselector,1,0,0,0
Colorselector,2,86,86,86
Colorselector,3,172,172,172
Colorselector,4,255,255,255
Colorselector,5,128,0,128
Colorselector,6,0,255,255
Colorselector,7,255,0,0
Colorselector,8,0,255,64
Colorselector,9,247,121,200
Colorselector,10,128,0,0
Colorselector,11,146,79,227
Colorselector,12,238,133,17
Colorselector,13,68,147,225
Colorselector,14,240,235,164
Colorselector,15,240,240,240
Colorselector,16,255,0,255
spritebank,0
SpriteStart
SpriteBitmapBlock,0,96,96
0,0,0,0,0,0,0,0,0,0,0,0,0,0,0,6,6,6,6,6,6,3,3,3,3,3,3,3,0,0,0,0,0,0,0,0,0,0,0,0,0,0,0,0,0,0,0,0,0,0,0,0,0,0,0,0,0,0,0,0,0,0,0,0,0,0,0,0,0,0,0,0,0,0,0,0,0,0,0,0,0,0,0,0,0,0,0,0,0,0,0,0,0,0,0,0
0,0,0,0,0,0,0,0,0,0,0,0,6,6,6,6,6,6,6,6,6,6,6,6,6,6,3,3,3,2,2,0,0,0,0,0,0,0,0,0,0,0,0,0,0,0,0,0,0,0,0,0,0,0,0,0,0,0,0,0,0,0,0,0,0,0,0,0,0,0,0,0,0,0,0,0,0,0,0,0,0,0,0,0,0,0,0,0,0,0,0,0,0,0,0,0
0,0,0,0,0,0,0,0,0,0,6,4,4,4,4,4,4,4,4,4,4,4,6,6,6,6,6,3,3,2,2,2,0,0,0,0,0,0,0,0,0,0,0,0,0,0,0,0,0,0,0,0,0,0,0,0,0,0,0,0,0,0,0,0,0,0,0,0,0,0,0,0,0,0,0,0,0,0,0,0,0,0,0,0,0,0,0,0,0,0,0,0,0,0,0,0
0,0,0,0,0,0,0,0,6,6,4,4,4,4,4,4,4,4,4,4,4,4,4,6,6,6,6,6,3,3,2,2,2,0,0,0,0,0,0,0,0,0,0,0,0,0,0,0,0,0,0,0,0,0,0,0,0,0,0,0,0,0,0,0,0,0,0,0,0,0,0,0,0,0,0,0,0,0,0,0,0,0,0,0,0,0,0,0,0,0,0,0,0,0,0,0
0,0,0,0,0,0,0,0,6,6,6,4,4,4,4,4,4,4,4,4,4,4,6,6,6,6,6,6,6,3,3,2,2,2,0,0,0,0,0,0,0,0,0,0,0,0,0,0,0,0,0,0,0,0,0,0,0,0,0,0,0,0,0,0,0,0,0,0,0,0,0,0,0,0,0,0,0,0,0,0,0,0,0,0,0,0,0,0,0,0,0,0,0,0,0,0
0,0,0,0,0,0,0,0,6,6,4,4,4,4,4,4,4,4,4,4,4,4,4,6,6,6,6,6,6,6,3,3,2,2,2,0,0,0,0,0,0,0,0,0,0,0,0,0,0,0,0,0,0,0,0,0,0,0,0,0,0,0,0,0,0,0,0,0,0,0,0,0,0,0,0,0,0,0,0,0,0,0,0,0,0,0,0,0,0,0,0,0,0,0,0,0
0,0,0,0,0,0,0,0,6,6,6,4,4,4,4,4,4,4,4,4,4,4,6,6,6,6,6,6,6,6,6,3,3,2,2,0,0,0,0,0,0,0,0,0,0,0,0,0,0,0,0,0,0,0,0,0,0,0,0,0,0,0,0,0,0,0,0,0,0,0,0,0,0,0,0,0,0,0,0,0,0,0,0,0,0,0,0,0,0,0,0,0,0,0,0,0
0,0,0,0,0,0,0,0,6,6,6,6,4,4,4,4,4,4,4,6,6,6,6,6,6,6,6,6,6,6,6,6,3,3,2,0,0,0,0,0,0,0,0,0,0,0,0,0,0,0,0,0,0,0,0,0,0,0,0,0,0,0,0,0,0,0,0,0,0,0,0,0,0,0,0,0,0,0,0,0,0,0,0,0,0,0,0,0,0,0,0,0,0,0,0,0
0,0,0,0,0,0,0,0,6,6,6,6,6,6,6,6,6,6,6,6,6,6,6,6,6,6,6,6,6,6,6,3,3,3,3,2,0,0,0,0,0,0,0,0,0,0,0,0,0,0,0,0,0,0,0,0,0,0,0,0,0,0,0,0,0,0,0,0,0,0,0,0,0,0,0,0,0,0,0,0,0,0,0,0,0,0,0,0,0,0,0,0,0,0,0,0
0,0,0,0,0,0,0,0,3,3,3,6,6,6,6,6,6,6,6,6,6,6,6,6,6,6,6,6,6,6,3,3,3,3,3,2,0,0,0,0,0,0,0,0,0,0,0,0,0,0,0,0,0,0,0,0,0,0,0,0,0,0,0,0,0,0,0,0,0,0,0,0,0,0,0,0,0,0,0,0,0,0,0,0,0,0,0,0,0,0,0,0,0,0,0,0
0,0,0,0,0,0,0,0,0,3,3,3,6,6,6,6,6,6,6,6,6,6,6,6,6,3,3,3,3,3,3,3,3,3,3,2,0,0,0,0,0,0,0,0,0,0,0,0,0,0,0,0,0,0,0,0,0,0,0,0,0,0,0,0,0,0,0,0,0,0,0,0,0,0,0,0,0,0,0,0,0,0,0,0,0,0,0,0,0,0,0,0,0,0,0,0
0,0,0,0,0,0,0,0,0,0,3,3,3,6,6,6,6,6,6,6,3,3,3,3,3,3,3,3,3,3,3,3,3,3,2,2,0,0,0,0,0,0,0,0,0,0,0,0,0,0,0,0,0,0,0,0,0,0,0,0,0,0,0,0,0,0,0,0,0,0,0,0,0,0,0,0,0,0,0,0,0,0,0,0,0,0,0,0,0,0,0,0,0,0,0,0
0,0,0,0,0,0,0,0,0,0,0,3,3,3,3,3,3,3,3,3,3,3,3,2,2,2,2,2,2,2,2,2,2,2,2,2,0,0,0,0,0,0,0,0,0,0,0,0,0,0,0,0,0,0,0,0,0,0,0,0,0,0,0,0,0,0,0,0,0,0,0,0,0,0,0,0,0,0,0,0,0,0,0,0,0,0,0,0,0,0,0,0,0,0,0,0
0,0,0,0,0,0,0,0,0,0,0,0,0,3,3,3,3,3,3,3,3,3,3,3,3,3,3,3,3,2,2,2,2,2,2,2,0,0,0,0,0,0,0,0,0,0,0,0,0,0,0,0,0,0,0,0,0,0,0,0,0,0,0,0,0,0,0,0,0,0,0,0,0,0,0,0,0,0,0,0,0,0,0,0,0,0,0,0,0,0,0,0,0,0,0,0
0,0,0,0,0,0,0,0,0,0,0,0,0,0,0,0,0,0,0,0,0,0,3,3,3,3,3,4,4,4,3,3,2,2,2,0,0,0,0,0,0,0,0,0,0,0,0,0,0,0,0,0,0,0,0,0,0,0,0,0,0,0,0,0,0,0,0,0,0,0,0,0,0,0,0,0,0,0,0,0,0,0,0,0,0,0,0,0,0,0,0,0,0,0,0,0
0,0,0,0,0,0,0,0,0,0,0,0,0,0,0,0,0,0,0,0,0,0,0,3,3,3,4,4,4,4,4,3,3,3,0,0,0,0,0,0,0,0,0,0,0,0,0,0,0,0,0,0,0,0,0,0,0,0,0,0,0,0,0,0,0,0,0,0,0,0,0,0,0,0,0,0,0,0,0,0,0,0,0,0,0,0,0,0,0,0,0,0,0,0,0,0
0,0,0,0,0,0,0,0,0,0,0,0,0,0,0,0,0,0,0,0,0,0,0,3,3,4,4,4,4,4,4,4,3,3,0,0,0,0,0,0,0,0,0,0,0,0,0,0,0,0,0,0,0,0,0,0,0,0,0,0,0,0,0,0,0,0,0,0,0,0,0,0,0,0,0,0,0,0,0,0,0,0,6,6,6,6,6,6,3,3,3,0,0,0,0,0
0,0,0,0,0,0,0,0,0,0,0,0,0,0,0,0,0,0,0,0,0,0,0,4,4,4,4,4,4,4,4,4,4,4,0,0,0,0,0,0,0,0,0,0,0,0,0,0,0,0,0,0,0,0,0,0,0,0,0,0,0,0,0,0,0,0,0,0,0,0,0,0,0,0,0,0,0,0,0,0,0,6,6,4,4,4,6,6,6,3,3,3,0,0,0,0
0,0,0,0,0,0,0,0,0,0,0,0,0,0,0,0,0,0,0,0,0,0,0,0,4,4,4,4,4,4,4,4,4,4,0,0,0,0,0,0,0,0,0,0,0,0,0,0,0,0,0,0,0,0,0,0,0,0,0,0,0,0,0,0,0,0,0,0,0,0,0,0,0,0,0,0,0,0,0,0,6,6,4,4,4,4,4,6,6,6,3,3,3,0,0,0
0,0,0,0,0,0,0,0,0,0,0,0,0,0,0,0,0,0,0,0,0,0,0,0,4,4,4,4,4,4,4,4,4,4,0,0,0,0,0,0,0,0,0,0,0,0,0,0,0,0,0,0,0,0,0,0,0,0,0,0,0,0,0,0,0,0,0,0,0,0,0,0,0,0,0,0,0,0,0,0,6,4,4,4,4,4,4,4,6,6,6,3,3,0,0,0
0,0,0,0,0,0,0,0,0,0,0,0,0,0,0,0,0,0,0,0,0,0,0,0,4,4,4,4,4,4,4,4,4,4,0,0,0,0,0,0,0,0,0,0,0,0,0,0,0,0,0,0,0,0,0,0,0,0,0,0,0,0,0,0,0,0,0,0,0,0,0,0,0,0,0,0,0,0,0,0,6,6,4,4,4,4,4,6,6,6,6,6,3,0,0,0
0,0,0,0,0,0,0,0,0,0,0,0,0,0,0,0,0,0,0,0,0,0,0,0,4,4,4,4,4,4,4,4,4,4,0,0,0,0,0,0,0,0,0,0,0,0,0,0,0,0,0,0,0,0,0,0,0,0,0,0,0,0,0,0,0,0,0,0,0,0,0,0,0,0,0,0,0,0,0,0,6,4,4,4,4,4,4,4,6,6,6,3,3,3,0,0
0,0,0,0,0,0,0,0,0,0,0,0,0,0,0,0,0,0,0,0,0,0,0,0,4,4,4,4,4,4,4,4,4,4,4,0,0,0,0,0,0,0,0,0,0,0,0,0,0,0,0,0,0,0,0,0,0,0,0,0,0,0,0,0,0,0,0,0,0,0,0,0,0,0,0,0,0,0,0,0,6,6,4,4,4,4,4,6,6,6,6,6,3,3,0,0
0,0,0,0,0,0,0,0,0,0,0,0,0,0,0,0,0,0,0,0,0,0,0,0,0,4,4,4,4,4,4,4,4,4,4,0,0,0,0,0,0,0,0,0,0,0,0,0,0,0,0,0,0,0,0,0,0,0,0,0,0,0,0,0,0,0,0,0,0,0,0,0,0,0,0,0,0,0,0,0,6,6,6,4,4,4,4,4,6,6,6,6,6,3,0,0
0,0,0,0,0,0,0,0,0,0,0,0,0,0,0,0,0,0,0,0,0,0,0,0,0,3,3,4,4,4,4,4,4,4,4,0,0,0,0,0,0,0,0,0,0,0,0,0,0,0,0,0,0,0,0,0,0,0,0,0,0,0,0,0,0,0,0,0,4,4,4,4,0,0,0,0,0,0,0,0,0,6,6,6,4,4,4,6,6,6,6,6,3,3,3,0
0,0,0,0,0,0,0,0,0,0,0,0,0,0,0,0,0,0,0,0,0,0,0,0,0,3,3,3,4,4,4,4,4,4,4,4,0,0,0,0,0,0,0,0,0,0,0,0,0,0,0,0,0,0,0,0,0,0,0,0,0,0,0,0,0,0,0,4,4,4,4,4,4,4,0,0,0,0,0,0,0,6,6,6,6,6,6,6,6,6,6,6,6,3,3,0
0,0,0,0,0,0,0,0,0,0,0,0,0,0,0,0,0,0,0,0,0,0,0,0,0,0,3,3,4,4,4,4,4,4,3,3,0,0,0,0,0,0,0,0,0,0,0,0,0,0,0,0,0,0,0,0,0,0,0,0,0,0,0,0,0,0,4,4,4,4,4,4,4,4,4,4,0,0,0,0,0,6,6,6,6,6,6,6,6,6,6,6,3,3,3,0
0,0,0,0,0,0,0,0,0,0,0,0,0,0,0,0,0,0,0,0,0,0,0,0,0,0,3,3,4,4,4,4,4,3,3,3,0,0,0,0,0,0,0,0,0,0,0,0,0,0,0,0,0,0,0,0,4,4,4,0,0,0,0,0,3,3,4,4,4,4,4,4,4,4,4,4,4,4,0,0,0,2,2,2,6,6,6,6,6,6,6,6,6,3,3,0
0,0,0,0,0,0,0,0,0,0,0,0,0,0,0,0,0,0,0,0,0,0,0,0,0,0,3,3,3,4,4,4,3,3,3,3,3,0,0,0,0,0,0,0,0,0,0,0,0,0,0,0,0,0,6,6,6,0,0,6,6,6,2,2,3,3,4,4,4,4,4,4,4,4,4,4,4,4,4,4,4,3,3,3,2,2,6,6,6,6,6,6,3,3,3,0
0,0,0,0,0,0,0,0,0,0,0,0,0,0,0,0,0,0,0,0,0,0,0,0,0,0,0,3,3,3,3,3,3,3,3,3,3,0,0,0,0,0,0,0,0,0,0,0,0,0,0,6,6,6,0,0,0,0,0,0,6,6,2,2,2,3,3,4,4,4,4,4,4,4,4,4,4,4,4,4,3,3,3,3,3,3,3,6,6,6,6,6,6,3,3,0
0,0,0,0,0,0,0,0,0,0,0,0,0,0,0,0,0,0,0,0,0,0,0,0,0,0,0,0,3,3,3,3,3,3,3,2,2,0,0,0,0,0,0,0,0,0,0,0,4,4,4,0,0,0,0,0,0,0,0,0,0,6,2,2,2,2,3,3,4,4,4,4,4,4,4,4,4,4,4,3,3,3,3,3,3,3,3,3,6,6,6,6,3,3,3,0
0,0,4,0,0,0,0,0,0,0,0,0,0,0,0,0,0,0,0,0,0,0,0,0,0,0,0,0,3,3,3,3,3,3,2,2,2,0,0,0,0,0,6,6,6,6,6,6,0,0,0,0,0,0,0,0,0,0,0,0,0,6,6,2,2,2,2,3,3,4,4,4,4,4,4,4,4,4,3,3,3,3,3,3,3,3,3,3,6,6,6,3,3,3,2,0
0,0,4,0,0,0,0,0,0,0,0,0,0,0,0,0,0,0,0,0,0,0,0,0,0,0,0,0,3,3,3,3,3,2,2,2,2,2,0,0,0,4,4,0,0,0,0,6,6,6,6,6,0,0,0,0,0,0,0,0,0,0,6,6,2,2,2,2,3,3,4,4,4,4,4,3,3,3,3,3,3,3,2,2,2,2,2,2,6,6,3,3,3,3,2,0
0,4,4,0,0,0,0,0,0,0,0,0,0,0,0,0,0,0,0,0,0,0,0,0,0,0,0,0,3,3,3,3,2,2,2,2,2,2,0,0,0,0,0,0,0,0,0,0,0,0,0,0,0,0,0,0,0,0,0,0,0,0,0,6,2,2,2,2,0,0,0,4,4,4,3,3,3,3,3,2,2,2,2,2,2,2,2,2,6,3,3,3,3,3,2,0
0,4,0,0,0,0,0,0,0,0,0,0,0,0,0,0,0,0,0,0,0,0,0,0,0,0,6,6,2,2,2,2,2,2,2,2,2,2,6,6,0,0,0,0,0,0,0,0,0,0,4,4,4,6,6,6,0,0,0,0,0,0,0,6,2,2,2,0,0,0,0,0,0,0,3,3,2,2,2,2,2,2,2,2,2,2,2,2,3,3,3,3,3,3,2,0
0,4,0,0,0,0,0,0,0,0,0,0,0,0,0,0,0,0,0,0,0,0,0,0,0,0,6,6,6,2,2,2,2,2,2,2,6,6,0,0,0,0,0,0,0,0,0,0,0,0,0,0,0,0,0,0,0,0,0,0,0,0,0,0,2,2,0,0,0,0,0,0,0,0,0,0,0,0,2,2,2,2,2,2,2,2,2,2,3,3,3,3,3,2,2,0
4,4,2,2,2,0,0,0,0,0,0,0,0,4,0,0,0,0,0,0,0,0,0,0,0,6,6,0,0,0,2,2,2,6,6,6,0,0,0,0,0,0,0,0,6,6,0,0,0,0,0,0,0,0,0,0,0,0,0,0,0,0,0,0,6,6,6,0,0,0,0,0,0,0,0,0,0,0,0,0,0,0,2,2,2,2,2,3,3,3,3,3,2,2,0,0
4,4,0,0,0,0,0,0,0,0,0,0,0,4,0,0,0,0,0,0,0,0,0,0,0,4,4,0,0,0,6,6,6,6,6,0,0,0,0,0,0,0,0,0,0,0,6,6,6,0,0,0,0,0,0,0,0,0,6,6,0,0,0,0,0,0,6,6,0,0,0,0,0,0,0,0,0,0,0,0,0,0,0,0,0,2,2,2,2,2,2,2,2,2,0,0
4,4,0,0,3,0,0,0,0,0,0,0,0,4,0,0,0,0,0,0,0,0,0,0,0,0,0,0,0,0,0,0,0,0,0,0,0,0,0,0,0,0,0,0,0,0,0,0,6,6,4,4,4,4,0,0,0,0,0,0,0,0,0,0,0,0,0,0,6,6,0,0,0,0,0,0,0,0,0,0,0,0,0,0,0,0,2,2,2,2,2,2,0,0,0,0
4,4,0,0,0,0,0,0,0,0,0,0,0,4,0,0,0,0,0,0,0,0,0,0,0,0,0,0,0,0,0,0,0,0,6,6,0,0,0,0,0,0,0,0,0,0,0,0,0,0,0,0,0,0,6,6,6,0,0,0,0,0,0,0,0,0,0,6,6,6,0,0,0,0,0,0,0,0,0,0,0,0,0,0,0,0,0,0,0,0,0,0,0,0,4,0
4,4,0,0,0,0,0,0,0,0,0,0,0,4,0,0,0,0,0,0,0,0,0,0,0,0,6,6,0,0,0,0,0,0,0,0,4,4,4,0,0,0,0,0,0,0,0,0,0,0,0,0,0,0,0,0,0,0,0,0,0,0,0,0,0,0,6,6,0,0,0,0,0,0,0,0,0,0,0,0,0,0,0,0,0,0,0,0,0,0,0,0,0,0,4,0
4,4,0,0,0,2,2,2,2,2,2,4,4,4,0,0,0,0,0,0,0,0,0,0,0,0,0,0,0,0,0,0,0,0,0,0,0,0,6,6,6,0,0,0,0,0,0,0,0,0,0,0,0,0,0,0,0,6,6,0,0,0,0,0,6,6,6,0,0,0,0,0,0,0,0,0,0,0,0,0,0,0,0,0,0,0,0,0,0,0,0,0,0,0,4,0
4,4,2,2,2,0,0,0,0,0,0,0,4,4,0,0,0,0,0,0,0,0,0,0,0,0,0,0,6,6,0,0,0,0,0,0,0,0,0,0,0,4,4,4,0,0,0,0,0,0,0,0,0,0,0,0,0,0,0,4,4,4,6,6,0,0,0,0,0,0,0,0,0,0,0,0,0,0,0,0,0,0,0,0,0,0,0,0,0,0,0,0,0,0,4,0
4,4,0,0,0,0,0,0,0,0,0,0,4,4,0,0,0,0,0,0,0,0,0,0,0,0,0,0,0,6,6,0,0,0,0,0,0,0,0,0,0,0,0,0,6,6,6,4,4,0,0,0,0,0,4,4,6,6,0,0,0,0,6,6,0,0,0,0,0,0,0,0,0,0,0,0,0,0,0,0,0,0,0,0,0,0,0,0,0,0,0,0,0,0,4,4
0,4,0,0,0,3,0,0,0,0,0,0,4,4,0,0,0,0,0,0,0,0,0,0,0,0,0,0,0,0,6,6,0,0,0,0,0,0,0,0,0,0,0,0,0,0,0,0,0,0,0,0,0,0,0,0,0,0,0,0,0,0,0,0,0,0,0,0,0,0,0,0,0,0,0,0,0,0,0,0,0,0,0,0,0,0,0,0,0,0,0,0,0,0,4,4
0,4,0,0,0,0,0,0,0,0,0,0,4,4,0,0,0,0,0,0,0,0,0,0,0,0,0,0,0,0,0,6,6,0,0,0,0,4,4,0,0,0,0,0,0,0,0,0,0,0,0,0,0,6,6,0,0,0,0,0,6,6,0,0,0,0,0,0,0,0,0,0,0,0,0,0,0,0,0,0,0,0,0,0,0,4,0,0,0,0,0,0,0,0,4,4
0,4,0,0,0,0,0,0,0,0,0,0,4,4,0,0,0,0,0,0,0,0,0,0,0,0,0,0,0,0,0,0,6,6,6,6,6,0,0,6,6,0,0,0,2,2,2,2,2,2,2,2,2,0,0,6,6,6,0,0,0,0,0,0,0,0,0,0,0,0,0,0,0,0,0,0,0,0,3,0,0,0,0,0,0,4,0,0,0,0,0,0,0,0,4,4
0,4,4,0,0,0,3,0,0,0,0,0,4,4,2,2,0,0,0,0,0,0,0,0,0,0,0,0,0,0,0,0,0,6,6,6,0,0,0,0,0,0,0,3,3,3,3,3,3,3,3,2,2,2,2,0,0,0,6,6,6,0,0,0,0,0,0,0,0,0,0,0,0,0,0,0,0,0,0,0,0,0,0,0,0,4,0,0,0,0,0,0,0,2,2,4
0,4,4,0,0,0,0,0,0,0,0,0,4,4,0,0,0,0,0,0,0,0,0,0,0,0,0,0,0,0,0,0,0,0,0,0,0,0,0,0,0,3,3,3,3,3,3,3,3,3,3,3,3,3,2,2,2,0,0,0,4,4,4,0,0,0,0,0,0,0,0,0,0,0,0,0,0,0,3,0,0,0,0,0,0,4,0,0,0,0,0,3,3,0,0,4
0,0,4,0,0,0,0,3,0,0,0,0,4,4,0,0,0,3,0,0,0,0,0,0,0,0,0,0,0,0,0,0,6,6,0,0,0,0,0,0,3,3,3,3,3,3,3,3,3,3,3,3,0,0,0,2,2,2,0,0,0,0,6,6,6,6,0,0,0,0,0,0,0,0,0,0,0,0,0,0,0,0,0,0,0,4,0,0,0,0,0,0,0,0,0,4
0,0,4,4,0,0,0,0,0,0,0,0,4,4,0,0,0,0,0,0,0,0,0,0,0,0,0,0,0,0,4,4,0,0,0,0,0,6,6,3,3,3,3,3,3,3,3,3,3,3,3,0,7,7,7,0,2,2,2,0,0,0,0,0,0,0,4,4,4,4,0,0,0,0,0,0,0,0,2,2,2,2,0,0,0,4,0,0,3,3,0,0,0,0,0,4
0,0,4,4,0,0,0,0,0,0,0,0,4,4,0,0,0,0,0,0,0,0,0,0,0,0,0,0,0,0,0,0,0,0,0,6,6,3,3,3,4,4,4,3,3,3,3,3,3,3,0,7,7,7,7,0,3,3,3,0,0,0,0,0,0,0,0,0,0,0,6,6,6,6,0,0,0,0,0,0,0,0,0,0,0,4,0,0,0,0,3,0,0,0,4,4
0,0,4,4,0,0,0,3,0,0,0,0,4,4,0,0,0,0,3,0,0,0,0,0,0,0,6,6,6,6,0,0,0,0,0,3,3,3,3,4,4,4,4,4,3,3,3,3,3,0,7,7,0,7,7,0,3,3,3,3,0,0,0,0,0,0,0,0,0,0,0,0,0,0,0,0,0,0,0,0,0,0,0,3,3,4,2,2,0,0,0,0,0,0,4,4
0,0,4,4,0,0,0,0,0,0,0,0,4,0,0,0,0,0,0,0,0,0,0,0,0,4,4,4,0,0,0,0,0,0,3,3,3,3,4,4,4,4,4,4,0,0,0,0,0,0,7,0,7,7,0,0,0,0,3,3,3,0,0,0,0,0,0,0,0,0,0,0,0,0,0,6,6,2,2,0,0,0,0,0,4,4,4,0,0,3,0,0,0,0,4,4
0,0,4,4,0,0,0,3,0,0,0,4,4,0,0,0,0,2,2,2,2,0,0,0,0,0,0,0,0,0,0,0,0,3,3,3,3,4,4,4,4,4,0,0,0,3,3,3,3,3,0,0,0,0,0,0,3,3,3,3,3,3,0,0,0,0,0,0,0,0,0,0,0,0,0,0,0,6,0,0,0,0,0,0,4,4,0,0,0,0,0,0,0,0,4,4
0,0,4,4,0,0,0,0,0,0,0,4,4,0,0,0,0,0,0,0,0,0,0,6,6,0,0,0,0,0,0,0,3,3,3,3,4,4,4,4,4,3,3,3,3,3,3,3,3,3,3,3,3,3,3,3,3,4,4,3,3,3,3,0,0,0,0,0,0,0,0,0,0,0,0,6,6,6,0,0,0,0,0,0,4,4,0,0,0,0,0,0,0,0,4,0
0,0,0,4,0,0,0,0,0,0,0,4,4,0,0,0,3,0,0,0,0,0,0,0,0,0,0,0,0,0,6,3,3,3,3,4,4,4,4,4,4,4,4,4,4,4,4,4,4,4,4,4,4,4,4,4,4,4,4,4,3,3,3,3,3,3,3,0,0,0,0,0,0,6,6,3,3,0,0,0,0,0,0,0,4,4,0,0,0,3,0,0,0,0,4,0
0,0,0,4,4,2,2,2,0,0,0,4,4,0,0,0,0,0,0,0,0,6,6,6,0,0,0,0,0,0,0,3,3,3,4,4,4,4,4,4,4,4,4,4,4,4,4,4,4,4,4,4,4,4,4,4,4,4,4,4,4,3,3,3,0,0,0,3,3,6,6,6,3,3,3,3,3,0,0,0,0,0,0,0,0,3,0,0,0,0,0,0,0,0,4,0
0,0,0,4,4,0,0,0,0,0,0,4,4,0,0,0,3,0,0,0,6,6,0,0,0,0,0,0,0,6,3,3,3,4,4,4,4,4,4,4,4,4,4,4,4,4,4,2,4,4,4,4,4,4,4,4,4,4,4,4,4,4,3,3,3,0,0,0,0,0,0,3,3,3,3,3,3,0,0,3,0,0,0,0,0,0,0,0,0,3,0,0,0,4,4,0
0,0,0,4,4,2,2,0,0,0,4,4,0,0,0,0,0,0,0,0,0,6,6,6,0,0,0,0,0,0,3,3,4,4,4,4,4,4,4,4,4,4,4,4,4,4,4,4,2,4,4,4,4,4,4,4,4,4,4,4,4,4,4,3,3,3,0,0,0,0,3,3,3,3,3,3,3,0,0,3,0,0,0,0,0,3,0,0,0,0,0,0,4,4,4,0
0,0,0,4,4,0,0,0,0,0,4,4,0,0,0,3,0,0,0,0,2,2,2,6,0,0,0,0,6,3,3,4,4,4,4,4,4,4,4,4,4,4,4,4,4,4,4,2,4,4,4,4,4,4,4,4,4,4,4,4,4,4,4,4,3,3,3,0,0,0,3,3,3,3,4,4,4,4,0,0,0,0,0,0,0,0,0,0,0,2,2,2,4,4,0,0
0,0,0,4,4,4,0,0,0,0,4,4,0,0,0,0,0,0,0,3,3,2,2,2,6,0,0,0,0,4,4,4,4,0,0,4,4,4,4,4,0,0,0,4,4,4,4,2,4,4,4,4,4,4,4,4,4,4,4,0,0,0,4,4,4,3,3,0,0,0,0,3,3,4,4,4,4,4,2,2,2,0,0,0,0,3,0,0,0,0,0,0,4,4,0,0
0,0,0,4,4,4,0,0,0,0,4,4,2,2,2,0,0,0,0,3,3,3,2,2,6,6,0,0,3,3,4,4,0,0,0,0,4,4,4,0,0,0,0,0,4,4,4,4,4,4,0,0,0,4,4,4,4,0,0,0,0,0,4,4,4,4,3,3,0,0,0,0,4,4,4,4,4,4,0,0,0,0,0,0,3,3,0,0,0,2,2,2,4,4,0,0
0,0,0,0,4,4,0,0,0,0,4,4,0,0,0,0,0,0,3,3,3,3,3,2,0,6,6,6,4,4,4,4,0,0,0,0,0,4,0,0,0,0,0,0,4,4,4,4,4,4,0,0,0,0,4,4,0,0,0,0,0,0,4,4,4,4,4,3,3,0,0,0,4,4,4,4,4,4,2,2,2,0,0,0,0,3,0,0,0,0,0,0,4,4,0,0
0,0,0,0,0,4,0,0,0,0,4,4,2,2,0,0,0,0,3,3,3,3,3,0,0,0,6,4,4,4,4,4,4,0,0,0,7,7,0,0,7,7,0,4,4,4,4,4,4,4,0,0,0,0,0,0,7,7,0,0,0,4,4,4,4,4,4,4,4,3,0,0,4,4,4,5,5,5,0,0,0,0,0,0,3,3,0,0,0,0,0,0,4,4,0,0
0,0,0,0,0,4,4,0,0,0,4,4,0,0,0,0,0,0,3,3,3,3,3,0,0,6,4,4,4,3,4,4,4,4,0,0,7,7,0,7,7,7,4,4,4,4,4,4,4,4,4,0,0,0,0,7,7,7,7,0,4,4,4,4,4,4,4,4,3,4,3,0,4,5,5,5,5,5,0,0,0,0,0,0,0,3,0,0,0,0,0,0,4,4,0,0
0,0,0,0,0,4,2,2,2,2,4,4,0,0,0,0,0,0,5,5,5,5,5,0,3,4,3,4,3,3,4,4,4,4,4,0,9,9,9,9,9,0,4,4,4,4,4,4,4,4,4,4,4,0,9,9,0,0,9,9,0,4,4,4,4,4,4,4,3,4,3,0,5,5,5,5,5,5,0,0,0,0,0,0,3,3,0,0,3,0,0,0,4,4,0,0
0,0,0,0,0,0,0,0,0,0,4,3,3,3,0,0,0,0,5,5,5,5,5,0,3,4,3,4,3,3,4,4,4,4,4,0,9,9,9,9,0,0,4,4,4,4,4,4,4,4,4,4,4,0,9,9,0,0,9,9,0,0,4,4,4,4,4,4,3,4,3,0,5,5,3,3,3,3,3,0,0,0,0,0,0,3,0,0,0,0,0,0,4,4,0,0
0,0,0,0,0,0,0,0,0,0,4,0,0,0,0,0,0,0,3,3,3,3,0,0,3,4,3,4,3,3,3,4,4,4,0,0,7,7,0,7,7,7,4,4,4,4,4,4,4,4,4,4,0,0,0,7,7,7,7,0,0,0,0,4,4,4,3,3,3,3,0,0,0,3,3,3,3,3,4,4,0,0,2,2,3,3,0,0,0,0,0,0,4,4,0,0
0,0,0,0,0,0,0,0,0,0,4,0,0,0,0,0,0,0,3,3,3,3,0,0,3,4,3,4,3,3,3,3,3,0,0,0,7,7,0,0,7,7,0,4,4,4,4,4,4,4,4,4,0,0,0,0,7,7,0,0,0,0,0,0,3,3,3,3,3,5,5,0,0,3,3,4,4,4,4,2,4,0,0,0,0,3,0,0,3,0,0,0,4,4,0,0
0,0,0,0,0,0,0,0,0,0,4,0,0,0,0,0,2,2,3,3,4,4,4,0,0,3,4,4,3,3,3,3,3,0,0,0,7,7,0,0,7,7,0,0,3,3,3,3,3,3,3,0,0,0,0,0,3,3,3,0,0,0,0,0,3,3,3,3,3,5,5,5,4,4,4,4,4,4,4,4,2,0,0,0,3,3,0,0,0,0,0,0,4,4,0,0
0,0,0,0,0,0,0,0,0,4,0,0,0,0,0,0,0,0,4,4,4,4,4,4,0,0,3,3,3,3,3,3,3,0,0,0,0,0,3,0,0,0,0,0,3,3,3,3,3,3,3,0,0,0,0,3,3,3,3,3,0,0,0,3,3,3,3,5,5,5,5,4,4,0,4,2,4,4,2,4,4,0,0,0,0,3,0,0,0,0,0,0,4,4,0,0
0,0,0,0,0,0,0,0,0,4,0,0,0,0,0,0,0,4,4,4,4,4,4,4,4,0,0,3,3,3,3,3,3,3,0,0,0,3,3,3,0,0,5,5,5,5,5,5,3,3,3,0,0,0,3,3,3,3,3,3,3,3,3,3,3,3,5,5,5,5,5,0,0,0,4,2,4,2,4,2,0,0,0,0,3,3,0,0,0,0,3,3,4,0,0,0
0,0,0,0,0,0,0,0,0,4,0,0,0,0,0,0,0,4,4,2,4,4,4,5,5,5,0,0,3,3,3,3,3,3,3,5,5,5,5,5,5,5,5,0,0,0,0,5,5,5,5,5,3,3,3,3,3,3,3,3,3,3,3,3,5,5,5,0,0,5,5,5,0,0,0,2,4,2,4,0,0,0,2,2,2,2,3,3,3,0,0,0,0,0,0,0
0,0,0,0,0,0,0,0,0,4,0,0,0,0,0,0,0,0,4,2,4,2,3,5,5,5,5,5,5,5,5,5,5,5,5,5,0,0,0,0,0,0,0,0,0,0,0,0,0,0,0,0,3,3,3,5,5,5,5,5,5,5,5,5,5,0,0,0,0,0,0,5,5,0,0,0,0,0,0,0,0,0,0,0,4,4,0,0,0,0,0,0,0,0,0,0
0,0,0,0,0,0,0,0,0,4,0,0,0,0,0,0,0,0,0,2,4,2,3,0,0,0,0,5,5,5,5,5,5,5,0,0,0,0,0,0,0,0,0,0,0,0,0,0,0,0,0,0,5,5,5,0,0,0,0,0,0,0,5,5,0,0,0,0,0,0,0,5,5,5,0,0,0,0,0,0,0,0,0,0,4,4,0,0,0,0,0,0,0,0,0,0
0,0,0,0,0,0,0,0,0,0,0,0,0,0,0,0,0,0,0,0,0,0,0,0,0,0,0,0,5,5,5,5,0,0,0,0,0,0,0,0,0,4,4,4,0,0,0,0,0,0,4,4,4,5,5,5,5,5,5,5,5,0,0,0,0,0,0,0,0,0,0,0,0,0,5,5,0,0,0,0,0,0,0,0,4,4,4,4,0,0,0,0,0,0,0,0
0,0,0,0,0,0,0,0,0,0,0,0,0,0,0,0,0,0,0,0,0,0,0,5,0,0,0,0,0,0,0,0,0,0,0,0,0,0,0,0,4,4,4,4,4,0,0,0,0,4,4,4,4,4,0,0,0,0,0,0,0,0,0,5,5,4,4,0,0,0,0,0,0,0,0,0,5,5,0,0,0,0,0,0,4,4,0,0,0,0,0,0,0,0,0,0
0,0,0,0,0,0,0,0,0,0,0,0,0,0,0,0,0,0,0,0,0,5,5,5,0,0,0,0,0,0,0,4,4,0,0,0,0,0,5,5,4,4,4,4,3,3,0,0,4,4,4,4,4,4,0,0,0,5,5,0,0,0,0,0,0,0,0,5,5,5,5,0,0,0,0,0,0,5,5,0,0,0,0,0,0,4,0,0,0,0,0,0,0,0,0,0
0,0,0,0,0,0,0,0,0,0,0,0,0,0,0,0,0,0,0,5,5,5,5,5,5,5,0,0,0,0,0,0,0,5,5,5,5,0,0,0,4,4,4,3,3,3,3,4,4,4,4,4,4,4,0,0,0,4,4,0,0,0,0,0,0,0,0,0,0,0,0,0,0,0,0,0,0,0,5,5,5,0,0,0,0,4,0,0,0,0,0,0,0,0,0,0
0,0,0,0,0,0,0,0,0,0,0,5,5,5,4,4,5,5,5,5,0,0,5,5,0,0,0,0,0,0,0,0,0,0,0,0,0,0,0,0,0,3,3,3,3,3,4,4,4,4,4,4,4,0,0,0,0,0,0,0,0,0,0,0,0,0,0,0,0,0,5,5,5,5,5,0,0,0,0,0,0,4,4,0,0,4,0,0,0,0,0,0,0,0,0,0
0,0,0,0,0,0,0,0,0,0,0,0,0,0,0,0,0,0,0,0,5,5,5,5,5,5,5,5,0,0,0,0,0,0,0,0,0,5,5,5,0,0,3,3,3,4,4,4,4,4,4,4,0,0,0,0,0,0,0,0,0,0,0,0,0,0,0,0,0,5,5,5,5,5,5,5,5,5,0,0,0,0,5,5,0,0,0,0,0,0,0,0,0,0,0,0
0,0,0,0,0,0,0,0,0,0,0,0,0,0,0,0,0,0,0,5,5,5,5,5,0,0,5,5,0,0,0,0,0,0,0,0,0,0,0,0,0,0,0,0,4,4,4,4,4,4,4,0,0,0,0,0,4,4,0,0,0,0,0,4,4,0,0,0,5,5,0,0,5,5,0,0,5,5,0,0,0,0,0,0,0,0,0,0,0,0,0,0,0,0,0,0
0,0,0,0,0,0,0,0,0,0,0,0,0,0,0,0,0,4,4,5,5,5,0,0,0,0,0,5,5,0,0,0,0,5,5,5,5,5,5,0,0,0,0,4,4,4,4,4,4,4,0,0,0,5,5,0,0,0,0,0,0,5,5,0,0,0,0,0,4,4,0,0,5,5,0,0,0,5,5,0,0,0,0,0,4,4,0,0,0,0,0,0,0,0,0,0
0,0,0,0,0,0,0,0,0,0,0,0,0,0,0,5,5,5,0,0,0,0,5,5,5,5,4,4,5,5,0,0,5,5,0,0,0,0,0,0,0,0,4,4,4,4,4,4,4,3,3,3,0,0,0,0,0,0,0,0,0,0,0,0,0,0,0,5,5,5,5,5,5,5,5,0,0,0,5,0,0,0,0,0,0,0,0,0,0,0,0,0,0,0,0,0
0,0,0,0,0,0,0,0,0,0,0,0,0,4,4,0,0,0,0,0,0,0,0,0,0,0,0,5,5,5,4,4,4,0,0,0,0,0,0,0,0,4,4,4,4,4,4,4,3,3,3,3,3,5,5,5,0,0,0,5,5,0,0,0,4,4,5,5,5,5,5,5,0,0,5,0,0,0,5,0,0,0,0,0,0,0,0,0,0,0,0,0,0,0,0,0
0,0,0,0,0,0,0,0,0,0,0,5,5,5,0,0,0,0,0,0,0,0,0,5,5,0,0,0,0,0,0,0,0,0,5,5,0,0,0,0,4,4,4,4,4,4,4,3,3,3,3,4,4,4,5,5,0,0,0,0,0,0,0,5,5,0,0,0,0,0,0,0,0,0,5,0,0,0,0,0,5,5,4,4,0,0,0,0,0,0,0,0,0,0,0,0
0,0,0,0,0,0,0,0,5,5,5,5,0,0,0,0,0,0,0,0,4,4,4,0,0,0,0,0,0,0,0,0,0,0,0,4,4,4,0,0,4,4,4,4,4,4,0,0,3,3,4,4,4,4,5,5,0,0,0,0,0,0,0,0,0,5,5,5,5,5,0,0,0,0,5,5,0,0,5,0,5,5,5,5,5,5,0,0,0,0,0,0,0,0,0,0
0,0,0,0,0,0,5,5,0,0,0,0,0,0,0,0,0,5,5,5,5,0,0,0,0,0,0,0,0,0,0,0,0,0,0,0,0,0,5,5,4,4,4,4,4,0,0,0,0,4,4,4,4,4,0,0,0,5,5,5,5,5,5,5,5,5,0,0,0,5,5,5,0,0,0,0,0,0,0,0,5,5,0,0,0,5,5,0,0,0,0,0,0,0,0,0
0,0,0,0,0,0,0,0,0,0,0,0,0,0,0,0,4,4,0,0,0,0,0,0,0,0,0,0,0,0,0,0,0,0,0,0,0,0,5,5,5,4,4,4,0,0,0,0,5,5,3,3,3,0,0,5,5,5,5,5,5,5,5,0,0,0,0,0,0,0,5,5,0,0,0,0,5,0,5,0,5,5,0,0,0,0,5,5,0,0,0,0,0,0,0,0
0,0,0,0,0,0,0,0,0,0,0,0,5,5,5,5,5,0,0,0,0,0,0,0,0,0,0,0,0,0,5,5,5,5,0,0,0,0,0,5,5,0,0,0,5,5,5,4,4,4,4,4,5,5,5,5,0,0,5,5,0,0,5,5,0,0,0,0,0,0,5,5,0,0,0,0,5,0,0,0,5,5,0,0,0,0,0,0,0,0,0,0,0,0,0,0
0,0,0,0,0,0,0,0,0,0,0,0,0,0,0,0,0,0,0,0,0,0,0,0,0,0,0,0,0,5,5,4,4,4,5,5,5,0,0,0,4,4,5,5,5,5,5,5,0,0,0,0,0,0,0,0,0,0,5,5,0,0,0,5,5,0,0,0,0,0,5,5,0,0,0,0,5,0,0,0,5,5,0,0,0,0,0,0,0,0,0,0,0,0,0,0
0,0,0,0,0,0,0,0,0,0,0,0,0,0,0,0,0,0,5,5,5,0,0,0,0,0,0,0,5,5,0,0,0,0,0,5,5,5,0,0,0,0,0,0,4,4,4,0,0,0,0,5,5,5,0,0,0,0,5,0,0,0,0,0,0,0,0,0,0,0,0,5,5,0,0,0,5,0,0,0,5,5,5,0,0,0,0,0,0,0,0,0,0,0,0,0
0,0,0,0,0,0,0,0,0,0,0,0,0,0,0,0,0,0,0,0,4,4,5,5,0,0,5,5,5,0,0,0,0,0,0,0,5,5,5,0,0,0,5,5,5,5,0,0,0,0,5,5,5,0,0,0,0,0,0,0,0,0,0,0,0,0,5,5,0,0,0,0,0,0,0,0,5,0,0,0,0,5,5,5,0,0,0,0,0,0,0,0,0,0,0,0
0,0,0,0,0,0,0,0,0,0,0,0,0,0,0,0,0,0,0,0,0,0,0,5,5,5,4,4,0,0,0,0,0,0,0,0,0,5,5,4,4,4,5,5,0,0,0,0,0,0,0,0,0,0,0,0,0,0,0,0,0,0,0,0,0,0,0,0,5,5,5,0,0,0,0,0,0,0,0,0,0,0,0,5,0,0,0,0,0,0,0,0,0,0,0,0
0,0,0,0,0,0,0,0,0,0,0,0,0,0,0,0,0,0,0,0,0,0,0,0,4,4,0,0,0,0,0,0,0,0,0,0,0,0,0,0,0,5,5,0,0,0,0,0,0,0,0,0,0,0,0,0,0,0,0,0,0,0,0,0,0,0,0,0,0,0,0,0,0,0,0,0,0,0,0,0,0,0,0,0,0,0,0,0,0,0,0,0,0,0,0,0
SpriteSpeccyBlock,0,12,12
7,0,1,7,0,0,7,0,0,7,0,0,7,0,0,7,0,1,7,0,1,7,0,1,7,0,1,7,0,1,7,0,1,7,0,1
7,0,1,7,0,0,7,0,0,7,0,0,7,0,0,7,0,1,7,0,1,7,0,1,7,0,1,7,0,1,7,0,1,7,0,1
7,0,1,7,0,1,7,0,0,7,0,0,7,0,0,7,0,1,7,0,1,7,0,1,7,0,1,7,0,1,7,0,0,7,0,0
7,0,0,7,0,1,7,0,1,7,0,0,7,0,0,7,0,0,7,0,0,7,0,0,7,0,0,7,0,0,7,0,0,7,0,0
7,0,0,7,0,0,7,0,1,7,0,0,7,0,0,7,0,0,7,0,0,7,0,0,7,0,0,7,0,0,7,0,0,7,0,0
7,0,0,7,0,0,7,0,1,7,0,0,7,0,0,7,0,0,7,0,0,7,0,0,7,0,1,7,0,1,7,0,0,7,0,0
7,0,0,7,0,0,7,0,0,7,0,0,7,0,0,7,0,0,7,0,0,7,0,0,7,0,0,7,0,0,7,0,0,7,0,0
7,0,0,7,0,0,7,0,0,7,0,0,7,0,0,7,0,0,7,0,0,7,0,0,7,0,0,7,0,0,7,0,0,7,0,0
7,0,0,7,0,0,7,0,0,7,0,0,7,0,0,7,0,0,7,0,0,7,0,0,7,0,0,7,0,0,7,0,0,7,0,0
7,0,1,7,0,0,7,0,0,7,0,0,7,0,0,7,0,0,7,0,0,7,0,0,7,0,0,7,0,0,7,0,0,7,0,0
7,0,1,7,0,0,7,0,0,7,0,0,7,0,0,7,0,0,7,0,0,7,0,0,7,0,0,7,0,0,7,0,0,7,0,1
7,0,1,7,0,0,7,0,0,7,0,0,7,0,0,7,0,0,7,0,0,7,0,0,7,0,1,7,0,0,7,0,0,7,0,1
SpriteAttribs,0,0,0,0
SpriteDataOffSet,&180
eof
