FileVersion,1
Sprites,64
Colorselector,0,255,128,0
Colorselector,1,0,0,0
Colorselector,2,86,86,86
Colorselector,3,172,172,172
Colorselector,4,255,255,255
Colorselector,5,128,0,128
Colorselector,6,0,255,255
Colorselector,7,255,0,0
Colorselector,8,0,255,64
Colorselector,9,247,121,200
Colorselector,10,128,128,255
Colorselector,11,0,0,255
Colorselector,12,0,128,0
Colorselector,13,180,237,103
Colorselector,14,255,0,128
Colorselector,15,240,240,240
Colorselector,16,255,0,255
spritebank,0
SpriteStart
SpriteBitmapBlock,0,48,256
1,1,1,4,1,1,1,1,1,1,4,1,4,1,1,1,1,1,1,1,1,1,1,1,1,1,1,4,4,1,1,1,1,1,1,1,1,1,4,1,1,1,1,4,1,1,1,1,1,1,1,1,4,4,1,1,1,1,1,4,4,1,1,1,1,1,1,4,4,1,1,1,1,1,1,1,4,1,1,1,1,1,1,1,1,1,1,1,1,1,1,1,1,1,1,1,1,1,1,1,1,1,1,1,1,1,1,1,1,1,1,1,1,1,1,1,1,1,4,1,1,4,4,4,4,4,1,1,1,1,1,4,1,1,1,1,1,1,4,4,4,4,1,1,1,1,4,4,4,4,1,1,1,1,1,4,4,1,1,1,1,1,4,4,4,4,1,1,1,1,4,4,4,4,1,1,1,1,4,4,4,4,1,1,1,1,4,4,4,4,1,1,1,1,4,4,4,4,1,1,1,1,1,1,1,1,1,1,1,1,1,1,1,1,1,1,1,9,1,1,1,9,1,1,1,4,4,4,4,1,1,1,1,1,3,3,3,3,3,1,1,1,4,4,4,4,1,1,1,4,4,4,4,4,1,1
1,1,1,8,4,1,1,1,1,8,4,1,4,8,1,1,1,1,4,1,4,1,1,1,1,1,4,8,4,8,4,1,4,8,1,1,1,8,1,1,1,1,4,1,4,1,1,1,1,1,1,8,4,8,1,1,1,1,1,8,4,1,1,1,1,1,1,8,4,1,1,1,1,4,1,1,8,1,1,4,1,1,1,8,4,1,1,1,1,1,1,1,1,1,1,1,1,1,1,1,1,1,1,1,1,1,1,1,1,1,1,1,1,1,1,1,1,8,1,1,4,8,1,1,1,8,4,1,1,1,1,8,4,1,1,1,1,8,4,8,4,8,4,1,1,8,4,8,4,8,4,1,1,1,4,8,4,8,1,1,1,8,4,8,4,8,4,1,1,8,4,8,4,8,4,1,1,8,4,8,4,8,4,1,1,8,4,1,1,8,4,1,1,8,4,1,1,8,4,1,1,1,1,1,1,1,1,1,1,1,1,1,1,1,1,1,9,7,9,1,9,7,9,1,4,3,3,3,3,4,1,1,1,3,1,6,3,1,6,3,1,8,4,8,1,8,4,1,4,8,1,1,8,8,4,1
1,1,1,8,8,1,1,1,1,1,8,1,8,1,1,1,1,8,8,8,8,8,1,1,1,8,1,1,8,1,1,1,8,8,1,1,8,1,1,1,1,1,8,1,8,1,1,1,1,1,8,8,1,1,1,1,1,1,8,8,1,1,1,1,1,1,1,1,8,8,1,1,1,1,8,1,8,1,8,1,1,1,1,8,8,1,1,1,1,1,1,1,1,1,1,1,1,1,1,1,1,1,1,1,1,1,1,1,1,1,1,1,1,1,1,1,8,1,1,1,8,8,1,8,1,8,8,1,1,1,1,8,8,1,1,1,1,1,1,1,1,8,8,1,1,1,1,1,1,8,8,1,1,8,8,1,1,8,1,1,1,8,8,1,1,1,1,1,1,8,8,1,1,1,1,1,1,1,1,1,1,8,8,1,1,8,8,1,1,8,8,1,1,8,8,1,1,8,8,1,1,1,1,4,4,1,1,1,1,1,1,4,4,1,1,1,7,7,7,9,7,7,7,4,3,2,1,3,2,1,3,1,3,3,1,1,3,1,1,3,1,1,1,1,1,8,8,1,8,1,8,1,1,8,8,1
1,1,1,8,8,1,1,1,1,1,1,1,1,1,1,1,1,1,8,1,8,1,1,1,1,1,8,8,8,8,1,1,1,1,1,8,1,1,1,1,1,8,8,8,1,1,8,1,1,1,1,1,1,1,1,1,1,1,8,8,1,1,1,1,1,1,1,1,8,8,1,1,1,1,1,8,8,8,1,1,1,8,8,8,8,8,8,1,1,1,1,1,1,1,1,1,1,8,8,8,8,8,8,1,1,1,1,1,1,1,1,1,1,1,1,8,1,1,1,1,8,8,1,8,1,8,8,1,1,1,1,8,8,1,1,1,1,1,8,8,8,8,1,1,1,1,1,8,8,8,1,1,8,8,1,1,8,8,1,1,1,8,8,8,8,8,1,1,1,8,8,8,8,8,1,1,1,1,1,1,8,8,1,1,1,1,8,8,8,8,1,1,1,1,8,8,8,8,8,1,1,1,1,8,8,1,1,1,1,1,1,8,8,1,1,1,5,7,7,7,7,7,5,4,3,2,2,3,2,2,3,1,3,7,7,7,3,3,3,3,1,1,1,8,8,8,1,1,8,1,8,8,1,8,8,1
1,1,1,8,8,1,1,1,1,1,1,1,1,1,1,1,1,3,8,3,8,3,1,1,1,1,1,8,1,1,8,1,1,1,8,1,1,1,1,1,8,1,1,8,1,8,1,1,1,1,1,1,1,1,1,1,1,1,8,8,1,1,1,1,1,1,1,1,8,8,1,1,1,1,1,8,1,8,1,1,1,1,1,8,8,1,1,1,1,1,1,1,1,1,1,1,1,3,3,3,3,3,3,1,1,1,1,1,1,1,1,1,1,1,8,1,1,1,1,1,3,8,1,3,1,8,3,1,1,1,1,8,8,1,1,1,1,8,8,1,1,1,1,1,1,1,1,1,1,8,8,1,1,8,8,8,8,8,1,1,1,1,1,1,1,8,8,1,1,8,8,1,1,8,8,1,1,1,1,8,8,1,1,1,1,8,8,1,1,8,8,1,1,1,1,1,1,8,8,1,1,1,1,1,1,1,1,1,1,1,1,1,1,1,1,1,1,5,7,7,7,5,1,1,2,3,3,3,3,3,3,1,3,4,7,3,3,3,3,3,1,1,1,1,1,1,1,1,8,8,1,1,1,8,3,1
1,1,1,1,1,1,1,1,1,1,1,1,1,1,1,1,1,1,3,1,3,1,1,1,1,3,8,3,8,3,1,1,1,3,1,1,1,3,8,1,8,1,1,1,8,3,1,1,1,1,1,1,1,1,1,1,1,1,1,3,8,1,1,1,1,1,1,3,8,1,1,1,1,1,8,1,1,1,8,1,1,1,1,3,8,1,1,1,1,1,1,3,8,1,1,1,1,1,1,1,1,1,1,1,1,1,1,3,8,1,1,1,1,3,1,1,1,1,1,1,3,3,1,1,1,3,3,1,1,1,1,3,8,1,1,1,1,3,8,3,8,3,8,1,1,3,8,3,8,3,8,1,1,1,1,1,8,3,1,1,1,3,8,3,8,3,8,1,1,3,8,1,1,3,8,1,1,1,1,3,8,1,1,1,1,3,8,1,1,3,8,1,1,3,8,3,8,3,8,1,1,1,1,3,8,1,1,1,1,1,1,3,8,1,1,1,1,1,5,7,5,1,1,1,1,3,1,3,1,3,1,1,4,4,1,1,1,1,3,3,1,1,1,8,3,1,1,1,8,3,8,3,1,1,1,1
1,1,1,3,8,1,1,1,1,1,1,1,1,1,1,1,1,1,1,1,1,1,1,1,1,1,1,3,3,1,1,1,3,1,1,1,1,3,3,1,1,3,3,3,1,1,3,1,1,1,1,1,1,1,1,1,1,1,1,3,3,1,1,1,1,1,1,3,3,1,1,1,1,3,1,1,1,1,1,3,1,1,1,1,1,1,1,1,1,1,1,3,3,1,1,1,1,1,1,1,1,1,1,1,1,1,1,3,3,1,1,1,3,1,1,1,1,1,1,1,1,3,3,3,3,3,1,1,1,1,1,1,3,1,1,1,1,1,3,3,3,3,1,1,1,1,3,3,3,3,1,1,1,1,1,1,3,1,1,1,1,1,3,3,3,3,3,1,1,1,3,3,3,3,1,1,1,1,1,3,1,1,1,1,1,1,3,3,3,3,1,1,1,1,3,3,3,3,1,1,1,1,1,3,3,1,1,1,1,1,1,3,3,1,1,1,1,1,1,5,1,1,1,1,2,1,3,1,3,1,1,1,4,4,3,1,7,9,3,1,1,1,1,3,3,1,1,1,1,3,3,3,3,3,1,1
1,1,1,1,1,1,1,1,1,1,1,1,1,1,1,1,1,1,1,1,1,1,1,1,1,1,1,1,1,1,1,1,1,1,1,1,1,1,1,1,1,1,1,1,1,1,1,1,1,1,1,1,1,1,1,1,1,1,1,1,1,1,1,1,1,1,1,1,1,1,1,1,1,1,1,1,1,1,1,1,1,1,1,1,1,1,1,1,1,1,3,3,1,1,1,1,1,1,1,1,1,1,1,1,1,1,1,1,1,1,1,1,1,1,1,1,1,1,1,1,1,1,1,1,1,1,1,1,1,1,1,1,1,1,1,1,1,1,1,1,1,1,1,1,1,1,1,1,1,1,1,1,1,1,1,1,1,1,1,1,1,1,1,1,1,1,1,1,1,1,1,1,1,1,1,1,1,1,1,1,1,1,1,1,1,1,1,1,1,1,1,1,1,1,1,1,1,1,1,1,1,1,1,1,1,1,1,1,1,1,3,3,1,1,1,1,1,1,1,1,1,1,1,1,1,2,2,2,2,1,1,1,4,1,3,3,9,9,1,1,1,1,1,1,1,1,1,1,1,1,1,1,1,1,1,1
1,1,1,4,4,1,1,1,1,1,4,4,4,4,1,1,1,1,4,4,4,1,1,1,1,1,4,4,4,4,1,1,1,1,4,4,4,4,1,1,1,1,4,4,4,1,1,1,1,1,4,4,4,4,1,1,1,1,4,1,1,4,1,1,1,1,1,4,1,1,1,1,1,1,1,1,4,1,1,1,1,1,4,1,1,4,1,1,1,1,4,1,1,1,1,1,1,4,1,1,1,4,1,1,1,4,1,1,1,4,1,1,1,1,4,4,4,1,1,1,1,1,4,4,4,1,1,1,1,1,4,4,4,1,1,1,1,1,4,4,4,4,1,1,1,1,4,4,4,4,1,1,1,1,4,4,4,4,1,1,1,1,4,1,1,4,1,1,1,1,4,1,1,4,1,1,1,4,1,1,1,4,1,1,4,4,1,1,1,4,4,1,1,1,4,1,1,4,1,1,1,4,4,4,4,4,1,1,1,1,1,4,4,4,1,1,4,1,1,1,1,1,1,1,1,1,4,4,4,1,1,1,1,1,1,4,4,1,1,1,1,1,1,4,4,1,1,1,1,1,1,4,4,1,1,1
1,1,4,6,4,6,1,1,1,6,4,1,1,6,4,1,1,6,4,6,4,6,1,1,1,6,4,1,1,6,1,1,1,6,4,6,4,6,4,1,1,6,4,6,4,6,1,1,1,6,4,1,1,6,4,1,1,6,4,1,1,6,4,1,1,1,1,6,4,1,1,1,1,1,1,1,4,6,1,1,1,6,4,1,1,6,4,1,1,6,4,1,1,1,1,1,4,6,4,1,4,6,4,1,4,6,4,1,1,6,4,1,1,6,4,1,4,6,1,1,1,6,4,1,6,6,1,1,1,6,4,1,4,6,1,1,1,6,4,1,1,6,4,1,1,6,4,6,6,6,4,1,1,6,4,6,4,6,4,1,1,6,4,1,1,6,4,1,1,6,4,1,1,6,4,1,4,6,1,1,1,6,4,1,1,6,4,1,4,6,1,1,1,6,4,1,1,6,4,1,4,6,4,6,4,6,1,1,1,1,4,6,1,1,1,1,1,6,1,1,1,1,1,1,1,1,1,1,4,6,1,1,1,1,1,6,4,1,1,1,1,1,1,6,4,1,1,1,1,1,1,6,4,1,1,1
1,6,6,1,1,6,6,1,1,6,6,1,1,6,6,1,6,6,1,1,1,1,1,1,1,6,6,1,1,6,6,1,1,6,6,1,1,1,1,1,1,6,6,1,1,1,1,1,6,6,1,1,1,1,1,1,1,6,6,1,1,6,6,1,1,1,1,6,6,1,1,1,1,1,1,1,6,6,1,1,1,6,6,1,6,6,1,1,1,6,6,1,1,1,1,1,6,6,6,6,6,6,6,1,6,6,6,6,1,6,6,1,6,6,1,1,1,6,6,1,1,6,6,1,1,6,1,1,6,6,1,1,1,6,6,1,1,6,6,1,1,6,6,1,1,6,6,1,1,1,1,1,1,1,1,6,6,1,1,1,1,6,6,1,1,6,6,1,1,6,6,1,1,6,6,1,6,6,1,6,1,6,6,1,1,1,6,6,6,1,1,1,1,6,6,1,1,6,6,1,1,1,1,1,6,6,1,1,1,1,6,6,1,1,1,1,1,1,6,1,1,1,1,1,1,1,1,1,6,6,1,1,1,1,1,6,4,1,1,1,1,1,1,6,4,1,1,1,1,1,1,6,4,1,1,1
1,6,6,1,1,6,6,1,1,6,6,6,6,6,1,1,6,6,1,1,1,1,1,1,1,6,6,1,1,6,6,1,1,6,6,6,6,1,1,1,1,6,6,6,6,1,1,1,6,6,1,1,1,1,1,1,1,6,6,6,6,6,6,1,1,1,1,6,6,1,1,1,1,1,1,1,6,6,1,1,1,6,6,6,6,1,1,1,1,6,6,1,1,1,1,1,6,6,1,6,1,6,6,1,6,6,1,6,6,6,6,1,6,6,1,1,1,6,6,1,1,6,6,6,6,6,1,1,6,6,1,1,1,6,6,1,1,6,6,6,6,6,1,1,1,1,6,6,6,6,1,1,1,1,1,6,6,1,1,1,1,6,6,1,1,6,6,1,1,6,6,1,1,6,6,1,6,6,1,6,1,6,6,1,1,1,6,6,6,1,1,1,1,1,6,6,6,6,1,1,1,1,1,6,6,1,1,1,1,1,6,6,1,1,1,1,1,1,1,6,1,1,1,1,1,1,1,1,6,6,1,1,1,1,1,6,4,1,1,1,1,1,1,6,4,1,1,1,1,1,1,6,4,1,1,1
1,6,6,6,6,6,6,1,1,6,6,1,1,6,6,1,6,6,1,1,1,1,1,1,1,6,6,1,1,6,6,1,1,6,6,1,1,1,1,1,1,6,6,1,1,1,1,1,6,6,1,1,6,6,1,1,1,6,6,1,1,6,6,1,1,1,1,6,6,1,1,1,1,6,1,1,6,6,1,1,1,6,6,1,6,6,1,1,1,6,6,1,1,1,1,1,6,6,1,6,1,6,6,1,6,6,1,1,6,6,6,1,6,6,1,1,1,6,6,1,1,6,6,1,1,1,1,1,6,6,1,1,6,1,6,1,1,6,6,1,6,6,1,1,1,1,1,1,1,6,6,1,1,1,1,6,6,1,1,1,1,6,6,1,1,6,6,1,1,6,6,1,1,6,6,1,6,6,6,6,6,6,6,1,1,6,6,1,6,6,1,1,1,1,1,6,6,1,1,1,1,1,6,6,1,1,1,1,1,1,6,6,1,1,1,1,1,1,1,1,6,1,1,1,1,1,1,1,6,6,1,1,1,4,4,6,6,4,4,1,1,1,4,4,6,4,1,1,1,1,1,4,6,1,1,1
1,5,6,1,1,5,6,1,1,5,6,1,1,5,6,1,1,5,6,5,6,5,1,1,1,5,6,1,1,5,1,1,1,5,6,5,6,5,6,1,1,5,6,1,1,1,1,1,1,5,6,1,1,5,6,1,1,5,6,1,1,5,6,1,1,1,1,5,6,1,1,1,6,5,6,5,6,5,1,1,1,5,6,1,1,5,6,1,1,5,6,5,6,5,6,1,6,5,1,6,1,5,6,1,6,5,1,1,1,5,6,1,1,5,6,1,6,5,1,1,1,5,6,1,1,1,1,1,1,5,5,5,1,5,1,1,1,5,6,1,1,5,6,1,1,5,6,5,6,5,6,1,1,1,1,5,6,1,1,1,1,5,6,1,1,5,6,1,1,1,6,5,6,5,1,1,5,6,5,1,5,6,5,1,6,5,1,1,1,5,6,1,1,1,1,5,6,1,1,1,1,5,6,5,6,5,6,1,1,1,6,5,1,1,1,1,1,1,1,1,1,5,1,1,1,1,1,1,6,5,1,1,1,6,6,6,6,6,6,1,1,1,6,6,6,6,1,1,1,1,1,4,4,1,1,1
1,1,5,1,1,5,1,1,1,1,5,5,5,5,1,1,1,1,5,5,5,1,1,1,1,1,5,5,5,1,1,1,1,1,5,5,5,5,1,1,1,1,5,1,1,1,1,1,1,1,5,5,5,5,1,1,1,1,5,1,1,5,1,1,1,1,1,1,5,1,1,1,1,5,5,5,5,1,1,1,1,1,5,1,1,5,1,1,1,1,5,5,5,5,5,1,1,5,1,1,1,5,1,1,1,5,1,1,1,5,1,1,1,1,5,5,5,1,1,1,1,1,5,1,1,1,1,1,1,1,5,5,5,1,5,1,1,1,5,1,1,5,5,1,1,1,5,5,5,5,1,1,1,1,1,1,5,1,1,1,1,1,5,5,5,5,1,1,1,1,1,5,5,1,1,1,1,5,1,1,1,5,1,1,1,5,1,1,1,5,1,1,1,1,1,1,5,1,1,1,1,5,5,5,5,5,1,1,1,1,1,5,5,5,1,1,1,1,1,1,1,1,5,1,1,1,5,5,5,1,1,1,1,1,1,6,6,1,1,1,1,1,1,6,6,1,1,1,1,1,1,6,6,1,1,1
1,1,1,1,1,1,1,1,1,1,1,1,1,1,1,1,1,1,1,1,1,1,1,1,1,1,1,1,1,1,1,1,1,1,1,1,1,1,1,1,1,1,1,1,1,1,1,1,1,1,1,1,1,1,1,1,1,1,1,1,1,1,1,1,1,1,1,1,1,1,1,1,1,1,1,1,1,1,1,1,1,1,1,1,1,1,1,1,1,1,1,1,1,1,1,1,1,1,1,1,1,1,1,1,1,1,1,1,1,1,1,1,1,1,1,1,1,1,1,1,1,1,1,1,1,1,1,1,1,1,1,1,1,1,1,1,1,1,1,1,1,1,1,1,1,1,1,1,1,1,1,1,1,1,1,1,1,1,1,1,1,1,1,1,1,1,1,1,1,1,1,1,1,1,1,1,1,1,1,1,1,1,1,1,1,1,1,1,1,1,1,1,1,1,1,1,1,1,1,1,1,1,1,1,1,1,1,1,1,1,1,1,1,1,1,1,1,1,1,1,1,1,1,1,1,1,1,1,1,1,1,1,1,1,1,5,5,1,1,1,1,1,1,5,5,1,1,1,1,1,1,5,5,1,1,1
1,1,1,1,1,1,1,1,1,1,1,1,1,1,1,1,1,1,4,4,4,1,1,1,1,1,1,1,1,1,1,1,1,1,1,1,1,1,1,1,1,1,1,1,1,1,1,1,1,1,4,1,1,1,1,1,1,1,1,1,1,1,1,1,1,1,1,1,1,1,1,1,1,1,1,1,1,1,1,1,1,1,1,1,1,1,1,1,1,1,1,1,1,1,1,1,1,1,1,1,1,1,1,1,1,1,1,1,1,1,1,1,1,1,1,1,1,1,1,1,1,1,1,1,1,1,1,1,1,1,1,1,1,1,1,1,1,1,4,1,1,1,1,1,1,1,1,1,1,1,1,1,1,1,4,4,4,1,1,1,1,4,4,4,1,1,1,1,1,1,4,1,1,4,1,1,1,4,1,1,1,1,1,1,1,1,4,1,1,1,1,1,1,1,1,1,4,1,1,1,1,1,1,1,1,4,1,1,1,4,4,4,4,1,1,1,1,1,1,4,1,1,1,1,4,1,1,1,1,1,1,1,1,1,1,1,4,1,1,1,1,4,1,1,1,4,1,1,1,4,1,1,1,4,1,1
1,1,1,1,1,1,1,1,1,1,1,1,1,1,1,1,1,1,4,1,1,1,1,1,1,1,1,1,1,1,1,1,1,1,1,1,1,1,1,1,1,1,1,1,1,1,1,1,4,4,4,4,1,1,1,1,1,1,4,1,1,1,1,1,1,1,1,1,1,1,1,1,1,4,4,4,1,1,1,1,1,4,4,4,1,1,1,1,1,1,4,1,1,1,1,1,4,1,1,4,1,1,1,1,1,1,1,4,1,1,1,1,1,1,1,4,1,1,1,1,1,1,1,1,1,1,1,1,1,1,1,1,1,1,1,1,1,4,4,4,4,4,1,1,4,1,1,1,1,4,1,1,1,1,1,1,1,1,1,1,1,1,1,1,1,1,1,1,4,4,4,4,4,1,4,1,1,4,1,1,1,4,1,1,4,4,4,4,4,4,1,1,1,1,1,4,1,1,1,1,4,1,1,1,1,4,1,1,1,1,1,1,1,4,1,1,4,4,4,4,4,4,4,1,4,1,1,1,1,1,1,1,4,4,4,4,4,4,4,1,1,4,1,1,1,4,1,1,1,1,4,1,4,1,1,1
1,1,1,1,1,1,1,1,1,1,1,1,1,1,1,1,1,1,8,1,1,1,1,1,1,1,1,1,1,1,1,1,1,1,1,1,1,1,1,1,1,1,1,1,1,1,1,1,1,9,1,1,9,9,1,1,1,9,9,9,9,1,1,1,9,1,1,1,9,1,1,1,1,1,1,1,1,1,1,1,1,1,1,1,1,1,1,1,9,9,9,9,9,1,1,1,1,9,1,9,9,1,1,1,9,1,9,9,9,1,1,1,1,1,1,9,9,9,1,1,1,1,1,1,1,1,1,1,4,1,1,1,1,1,1,1,1,1,9,1,1,1,1,1,9,1,1,1,1,1,9,1,1,1,9,9,9,1,1,1,9,9,9,9,9,1,1,1,1,1,9,1,1,1,1,1,9,9,9,9,1,1,9,1,1,1,1,9,1,1,1,1,1,1,9,1,1,1,1,1,9,1,1,9,9,9,9,1,1,1,1,1,1,1,1,1,1,1,1,1,9,1,1,1,9,1,1,1,1,1,1,1,1,1,9,9,9,1,1,1,9,9,9,9,9,9,9,1,9,9,9,9,9,9,9,1
1,1,1,1,1,1,1,1,1,1,1,1,1,1,1,1,1,1,8,1,1,1,1,1,1,1,8,1,1,1,1,1,1,1,1,1,1,1,1,1,1,1,9,9,1,1,1,1,1,9,9,9,1,1,1,1,1,1,9,1,1,1,1,1,9,1,1,1,1,9,1,1,1,9,9,9,1,1,1,1,9,9,9,9,1,1,1,1,1,1,9,1,1,9,1,1,1,9,9,1,1,9,1,1,9,9,1,9,1,9,1,1,1,1,1,9,1,1,1,1,1,9,9,9,9,1,1,1,1,9,9,9,9,9,1,1,1,9,9,9,9,9,1,1,9,1,1,1,1,1,9,1,1,9,1,1,1,9,1,1,1,1,1,9,1,1,1,1,1,9,9,9,9,9,1,1,1,9,1,1,9,1,9,1,9,9,9,9,9,9,1,1,1,9,1,1,1,1,1,1,9,1,1,1,1,9,1,1,1,1,1,1,1,1,1,1,1,1,1,1,1,9,1,1,9,1,1,1,1,1,1,1,1,9,1,1,9,1,1,1,1,9,1,1,1,9,1,1,1,1,9,1,1,1,1,1
1,1,1,1,1,1,1,1,1,9,9,1,1,1,1,1,1,1,1,1,1,1,1,1,1,1,8,1,1,1,1,1,9,1,1,1,1,1,1,1,1,1,7,7,1,1,1,1,7,1,7,1,7,1,1,1,1,7,7,7,7,1,1,1,7,1,1,1,1,7,1,1,7,1,1,1,7,1,1,1,1,1,7,1,1,1,1,1,1,7,7,7,7,1,1,1,7,1,7,1,7,1,1,1,7,1,1,7,1,7,1,1,1,7,7,7,1,1,1,1,1,1,1,1,1,7,1,1,1,1,1,1,1,1,1,1,7,1,7,1,7,1,7,1,7,1,1,1,1,1,7,1,1,1,1,1,1,7,1,1,1,1,7,1,1,1,1,1,7,1,7,1,1,1,7,1,1,7,1,1,7,1,1,1,1,1,1,1,7,1,1,1,1,1,7,1,1,1,1,1,7,1,1,1,1,7,1,1,1,1,1,1,1,1,1,1,1,1,1,1,1,7,1,1,7,1,1,1,1,7,1,1,1,1,7,7,7,1,1,1,1,7,1,1,7,1,1,1,1,7,1,1,1,1,1,1
1,1,1,1,1,1,1,1,9,1,1,9,1,1,1,1,1,1,1,1,1,1,1,1,1,1,8,1,1,1,1,1,1,7,1,1,1,1,1,1,1,1,1,1,1,1,1,1,1,7,1,1,1,1,1,1,7,1,7,7,1,7,1,1,7,1,1,1,1,7,1,1,1,1,1,1,7,1,1,1,1,7,7,1,1,1,1,1,7,1,7,1,1,7,1,1,1,1,7,1,1,1,1,1,1,1,1,7,7,1,1,1,7,1,1,7,7,1,1,1,1,1,1,1,1,7,1,1,1,1,1,1,1,1,1,1,7,1,1,7,1,1,7,1,7,1,1,1,1,1,1,1,1,1,1,1,7,1,1,1,1,7,7,1,1,1,1,1,7,1,7,1,1,1,7,1,7,1,1,1,7,1,1,1,7,1,1,1,1,1,1,1,1,1,1,7,1,1,1,1,7,1,1,1,1,7,1,1,7,1,1,1,1,1,1,1,7,1,1,1,1,1,1,1,7,1,1,1,7,1,1,1,1,1,1,1,7,1,1,1,1,7,1,1,1,1,1,1,1,7,1,1,1,1,1,1
1,1,1,1,1,1,1,1,1,7,7,1,1,1,1,1,1,1,1,1,1,1,1,1,8,8,8,1,1,1,1,1,1,1,7,1,1,1,1,1,1,1,1,1,1,1,1,1,1,1,7,7,7,7,1,1,1,7,7,1,1,7,1,1,1,7,1,1,1,1,1,1,1,1,7,7,1,1,1,1,7,1,1,7,7,1,1,1,1,7,7,1,7,1,1,1,1,1,1,7,1,1,1,1,1,1,7,1,1,1,1,1,1,7,7,7,1,7,1,1,1,1,7,7,7,1,1,1,1,1,1,1,1,1,1,1,1,7,7,1,1,7,1,1,1,7,1,1,1,1,1,1,1,1,7,7,1,1,1,1,7,1,1,7,7,7,1,1,1,7,1,1,1,7,1,1,1,1,7,7,1,1,1,1,1,7,7,7,7,1,1,1,1,1,1,1,7,1,1,1,1,7,1,1,7,1,1,1,1,7,7,7,7,7,1,1,1,7,7,7,7,1,1,1,1,7,7,7,1,1,1,1,1,1,1,7,1,1,1,1,1,1,7,7,7,7,1,1,1,1,7,7,7,7,1,1
1,1,1,1,1,1,1,1,1,1,1,1,1,1,1,1,1,1,1,1,1,1,1,1,1,1,1,1,1,1,1,1,1,1,1,1,1,1,1,1,1,1,1,1,1,1,1,1,1,1,1,1,1,1,1,1,1,1,1,1,1,1,1,1,1,1,1,1,1,1,1,1,1,1,1,1,1,1,1,1,1,1,1,1,1,1,1,1,1,1,1,1,1,1,1,1,1,1,1,1,1,1,1,1,1,1,1,1,1,1,1,1,1,1,1,1,1,1,1,1,1,1,1,1,1,1,1,1,1,1,1,1,1,1,1,1,1,1,1,1,1,1,1,1,1,1,1,1,1,1,1,1,1,1,1,1,1,1,1,1,1,1,1,1,1,1,1,1,1,1,1,1,1,1,1,1,1,1,1,1,1,1,1,1,1,1,1,1,1,1,1,1,1,1,1,1,1,1,1,1,1,1,1,1,1,1,1,1,1,1,1,1,1,1,1,1,1,1,1,1,1,1,1,1,1,1,1,1,1,1,1,1,1,1,1,1,1,1,1,1,1,1,1,1,1,1,1,1,1,1,1,1,1,1,1,1
1,1,4,1,1,1,1,1,1,1,1,4,1,1,1,1,1,1,1,1,1,1,1,1,4,4,4,4,4,4,4,1,1,1,4,1,1,1,1,1,1,1,4,1,4,4,1,1,1,1,1,1,1,1,1,1,1,4,1,1,4,1,1,1,1,4,1,1,1,1,1,1,1,1,1,1,1,1,1,1,1,1,1,1,1,4,1,1,1,1,1,4,1,1,1,1,1,1,4,1,1,1,1,1,1,1,1,1,1,1,1,1,1,1,1,4,4,4,4,1,1,1,1,4,1,1,1,1,1,4,4,4,1,1,1,1,1,1,4,1,1,1,1,1,1,4,1,1,4,1,1,1,1,1,4,1,1,1,1,1,1,4,1,1,4,1,1,1,1,1,1,4,1,1,1,1,1,1,1,4,1,1,1,1,1,4,4,1,1,1,1,1,1,1,1,1,4,1,1,1,1,4,4,4,4,1,1,1,1,1,4,1,1,1,1,1,1,4,4,4,4,1,1,1,1,4,1,1,1,1,1,1,1,1,1,4,1,1,1,1,4,1,1,4,1,1,1,1,1,4,4,1,1,1,1,1
4,4,4,4,4,1,1,1,4,4,4,4,4,4,4,1,4,4,4,4,4,4,1,1,1,1,1,1,4,1,1,1,1,1,4,1,1,4,1,1,4,4,4,4,1,1,4,1,4,1,1,4,4,4,4,1,1,4,1,1,4,1,1,1,1,4,1,1,4,4,1,1,1,1,4,4,4,1,1,1,4,1,1,4,4,4,4,1,4,4,4,1,1,4,1,1,1,1,1,4,1,1,1,1,1,1,1,1,1,1,1,1,4,1,1,1,1,4,1,1,4,4,4,4,4,4,1,1,1,1,1,4,1,1,1,1,4,4,4,4,1,4,1,1,1,4,1,1,4,1,1,1,4,4,4,4,4,1,1,1,1,4,1,4,4,4,1,1,4,1,1,4,4,4,1,1,1,1,1,4,4,4,1,1,1,1,1,4,1,1,1,1,4,1,1,1,1,4,1,1,1,1,1,4,1,1,1,1,1,1,4,1,4,4,1,1,1,1,1,4,1,1,1,1,1,4,1,1,1,1,1,1,1,1,1,4,1,1,1,1,1,9,1,1,9,1,1,1,9,1,1,9,1,1,1,1
1,1,9,1,1,1,1,1,1,1,9,1,1,1,1,1,1,1,1,1,1,1,9,1,1,1,1,9,1,1,1,1,1,1,9,9,9,1,1,1,1,9,1,1,1,9,1,1,9,1,1,1,1,1,1,1,1,9,9,9,9,9,1,1,9,9,1,9,1,1,9,1,1,9,1,9,1,9,1,1,9,1,1,1,1,9,1,1,1,1,9,1,1,9,9,1,1,1,1,1,1,1,1,1,1,1,9,1,1,1,1,1,9,1,1,9,9,9,9,1,1,1,1,9,1,1,1,1,1,1,1,9,1,9,1,1,1,1,9,1,1,1,9,1,1,9,9,9,9,9,1,1,1,1,9,1,1,1,1,1,1,9,9,1,9,1,9,1,9,1,9,9,1,1,9,1,1,1,1,9,1,1,1,1,9,1,1,1,1,1,1,1,9,1,1,1,1,9,1,1,1,1,9,9,9,1,1,1,9,9,9,9,1,9,1,1,1,1,9,1,1,1,1,1,9,9,1,9,9,9,1,1,1,1,9,1,1,1,1,1,1,1,1,1,1,1,1,1,1,7,7,1,1,1,1,1
1,9,1,1,9,9,9,1,1,9,9,9,9,1,1,1,1,1,1,1,1,1,9,1,1,1,9,1,1,1,1,1,1,9,9,1,1,1,1,1,1,9,1,1,1,9,1,1,9,1,1,1,1,1,1,1,9,9,1,9,1,1,9,1,1,9,9,1,1,1,9,1,9,1,1,9,1,1,9,1,9,1,1,1,1,9,1,1,1,9,1,1,1,9,1,1,1,1,9,1,1,1,1,1,1,9,1,9,1,1,1,1,9,1,1,1,1,9,1,1,9,9,9,9,9,9,1,1,1,9,9,9,9,9,9,1,1,9,9,1,1,1,1,1,9,1,9,1,9,1,9,1,9,9,9,9,9,1,1,1,9,9,9,1,1,1,9,1,9,9,1,9,1,1,9,1,1,1,1,9,1,1,1,1,9,1,9,9,9,1,1,1,9,1,1,1,1,9,1,1,1,9,1,1,1,9,1,1,1,1,9,1,1,9,1,1,1,9,9,9,9,1,1,1,1,9,9,1,1,1,9,1,1,1,9,1,1,1,1,1,1,1,1,1,1,1,1,1,1,1,1,1,1,1,1,1
1,7,1,1,1,1,1,1,1,1,1,1,1,7,1,1,1,1,1,1,1,1,7,1,1,1,7,1,1,1,1,1,7,1,1,1,1,1,1,1,7,1,1,7,7,7,1,1,7,1,1,1,1,1,1,1,7,1,7,7,1,7,7,1,1,7,1,1,7,7,7,1,7,1,7,1,1,1,7,1,7,1,1,1,7,7,1,1,1,7,1,1,1,7,1,1,1,1,1,7,1,7,1,1,7,1,1,1,7,1,1,1,7,1,1,1,7,7,1,1,1,7,7,7,1,1,1,1,7,1,7,1,1,7,1,1,7,1,7,1,1,1,7,1,7,1,1,7,1,1,7,1,1,1,7,1,1,1,1,1,1,1,7,1,1,7,1,1,7,1,1,7,1,1,7,1,1,7,7,7,7,1,1,1,7,7,1,1,1,7,1,1,1,7,1,1,1,7,1,1,7,1,7,7,1,7,1,1,1,7,7,1,1,7,1,1,7,1,1,1,1,7,1,1,1,7,1,1,1,1,7,1,1,7,7,1,1,1,1,1,1,1,1,1,1,1,1,1,1,1,1,1,1,1,1,1
7,1,1,7,1,1,1,1,1,1,1,1,1,7,1,1,1,1,1,1,1,7,1,1,1,1,7,1,1,1,1,1,7,1,1,1,1,1,1,1,1,1,7,1,1,7,7,1,7,1,1,7,1,1,1,1,7,1,7,1,7,1,7,1,7,7,1,7,1,1,7,1,7,1,7,1,1,1,7,1,7,1,1,7,1,7,7,1,1,7,1,1,7,1,1,1,1,7,1,7,1,1,7,1,1,1,1,1,1,7,1,1,7,1,1,7,1,7,7,1,7,1,1,7,7,1,1,1,7,1,7,1,1,7,1,1,1,7,7,1,1,1,7,1,7,1,7,1,1,1,7,1,1,1,7,1,1,7,1,1,1,1,1,7,1,1,1,1,1,1,1,7,7,7,1,1,7,1,1,7,1,7,1,1,7,1,1,1,1,7,1,1,1,1,1,1,7,1,1,1,1,7,1,1,7,7,1,1,7,1,7,1,1,7,1,1,1,1,1,1,1,7,1,1,7,7,1,1,1,1,7,1,1,7,1,7,1,1,7,1,1,1,1,1,1,1,1,1,1,1,1,1,1,1,1,1
7,1,1,1,7,7,7,1,1,7,7,7,7,1,1,1,1,1,1,7,7,1,1,1,1,1,1,7,7,7,1,1,1,7,7,7,7,7,1,1,1,1,1,7,7,7,1,1,1,7,1,1,7,7,7,1,1,7,1,1,7,7,1,1,1,7,1,1,7,7,7,1,1,7,1,1,1,7,1,1,1,7,1,1,7,7,1,1,1,1,7,7,1,1,1,1,7,1,7,7,1,1,7,1,1,1,1,1,1,1,7,1,1,7,1,1,7,7,1,1,1,7,7,7,1,7,1,1,1,7,1,1,7,1,1,1,1,1,1,7,7,7,1,1,1,7,1,1,1,7,1,1,1,1,1,7,7,1,1,1,1,1,1,7,1,1,1,1,1,1,7,1,1,1,1,1,1,7,7,7,1,1,1,1,1,1,7,7,7,1,1,1,1,1,7,7,1,1,1,1,1,1,7,7,7,1,1,1,1,1,7,1,1,7,7,1,1,1,7,7,7,1,1,1,1,7,1,1,1,7,1,1,7,1,1,1,7,7,1,1,1,1,1,1,1,1,1,1,1,1,1,1,1,1,1,1
1,1,1,1,1,1,1,1,1,1,1,1,1,1,1,1,1,1,1,1,1,1,1,1,1,1,1,1,1,1,1,1,1,1,1,1,1,1,1,1,1,1,1,1,1,1,1,1,1,1,1,1,1,1,1,1,1,1,1,1,1,1,1,1,1,1,1,1,1,1,1,1,1,1,1,1,1,1,1,1,1,1,1,1,1,1,1,1,1,1,1,1,1,1,1,1,1,1,1,1,1,1,1,1,1,1,1,1,1,1,1,1,1,1,1,1,1,1,1,1,1,1,1,1,1,1,1,1,1,1,1,1,1,1,1,1,1,1,1,1,1,1,1,1,1,1,1,1,1,1,1,1,1,1,1,1,1,1,1,1,1,1,1,1,1,1,1,1,1,1,1,1,1,1,1,1,1,1,1,1,1,1,1,1,1,1,1,1,1,1,1,1,1,1,1,1,1,1,1,1,1,1,1,1,1,1,1,1,1,1,1,1,1,1,1,1,1,1,1,1,1,1,1,1,1,1,1,1,1,1,1,1,1,1,1,1,1,1,1,1,1,1,1,1,1,1,1,1,1,1,1,1,1,1,1,1
1,4,1,1,1,1,1,1,1,1,1,1,1,1,4,1,1,1,1,4,1,4,1,1,1,1,4,1,1,1,4,1,1,4,1,1,1,1,4,1,1,1,1,1,1,1,1,1,1,1,1,1,1,1,1,1,1,1,1,4,1,4,1,1,1,1,1,1,1,4,1,1,1,4,1,1,1,1,4,1,4,4,4,1,1,4,4,1,4,4,4,1,1,4,1,1,1,4,1,1,1,1,1,1,1,1,1,1,1,1,1,1,1,1,1,1,1,1,1,1,1,4,1,1,1,1,1,1,1,4,1,1,4,4,1,1,1,4,4,1,4,4,1,1,4,4,4,1,4,4,4,1,1,4,4,1,4,1,4,1,1,4,1,1,1,1,4,1,4,1,4,1,4,1,1,1,4,4,4,1,4,4,1,1,1,4,1,1,4,4,1,1,1,4,1,1,4,4,1,1,1,4,4,1,4,4,4,1,4,1,4,1,4,1,4,1,4,1,4,1,4,1,4,1,4,1,4,1,4,4,4,1,4,4,4,1,4,1,1,1,4,4,4,1,1,4,1,1,1,1,1,1,1,4,1,1
1,4,1,1,4,1,4,1,1,1,1,1,1,4,4,4,4,1,4,1,1,4,4,1,1,1,4,1,1,4,1,1,1,1,4,1,4,1,4,4,1,1,4,1,1,1,1,1,1,1,1,1,1,1,1,1,1,1,4,1,4,1,4,1,1,4,1,1,4,1,4,1,4,1,4,1,1,4,4,1,4,1,1,1,4,1,1,1,1,1,4,1,4,1,4,1,4,1,4,1,1,4,1,1,1,1,1,1,1,1,4,1,1,1,1,1,4,1,1,1,4,1,4,1,1,4,4,6,4,1,4,1,4,1,4,1,4,1,1,1,4,1,4,1,4,1,1,1,4,1,1,1,4,1,1,1,4,1,4,1,1,4,1,1,1,1,4,1,4,1,4,1,4,1,1,1,4,6,4,1,4,1,4,1,4,1,4,1,4,1,4,1,4,1,4,1,4,1,4,1,4,1,1,1,1,4,1,1,4,1,4,1,4,1,4,1,4,1,4,1,4,1,4,1,4,1,4,1,1,1,4,1,4,1,1,1,4,1,1,1,1,1,4,1,4,4,4,1,1,1,1,1,1,4,4,1
1,4,1,1,4,1,4,1,1,4,1,4,4,1,4,1,1,1,4,1,4,1,4,1,1,4,1,1,1,4,1,1,1,1,4,1,1,4,4,1,1,1,4,1,1,1,1,1,1,1,1,1,1,1,1,1,1,1,4,1,4,1,4,1,1,4,1,1,1,1,4,1,1,1,4,1,4,1,4,1,1,4,1,1,4,4,1,1,1,1,4,1,1,4,1,1,4,1,4,1,1,1,1,1,1,4,1,1,1,4,1,1,4,4,4,1,1,4,1,1,1,1,4,1,4,6,1,4,4,1,4,1,4,4,1,1,4,1,1,1,4,1,4,1,4,4,1,1,4,1,1,1,4,1,1,1,4,1,4,1,1,4,1,1,1,1,4,1,4,1,4,1,4,1,1,1,4,1,4,1,4,1,4,1,4,1,4,1,4,1,4,1,4,1,4,1,4,1,4,1,1,4,1,1,1,4,1,1,4,1,4,1,4,1,4,1,4,1,4,1,1,4,1,1,4,1,4,1,1,1,4,1,4,1,1,1,1,4,1,1,1,1,4,1,1,4,1,1,1,1,1,1,1,1,4,1
1,4,1,1,1,1,1,1,4,4,4,4,1,4,4,1,1,4,1,1,4,4,1,4,1,1,1,1,1,4,1,1,1,1,4,1,1,1,4,1,1,4,4,4,1,1,1,1,4,4,4,4,1,1,1,1,1,4,1,1,4,1,4,1,1,4,1,1,1,4,4,1,1,4,1,1,4,1,4,1,1,1,4,1,4,1,4,1,1,1,4,1,4,1,4,1,4,4,4,1,1,1,1,1,1,1,1,1,4,1,1,1,1,1,1,1,1,1,4,1,1,4,1,1,4,4,6,4,4,4,4,1,4,1,4,1,4,1,1,1,4,1,4,1,4,1,1,1,4,4,1,1,4,1,4,1,4,4,4,1,1,4,1,1,1,1,4,1,4,4,1,1,4,1,1,1,4,1,4,1,4,1,4,1,4,1,4,1,4,4,1,1,4,1,4,1,4,4,1,1,1,1,4,1,1,4,1,1,4,1,4,1,1,4,1,1,4,1,4,1,1,4,1,1,1,4,1,1,1,4,1,1,4,1,1,1,1,4,1,1,1,1,4,1,1,4,1,1,1,1,1,1,1,1,1,1
1,1,1,1,1,1,1,1,1,4,1,4,1,1,4,4,1,4,1,1,4,1,4,1,1,1,1,1,1,4,1,1,1,1,4,1,1,1,4,1,1,1,4,1,1,1,1,1,1,1,1,1,1,1,1,1,1,4,1,1,4,1,4,1,1,4,1,1,4,4,1,1,1,1,4,1,4,4,4,1,1,1,4,1,4,1,4,1,1,4,1,1,4,1,4,1,1,1,4,1,1,4,1,1,1,4,1,1,1,4,1,1,1,1,1,1,1,4,1,1,1,1,1,1,4,6,4,4,4,1,4,1,4,1,4,1,4,1,1,1,4,1,4,1,4,1,1,1,4,1,1,1,4,1,4,1,4,1,4,1,1,4,1,1,4,1,4,1,4,1,4,1,4,1,1,1,4,1,4,1,4,1,4,1,4,1,4,1,4,1,1,1,4,6,4,1,4,1,4,1,1,1,4,1,1,4,1,1,4,1,4,1,1,4,1,1,4,6,4,1,4,1,4,1,1,4,1,1,4,1,1,1,4,1,1,1,1,1,4,1,1,1,4,1,1,4,1,1,5,5,5,1,1,1,1,1
1,4,1,1,1,1,1,1,4,4,4,4,4,4,4,1,4,1,1,1,4,1,4,1,1,1,1,1,1,1,4,1,1,4,1,1,1,4,1,4,1,1,4,1,1,1,1,1,1,1,1,1,1,5,1,1,4,1,1,1,4,1,4,1,1,4,1,1,4,1,1,1,4,1,4,1,1,1,4,1,4,4,1,1,1,4,1,1,1,4,1,1,1,4,1,1,4,4,1,1,1,1,1,1,4,1,1,1,1,1,4,1,4,4,4,1,4,1,1,1,1,4,1,1,1,4,4,1,4,1,4,1,4,4,1,1,1,4,4,1,4,4,1,1,4,4,4,1,4,1,1,1,1,4,4,1,4,1,4,1,1,4,1,1,1,4,4,1,4,1,4,1,4,4,4,1,4,1,4,1,4,1,4,1,1,4,1,1,4,1,1,1,1,4,6,1,4,1,4,1,4,4,1,1,1,4,1,1,1,4,1,1,1,4,1,1,4,4,4,1,4,1,4,1,1,4,1,1,4,4,4,1,4,4,4,1,1,1,4,1,4,4,4,1,1,4,1,1,4,4,4,1,1,1,1,1
1,1,1,1,1,1,1,1,1,4,1,4,1,1,4,1,4,1,1,4,1,4,1,1,1,1,1,1,1,1,1,1,1,1,1,1,4,1,1,4,1,1,1,1,1,4,1,1,1,1,1,1,1,4,1,1,4,1,1,1,1,4,1,1,1,1,1,1,4,4,4,1,1,4,1,1,1,1,1,1,1,1,1,1,1,1,1,1,1,1,1,1,1,1,1,1,1,1,1,1,1,1,1,1,1,1,1,1,1,1,1,1,1,1,1,1,1,1,1,1,1,1,1,1,1,1,1,1,1,1,1,1,1,1,1,1,1,1,1,1,1,1,1,1,1,1,1,1,1,1,1,1,1,1,1,1,1,1,1,1,1,1,1,1,1,1,1,1,1,1,1,1,1,1,1,1,1,1,1,1,1,1,1,1,1,1,1,1,1,1,1,1,1,1,1,1,1,1,1,1,1,1,1,1,1,1,1,1,1,1,1,1,1,1,1,1,1,1,1,1,1,1,1,1,1,1,1,1,1,1,1,1,1,1,1,1,1,1,1,1,1,1,1,1,1,1,1,1,1,1,1,1,1,1,1,1
1,1,1,1,1,1,1,1,1,1,1,1,1,1,1,1,1,1,1,1,1,1,1,1,1,1,1,1,1,1,1,1,1,1,1,1,1,1,1,1,1,1,1,1,4,1,1,1,1,1,1,1,1,1,1,1,1,1,1,1,1,1,1,1,1,1,1,1,1,1,1,1,1,1,1,1,1,1,1,1,1,1,1,1,1,1,1,1,1,1,1,1,1,1,1,1,1,1,1,1,1,1,1,1,1,1,1,1,1,1,1,1,1,1,1,1,1,1,1,1,1,1,1,1,1,1,1,1,1,1,1,1,1,1,1,1,1,1,1,1,1,1,1,1,1,1,1,1,1,1,1,1,1,1,1,1,1,1,1,1,1,1,1,1,1,1,1,1,1,1,1,1,1,1,1,1,1,1,1,1,1,1,1,1,1,1,1,1,1,1,1,1,1,1,1,1,1,1,1,1,1,1,1,1,1,1,1,1,1,1,1,1,1,1,1,1,1,1,1,1,1,1,1,1,1,1,1,1,1,1,1,1,1,1,1,1,1,1,1,1,1,1,1,1,1,1,1,1,1,1,1,1,1,1,1,1
1,1,1,1,1,1,1,1,1,1,1,1,1,1,1,1,1,1,1,1,1,1,1,1,1,1,1,1,1,1,1,1,1,1,1,1,1,4,1,1,1,1,1,1,1,1,1,1,1,1,1,1,1,1,1,1,1,1,1,1,1,1,1,1,1,1,1,1,1,1,1,1,1,1,1,1,1,1,1,1,1,1,1,1,1,1,1,1,1,1,1,1,1,1,1,1,1,1,1,1,1,1,1,1,1,1,4,4,1,4,1,1,4,4,1,1,1,4,1,4,1,1,1,1,1,1,1,1,1,1,1,1,1,1,1,1,1,1,1,1,1,1,1,1,1,1,1,1,1,1,1,1,1,1,1,1,1,1,1,1,1,1,1,1,1,1,1,1,1,1,1,1,1,1,1,1,1,1,1,1,1,1,1,1,1,1,1,1,1,1,1,1,1,1,1,1,1,1,1,1,1,1,1,1,1,1,1,1,1,1,1,1,1,1,1,1,1,1,1,1,1,1,1,1,1,1,1,1,1,1,1,1,1,1,1,1,1,1,1,1,1,1,1,1,1,1,1,1,1,1,1,1,1,1,1,1
1,4,1,1,4,1,1,1,1,1,1,1,1,1,4,1,1,4,1,1,1,4,4,1,1,4,1,1,4,1,1,1,1,4,1,1,1,1,1,1,4,1,1,1,1,4,1,1,1,1,1,1,1,1,1,1,1,1,1,1,1,4,1,1,1,4,1,1,1,1,1,1,1,1,1,1,1,4,1,1,1,1,1,1,1,1,1,1,1,1,1,1,1,1,1,1,4,1,4,1,4,4,1,1,1,4,1,1,1,4,1,1,1,1,4,1,4,1,4,1,1,1,1,1,1,1,1,1,1,1,1,1,1,1,1,1,1,1,1,1,1,1,1,1,1,1,1,1,1,1,1,1,1,1,1,1,1,1,1,1,1,1,1,1,1,1,1,1,1,1,1,1,1,1,1,1,1,1,1,1,1,1,1,1,1,1,1,1,1,1,1,1,1,1,1,1,1,1,1,1,1,1,1,1,1,1,1,1,1,1,1,1,1,1,1,1,1,1,1,1,1,1,1,1,1,1,1,1,1,1,1,1,1,1,1,1,1,1,1,1,1,1,1,1,1,1,1,1,1,1,1,1,1,1,1,1
1,1,4,1,4,1,1,1,1,4,4,1,1,1,4,1,4,1,4,1,4,1,1,1,4,1,4,1,4,1,1,1,1,1,1,1,1,4,1,1,4,1,4,1,1,4,1,1,4,4,4,1,4,4,1,1,1,4,1,1,4,1,4,1,4,1,4,1,1,4,4,1,1,4,4,1,1,4,4,1,4,1,4,1,4,1,4,1,4,1,4,1,4,1,4,1,4,1,4,1,1,1,4,1,1,1,4,1,1,4,1,1,1,4,1,1,1,1,1,1,1,1,1,1,1,1,1,1,1,1,1,1,1,1,1,1,1,1,1,1,1,1,1,1,1,1,1,1,1,1,1,1,1,1,1,1,1,1,1,1,1,1,1,1,1,1,1,1,1,1,1,1,1,1,1,1,1,1,1,1,1,1,1,1,1,1,1,1,1,1,1,1,1,1,1,1,1,1,1,1,1,1,1,1,1,1,1,1,1,1,1,1,1,1,1,1,1,1,1,1,1,1,1,1,1,1,1,1,1,1,1,1,1,1,1,1,1,1,1,1,1,1,1,1,1,1,1,1,1,1,1,1,1,1,1,1
1,4,4,1,4,4,1,1,4,1,1,1,1,4,4,1,4,4,4,1,4,4,1,1,1,4,4,1,4,4,1,1,1,4,1,1,1,4,1,1,4,4,1,1,1,4,1,1,4,15,4,1,4,1,4,1,4,1,4,1,4,4,1,1,1,4,4,1,4,1,1,1,4,6,1,1,1,4,1,1,4,1,4,1,4,1,4,1,4,1,4,1,1,4,1,1,1,4,4,1,1,4,1,1,4,4,1,1,1,4,1,1,1,1,4,4,1,1,1,1,1,1,1,1,1,1,1,1,1,1,1,1,1,1,1,1,1,1,1,1,1,1,1,1,1,1,1,1,1,1,1,1,1,1,1,1,1,1,1,1,1,1,1,1,1,1,1,1,1,1,1,1,1,1,1,1,1,1,1,1,1,1,1,1,1,1,1,1,1,1,1,1,1,1,1,1,1,1,1,1,1,1,1,1,1,1,1,1,1,1,1,1,1,1,1,1,1,1,1,1,1,1,1,1,1,1,1,1,1,1,1,1,1,1,1,1,1,1,1,1,1,1,1,1,1,1,1,1,1,1,1,1,1,1,1,1
4,1,4,1,4,1,4,1,4,1,1,1,4,1,4,1,4,1,1,1,4,1,1,1,1,1,4,1,4,1,4,1,1,4,1,1,1,4,1,1,4,1,4,1,1,4,1,1,4,1,4,1,4,1,4,1,4,1,4,1,4,1,1,1,1,1,4,1,4,1,1,1,1,1,4,1,1,4,1,1,4,1,4,1,1,4,1,1,4,6,4,1,1,4,1,1,1,1,4,1,4,1,1,1,1,1,4,1,1,4,1,1,1,4,1,1,1,1,1,1,1,1,1,1,1,1,1,1,1,1,1,1,1,1,1,1,1,1,1,1,1,1,1,1,1,1,1,1,1,1,1,1,1,1,1,1,1,1,1,1,1,1,1,1,1,1,1,1,1,1,1,1,1,1,1,1,1,1,1,1,1,1,1,1,1,1,1,1,1,1,1,1,1,1,1,1,1,1,1,1,1,1,1,1,1,1,1,1,1,1,1,1,1,1,1,1,1,1,1,1,1,1,1,1,1,1,1,1,1,1,1,1,1,1,1,1,1,1,1,1,1,1,1,1,1,1,1,1,1,1,1,1,1,1,1,1
1,4,1,1,1,4,1,1,1,4,4,1,1,4,4,1,1,4,4,1,4,1,1,1,4,4,1,1,4,1,4,1,1,4,1,1,4,1,1,1,4,1,4,1,1,4,1,1,4,1,4,1,4,1,4,1,1,4,1,1,4,1,1,1,1,1,4,1,4,1,1,1,4,4,1,1,1,4,4,1,1,4,1,1,1,4,1,1,4,4,4,1,4,1,4,1,4,4,1,1,1,4,4,1,1,4,1,1,1,4,1,1,1,1,4,1,1,1,1,1,1,1,1,1,1,1,1,1,1,1,1,1,1,1,1,1,1,1,1,1,1,1,1,1,1,1,1,1,1,1,1,1,1,1,1,1,1,1,1,1,1,1,1,1,1,1,1,1,1,1,1,1,1,1,1,1,1,1,1,1,1,1,1,1,1,1,1,1,1,1,1,1,1,1,1,1,1,1,1,1,1,1,1,1,1,1,1,1,1,1,1,1,1,1,1,1,1,1,1,1,1,1,1,1,1,1,1,1,1,1,1,1,1,1,1,1,1,1,1,1,1,1,1,1,1,1,1,1,1,1,1,1,1,1,1,1
1,1,1,1,1,1,1,1,1,1,1,1,1,1,1,1,1,1,1,1,1,1,1,1,1,1,1,1,1,1,1,1,1,1,1,1,1,1,1,1,1,1,1,1,1,1,1,1,1,1,1,1,1,1,1,1,1,1,1,1,1,1,1,1,1,1,1,1,1,1,1,1,1,1,1,1,1,1,1,1,1,1,1,1,1,1,1,1,1,1,1,1,1,1,1,1,1,1,1,1,1,1,1,1,1,1,4,4,1,4,1,1,4,4,1,1,1,1,1,1,1,1,1,1,1,1,1,1,1,1,1,1,1,1,1,1,1,1,1,1,1,1,1,1,1,1,1,1,1,1,1,1,1,1,1,1,1,1,1,1,1,1,1,1,1,1,1,1,1,1,1,1,1,1,1,1,1,1,1,1,1,1,1,1,1,1,1,1,1,1,1,1,1,1,1,1,1,1,1,1,1,1,1,1,1,1,1,1,1,1,1,1,1,1,1,1,1,1,1,1,1,1,1,1,1,1,1,1,1,1,1,1,1,1,1,1,1,1,1,1,1,1,1,1,1,1,1,1,1,1,1,1,1,1,1,1
1,1,1,1,1,1,1,1,1,1,1,1,1,1,1,1,1,1,1,1,1,1,1,1,1,1,1,1,1,1,1,1,1,1,1,1,1,1,1,1,1,1,1,1,1,1,1,1,1,1,1,1,1,1,1,1,1,1,1,1,1,1,1,1,1,1,1,1,1,1,1,1,1,1,1,1,1,1,1,1,1,1,1,1,1,1,1,1,1,1,1,1,1,1,1,1,1,1,1,1,1,1,1,1,1,1,1,1,1,1,1,1,1,1,1,1,1,1,1,1,1,1,1,1,1,1,1,1,1,1,1,1,1,1,1,1,1,1,1,1,1,1,1,1,1,1,1,1,1,1,1,1,1,1,1,1,1,1,1,1,1,1,1,1,1,1,1,1,1,1,1,1,1,1,1,1,1,1,1,1,1,1,1,1,1,1,1,1,1,1,1,1,1,1,1,1,1,1,1,1,1,1,1,1,1,1,1,1,1,1,1,1,1,1,1,1,1,1,1,1,1,1,1,1,1,1,1,1,1,1,1,1,1,1,1,1,1,1,1,1,1,1,1,1,1,1,1,1,1,1,1,1,1,1,1,1
SpriteSpeccyBlock,0,6,32
7,0,0,7,0,1,7,0,1,7,0,1,7,0,1,7,0,1,7,0,1,7,0,1,7,0,1,7,0,1,7,0,1,7,0,1,7,0,1,7,0,1,7,0,1,7,0,1,7,0,1,7,0,1,7,0,1,7,0,1,7,0,1,7,0,1,7,0,1,7,0,1,7,0,1,7,0,1,7,0,1,7,0,1,7,0,1,7,0,1,7,0,1,7,0,1
7,0,1,7,0,1,7,0,1,7,0,1,7,0,1,7,0,1,7,0,1,7,0,1,7,0,1,7,0,1,7,0,1,7,0,1,7,0,1,7,0,1,7,0,1,7,0,1,7,0,1,7,0,1,7,0,1,7,0,1,7,0,1,7,0,1,7,0,1,7,0,1,7,0,1,7,0,1,7,0,1,7,0,1,7,0,1,7,0,1,7,0,1,7,0,1
7,0,1,7,0,1,7,0,0,7,0,0,7,0,1,7,0,1,7,0,1,7,0,1,7,0,1,7,0,1,7,0,1,7,0,1,7,0,1,7,0,1,7,0,1,7,0,1,7,0,1,7,0,1,7,0,1,7,0,1,7,0,1,7,0,1,7,0,1,7,0,1,7,0,1,7,0,1,7,0,1,7,0,1,7,0,1,7,0,1,7,0,1,7,0,1
7,0,1,7,0,1,7,0,1,7,0,1,7,0,1,7,0,1,7,0,1,7,0,1,7,0,1,7,0,1,7,0,1,7,0,1,7,0,1,7,0,1,7,0,1,7,0,1,7,0,1,7,0,1,7,0,1,7,0,1,7,0,1,7,0,1,7,0,1,7,0,1,7,0,1,7,0,1,7,0,1,7,0,1,7,0,1,7,0,1,7,0,1,7,0,1
7,0,1,7,0,1,7,0,1,7,0,1,7,0,1,7,0,1,7,0,1,7,0,1,7,0,1,7,0,1,7,0,1,7,0,1,7,0,1,7,0,1,7,0,1,7,0,1,7,0,1,7,0,1,7,0,1,7,0,1,7,0,1,7,0,1,7,0,1,7,0,1,7,0,1,7,0,1,7,0,1,7,0,1,7,0,1,7,0,1,7,0,1,7,0,1
7,0,1,7,0,1,7,0,1,7,0,1,7,0,1,7,0,1,7,0,1,7,0,1,7,0,1,7,0,1,7,0,1,7,0,1,7,0,1,7,0,1,7,0,1,7,0,1,7,0,1,7,0,1,7,0,1,7,0,1,7,0,1,7,0,1,7,0,1,7,0,1,7,0,1,7,0,1,7,0,1,7,0,1,7,0,1,7,0,1,7,0,1,7,0,1
SpriteAttribs,0,0,0,0
SpriteDataOffSet,&180
eof
