FileVersion,1
Sprites,64
Colorselector,0,45,22,0
Colorselector,1,0,0,0
Colorselector,2,86,86,86
Colorselector,3,172,172,172
Colorselector,4,255,255,255
Colorselector,5,128,0,128
Colorselector,6,55,231,255
Colorselector,7,255,0,0
Colorselector,8,0,255,64
Colorselector,9,247,121,200
Colorselector,10,130,50,0
Colorselector,11,80,30,0
Colorselector,12,67,157,13
Colorselector,13,70,83,26
Colorselector,14,138,123,72
Colorselector,15,255,197,21
Colorselector,16,255,0,255
spritebank,0
SpriteStart
SpriteBitmapBlock,0,24,24
0,0,0,0,0,0,0,0,0,0,0,0,0,0,0,0,0,0,0,0,0,0,0,0
0,0,0,0,0,0,0,0,0,0,0,0,0,0,0,0,0,0,0,0,0,0,0,0
0,0,0,0,0,0,0,0,0,0,0,0,0,0,0,0,0,0,0,0,0,0,0,0
0,0,0,0,0,0,0,0,0,0,0,0,0,0,0,0,0,0,0,0,0,0,0,0
0,0,0,0,0,0,0,0,0,0,0,0,0,0,0,0,0,0,0,0,0,0,0,0
0,0,0,0,0,0,0,0,0,0,0,0,0,0,0,0,0,0,0,0,0,0,0,0
0,0,0,0,0,0,0,0,0,0,0,0,0,0,0,0,0,0,0,0,0,0,0,0
0,0,0,0,0,0,0,0,0,0,0,0,0,0,0,0,0,0,0,0,0,0,0,0
0,0,0,0,0,0,0,0,0,0,0,0,0,0,0,0,0,0,0,0,0,0,0,0
0,0,0,0,0,0,0,0,0,0,0,0,0,0,1,1,1,1,0,0,0,0,0,0
0,0,0,0,0,0,0,0,0,0,0,0,0,1,1,3,4,1,1,1,1,0,0,0
0,0,0,0,0,0,0,0,0,0,0,0,0,1,3,4,1,1,4,4,1,1,0,0
0,0,0,0,0,0,0,0,0,0,0,0,1,1,4,1,3,4,1,4,4,1,0,0
0,0,0,0,0,0,0,0,0,0,0,1,1,4,1,1,4,1,1,1,1,1,0,0
0,0,0,0,0,0,0,0,0,0,1,1,4,4,4,4,1,1,1,1,1,0,0,0
0,0,0,0,0,0,0,0,0,0,1,4,4,4,7,4,4,4,4,4,1,1,1,1
0,0,0,0,0,0,0,0,0,1,1,4,4,4,4,4,4,4,4,4,4,1,4,3
0,0,0,0,0,0,0,0,0,1,4,4,4,4,2,4,4,4,4,4,4,4,4,4
0,0,0,0,0,0,0,0,0,1,7,4,4,2,4,4,4,4,4,4,4,4,2,1
0,0,0,0,0,0,0,0,0,1,1,1,1,1,1,4,4,4,4,4,4,4,1,1
0,0,0,0,0,0,0,0,0,0,0,0,0,0,1,1,4,4,4,4,4,1,1,0
0,0,0,0,0,0,0,0,0,0,0,0,0,0,1,1,3,4,1,3,4,1,0,0
0,0,0,0,0,0,0,0,0,0,0,0,0,0,1,4,4,1,1,4,1,1,0,0
0,0,0,0,0,0,0,0,0,0,0,0,0,0,1,1,1,1,4,4,1,0,0,0
SpriteSpeccyBlock,0,3,3
7,0,1,7,0,1,7,0,1
7,0,1,7,0,0,7,0,0
7,0,1,7,0,0,7,0,0
SpriteAttribs,0,0,0,0
SpriteBitmapBlock,1,24,24
0,0,0,0,0,0,0,0,0,0,0,0,0,0,0,0,0,0,0,0,0,0,0,0
0,0,0,0,0,0,0,0,0,0,0,0,0,0,0,0,0,0,0,0,0,0,0,0
0,0,0,0,0,0,0,0,0,0,0,0,0,0,0,0,0,0,0,0,0,0,0,0
0,0,0,0,0,0,0,0,0,0,0,0,0,0,0,0,0,0,0,0,0,0,0,0
0,0,0,0,0,0,0,0,0,0,0,0,0,0,0,0,0,0,0,0,0,0,0,0
0,0,0,0,0,0,0,0,0,0,0,0,0,0,0,0,0,0,0,0,0,0,0,0
0,0,0,0,0,0,0,0,0,0,0,0,0,0,0,0,0,0,0,0,0,0,0,0
0,0,0,0,0,0,0,0,0,0,0,0,0,0,0,0,0,0,0,0,0,0,0,0
0,0,0,0,0,0,0,0,0,0,0,0,0,0,0,0,0,0,0,0,0,0,0,0
0,0,0,0,0,0,0,0,0,0,0,0,0,1,1,1,1,1,1,1,0,0,0,0
0,0,0,0,0,0,0,0,0,0,0,0,1,1,11,11,7,13,13,1,1,1,0,0
0,0,0,0,0,0,0,0,0,0,0,1,1,11,7,7,7,7,8,8,13,1,1,0
0,0,1,1,1,1,1,1,1,0,1,1,11,7,7,8,8,7,7,8,8,13,1,1
0,1,1,2,4,4,4,4,1,1,1,11,7,7,8,1,1,8,7,8,8,8,13,1
1,1,4,4,2,1,1,1,4,1,1,11,7,8,4,4,8,7,7,8,8,8,8,13
1,4,1,1,1,4,4,1,1,4,1,7,7,7,8,8,7,7,7,8,8,8,8,13
4,4,4,4,4,1,1,4,4,1,4,7,7,7,7,7,7,7,7,8,8,8,8,8
1,1,1,1,1,1,1,1,1,4,4,4,7,7,7,7,7,7,7,8,8,8,8,8
4,4,4,4,1,1,1,1,4,1,1,4,7,7,7,7,7,7,7,8,8,8,8,13
1,4,1,1,4,4,4,4,1,1,1,4,7,7,7,7,7,7,7,8,8,8,8,13
1,4,1,1,1,1,1,1,1,1,4,11,7,7,7,7,7,7,7,8,8,8,13,1
1,1,4,1,1,1,0,1,1,4,1,1,11,7,7,7,7,7,8,8,8,13,1,1
0,1,1,4,2,1,1,1,4,1,1,1,1,11,7,7,7,8,8,13,13,1,1,0
0,0,1,1,3,4,4,4,1,1,0,0,1,1,11,11,13,13,13,1,1,1,0,0
SpriteSpeccyBlock,1,3,3
7,0,1,7,0,1,7,0,1
7,0,0,7,0,0,7,0,0
7,0,0,7,0,0,7,0,0
SpriteAttribs,1,128,0,0
SpriteBitmapBlock,2,24,24
0,0,0,0,0,0,0,0,0,0,0,0,0,0,0,0,0,0,0,0,0,0,0,0
0,0,0,0,0,0,0,0,0,0,0,0,0,0,0,0,0,0,0,0,0,0,0,0
0,0,0,0,0,0,0,0,0,0,0,0,0,0,0,0,0,0,0,0,0,0,0,0
0,0,0,0,0,0,0,0,0,0,0,0,0,0,0,0,0,0,0,0,0,0,0,0
0,0,0,0,0,0,0,0,0,0,0,0,0,0,0,0,0,0,1,1,1,1,1,1
0,0,0,0,0,0,0,0,0,0,0,0,0,0,1,1,1,1,1,3,4,4,3,1
0,0,0,0,0,0,0,0,0,0,0,1,1,1,1,3,4,4,4,4,4,4,4,4
0,0,0,0,0,0,1,1,1,1,1,1,3,4,4,4,2,2,2,2,2,2,4,4
0,0,0,0,0,1,1,3,3,4,4,4,4,2,2,2,4,4,4,4,4,4,4,3
0,0,0,0,1,1,3,4,4,2,2,2,2,4,4,4,4,4,4,4,4,3,1,1
0,0,0,1,1,3,4,2,2,4,4,4,4,4,4,4,3,1,1,1,1,1,2,1
0,0,1,1,11,11,13,13,4,4,4,4,3,3,1,1,13,13,13,13,1,2,2,2
0,1,1,7,1,11,1,1,13,1,1,1,1,1,1,13,1,13,1,1,13,1,2,1
1,1,7,1,11,1,1,1,1,11,1,2,2,1,13,1,1,1,13,1,1,8,1,1
1,7,1,1,1,1,1,11,1,1,7,1,1,8,1,1,13,1,1,1,1,1,8,1
7,1,1,1,11,1,1,1,1,1,1,7,8,1,1,1,1,1,13,1,1,1,1,8
7,1,1,1,1,11,1,1,1,1,1,7,8,1,1,1,1,13,1,1,1,1,1,8
7,1,1,1,15,15,1,1,1,1,1,7,8,1,1,1,15,15,1,1,1,1,1,8
7,1,1,15,2,2,15,1,1,1,1,7,8,1,1,15,2,2,15,1,1,1,1,8
1,11,1,15,2,15,15,1,1,1,7,1,1,8,1,15,2,2,15,1,1,1,8,1
1,1,15,2,2,15,1,1,1,7,1,1,1,1,15,2,2,15,1,1,1,8,1,1
0,1,15,2,2,15,1,1,7,1,1,0,0,1,15,2,2,15,1,1,8,1,1,0
0,1,15,2,2,15,11,7,1,1,0,0,0,1,15,2,2,15,13,8,1,1,0,0
0,1,15,15,15,1,1,1,1,0,0,0,0,1,15,15,15,1,1,1,1,0,0,0
SpriteSpeccyBlock,2,3,3
7,0,1,7,0,0,7,0,0
7,0,0,7,0,0,7,0,0
7,0,0,7,0,0,7,0,0
SpriteAttribs,2,128,0,0
SpriteBitmapBlock,3,24,24
0,0,0,0,0,0,0,0,0,0,0,0,0,0,0,0,0,0,0,0,0,0,0,0
0,0,0,0,0,0,0,0,0,0,0,0,0,0,0,0,0,0,0,0,0,0,0,0
0,0,0,0,0,0,0,0,0,0,0,0,0,0,0,0,0,0,0,0,0,0,0,0
0,0,0,0,0,0,0,0,0,0,0,0,0,0,0,0,0,0,0,0,0,0,0,0
0,0,0,0,0,0,0,0,0,0,0,0,0,0,0,0,0,0,0,0,0,0,0,0
0,0,0,0,0,0,0,0,0,0,0,0,0,0,0,0,0,0,0,0,0,0,0,0
0,0,0,0,0,0,0,0,0,0,0,0,0,0,0,0,0,0,0,0,0,0,0,0
0,0,0,0,0,0,0,0,0,0,0,0,0,0,0,0,0,0,0,0,0,0,0,0
0,0,0,0,0,0,0,0,0,0,0,0,0,0,0,0,0,0,0,0,0,0,0,0
0,0,0,0,0,0,0,0,0,0,0,0,0,0,0,0,0,0,0,0,0,0,0,0
0,0,0,1,1,1,1,1,1,1,1,1,1,0,0,0,0,0,0,0,0,0,0,0
0,1,1,1,11,11,7,8,8,8,11,11,1,1,0,0,0,0,0,0,0,0,0,0
1,1,11,7,7,7,8,8,8,8,7,7,11,1,1,0,0,0,0,0,0,0,0,0
1,11,7,7,7,8,8,8,8,7,7,7,7,13,1,1,0,0,0,0,0,0,0,0
11,7,7,7,7,8,8,8,8,7,7,7,8,8,13,1,1,0,0,0,0,0,0,0
11,7,7,7,8,8,8,8,7,7,7,7,8,8,8,13,1,1,0,0,0,0,0,0
7,7,7,7,8,8,8,8,7,7,7,7,8,8,8,8,4,1,1,1,1,1,1,1
7,7,7,7,8,8,8,8,7,7,7,7,8,8,8,8,4,4,4,4,4,4,4,4
11,7,7,7,8,8,8,8,7,7,7,7,8,8,8,8,4,1,1,1,1,1,1,1
11,7,7,7,8,8,8,8,7,7,7,7,8,8,8,13,1,1,0,0,0,0,0,0
1,11,7,7,7,8,8,8,8,7,7,7,8,8,13,1,1,0,0,0,0,0,0,0
1,1,11,7,7,8,8,8,8,7,7,7,7,13,1,1,0,0,0,0,0,0,0,0
0,1,1,11,7,7,8,8,8,8,7,7,11,1,1,0,0,0,0,0,0,0,0,0
0,0,1,1,11,11,7,8,8,8,11,11,1,1,0,0,0,0,0,0,0,0,0,0
SpriteSpeccyBlock,3,3,3
7,0,1,7,0,1,7,0,1
7,0,0,7,0,0,7,0,1
7,0,0,7,0,0,7,0,1
SpriteAttribs,3,128,0,0
SpriteBitmapBlock,4,37,24
0,0,0,0,0,0,0,0,0,1,1,5,1,1,5,1,1,0,0,0,0,0,0,0
0,0,0,0,0,0,0,0,0,1,11,5,5,11,5,11,1,1,1,0,0,0,0,0
0,0,0,0,0,0,0,0,1,1,5,11,5,5,5,5,11,1,5,1,0,0,0,0
0,0,0,1,1,1,0,0,1,5,5,5,12,12,5,5,5,5,1,0,0,0,0,0
0,0,1,1,4,1,1,0,1,1,5,7,1,1,12,5,5,11,1,0,0,0,0,0
0,1,1,4,4,4,1,0,1,1,12,7,1,12,12,5,12,5,5,1,0,0,0,0
1,1,12,12,4,4,1,0,1,12,12,12,12,1,12,12,12,5,11,1,0,0,0,0
1,4,12,12,12,1,1,1,1,1,12,12,12,12,12,12,5,5,5,1,0,0,0,0
4,4,12,12,1,8,8,1,1,1,1,12,1,8,1,12,5,5,1,0,0,0,0,0
1,4,4,1,8,8,2,2,2,2,1,1,12,1,8,5,11,5,5,1,0,0,0,0
1,1,1,1,1,8,2,2,2,2,2,1,1,12,12,5,1,1,11,1,0,0,0,0
0,0,0,0,1,1,1,1,2,2,2,2,1,2,2,1,1,1,1,0,0,0,0,0
0,0,0,0,0,0,0,1,1,1,2,2,1,1,1,12,12,1,0,0,0,0,0,0
0,0,0,1,1,1,1,1,1,1,1,1,12,1,12,12,12,1,0,0,0,0,0,0
0,0,1,1,12,12,1,12,12,12,1,12,8,8,12,8,12,1,1,0,0,0,0,0
0,0,1,12,12,12,8,12,8,1,12,8,12,12,1,1,1,12,1,0,0,0,0,0
0,0,1,12,12,1,12,1,1,1,1,1,1,1,2,2,12,12,1,0,0,0,0,0
0,0,1,1,12,1,1,1,0,0,1,2,1,2,2,2,2,8,1,0,0,0,0,0
0,1,1,2,2,2,1,1,0,0,1,2,1,1,2,12,12,12,1,0,0,0,0,0
1,1,2,1,1,1,2,1,1,1,1,1,2,2,1,2,2,12,1,0,0,0,0,0
2,2,2,2,2,2,2,2,2,1,0,1,2,2,1,2,12,8,1,0,0,0,0,0
2,1,1,1,2,1,1,1,2,1,1,1,1,1,1,1,12,1,1,0,0,0,0,0
2,1,2,1,1,2,1,2,2,1,1,2,2,1,2,2,1,2,1,0,0,0,0,0
2,1,1,2,1,1,1,1,2,1,1,2,2,2,1,2,1,2,1,0,0,0,0,0
2,2,1,1,1,2,1,2,2,1,1,1,2,2,2,1,2,2,1,0,0,0,0,0
2,2,2,2,2,2,2,2,2,1,0,1,2,2,1,2,2,1,1,0,0,0,0,0
1,1,1,1,1,1,1,1,1,1,0,1,2,2,2,2,2,1,0,0,0,0,0,0
0,0,0,0,0,0,0,0,0,0,0,1,2,2,1,2,2,1,0,0,0,0,0,0
0,0,0,0,0,0,0,0,0,0,0,1,2,2,2,2,1,1,0,0,0,0,0,0
0,0,0,0,0,0,0,0,0,0,0,1,1,2,1,2,1,0,0,0,0,0,0,0
0,0,0,0,0,0,0,0,0,0,0,0,1,2,2,2,1,0,0,0,0,0,0,0
0,0,0,0,0,0,0,0,0,0,0,0,1,2,1,2,1,0,0,0,0,0,0,0
0,0,0,0,0,0,0,0,0,0,0,0,1,2,2,2,1,0,0,0,0,0,0,0
0,0,0,0,0,0,0,0,0,0,0,0,1,1,2,2,1,0,0,0,0,0,0,0
0,0,0,0,0,0,0,0,0,0,0,1,1,1,1,1,1,0,0,0,0,0,0,0
0,0,0,0,0,0,0,0,0,0,1,1,2,2,2,2,1,0,0,0,0,0,0,0
0,0,0,0,0,0,0,0,0,0,1,2,2,2,2,2,1,0,0,0,0,0,0,0
SpriteSpeccyBlock,4,5,3
7,0,0,7,0,0,7,0,0
7,0,0,7,0,0,7,0,0
7,0,0,7,0,0,7,0,0
7,0,0,7,0,0,7,0,0
7,0,1,7,0,0,7,0,1
SpriteAttribs,4,0,1,0
SpriteBitmapBlock,5,24,24
0,1,4,4,4,1,1,0,0,0,0,0,0,0,0,0,0,0,0,0,0,0,0,0
1,1,2,1,1,4,1,1,0,0,1,1,1,1,1,0,0,0,0,0,0,0,0,0
3,3,3,1,1,1,4,1,0,1,1,6,6,6,1,1,1,1,1,0,0,0,0,0
2,1,1,3,1,1,4,1,1,1,6,8,1,1,6,6,6,6,1,1,1,0,0,0
1,1,1,1,3,4,4,4,1,1,6,8,1,6,8,6,1,1,6,6,1,0,0,0
1,1,3,4,4,4,4,4,4,1,1,6,1,6,8,1,1,6,8,6,1,1,0,0
1,3,4,4,4,4,4,1,4,4,1,1,6,8,6,1,6,6,8,6,6,1,0,0
3,4,1,1,4,4,3,1,1,4,3,1,8,6,1,1,6,8,6,1,6,1,1,0
4,1,1,4,4,4,1,1,1,3,4,1,6,1,1,6,8,6,1,1,1,6,1,0
4,8,8,4,1,1,4,1,1,1,4,1,1,1,6,8,1,1,1,6,6,6,1,1
4,4,4,1,1,1,1,1,1,3,4,1,6,6,1,1,1,6,6,8,1,1,6,1
4,1,1,4,1,0,1,4,1,4,4,1,6,1,1,6,6,8,8,1,1,1,6,1
1,4,1,1,1,1,1,1,4,4,3,1,1,6,1,8,8,1,1,1,6,6,6,1
1,1,1,1,1,4,1,4,4,4,1,1,1,6,6,6,6,6,1,6,1,1,1,6
0,0,1,4,1,3,4,4,4,1,3,3,3,1,1,6,1,1,6,1,1,8,8,6
0,0,1,1,4,4,4,4,1,3,3,1,3,3,3,1,6,1,1,1,8,1,6,6
0,0,0,1,1,1,1,1,3,3,3,1,3,3,1,3,1,6,8,8,6,6,1,6
0,0,0,0,0,1,1,1,3,1,1,3,3,1,1,3,1,1,6,6,1,1,8,6
0,0,0,0,1,1,2,2,1,3,3,3,1,1,3,3,3,1,1,6,8,8,6,6
0,0,0,0,1,2,1,1,1,2,1,3,3,3,3,3,1,3,1,1,6,6,1,1
0,0,0,0,1,2,1,1,2,1,1,1,1,3,3,1,1,3,3,1,1,1,1,0
0,0,0,0,1,1,1,2,1,1,0,0,1,2,1,3,3,3,1,1,0,0,0,0
0,0,0,0,0,0,1,1,1,0,0,0,1,2,1,1,2,1,1,0,0,0,0,0
0,0,0,0,0,0,0,0,0,0,0,0,1,1,1,1,2,1,0,0,0,0,0,0
SpriteSpeccyBlock,5,3,3
7,0,0,7,0,0,7,0,0
7,0,0,7,0,0,7,0,0
7,0,0,7,0,0,7,0,0
SpriteAttribs,5,0,0,0
SpriteBitmapBlock,6,24,32
0,0,0,0,0,0,0,0,0,0,0,0,0,0,0,0,0,0,0,0,0,0,0,0,0,0,0,0,0,0,0,0
0,0,0,0,0,1,1,1,1,1,1,1,0,0,0,0,0,0,0,0,0,0,0,0,0,0,0,0,0,0,0,0
0,0,0,0,0,1,8,1,8,1,8,1,1,0,0,0,0,0,0,0,0,0,0,0,0,0,0,0,0,0,0,0
0,0,0,1,1,1,8,8,8,8,1,5,1,1,0,0,0,0,0,0,0,0,0,0,0,0,0,0,0,0,0,0
0,1,1,1,11,5,5,5,5,1,5,1,5,1,0,0,0,0,0,0,0,0,0,0,0,0,0,0,0,0,0,0
1,1,11,5,5,5,5,5,5,5,1,1,5,1,0,0,0,0,0,0,0,0,0,0,0,0,0,0,0,0,0,0
1,5,5,5,5,5,1,1,1,1,5,5,1,1,0,0,1,1,1,1,1,1,1,1,1,0,0,0,0,0,0,0
5,11,1,5,5,5,5,4,1,5,5,5,5,1,1,1,1,11,5,5,5,5,5,11,1,1,1,1,0,0,0,0
5,5,5,5,5,5,5,4,5,5,5,5,5,1,11,5,5,5,5,5,5,5,5,5,5,5,11,1,1,1,0,0
5,5,5,5,5,5,4,4,4,5,5,5,5,11,5,5,5,5,5,5,5,5,5,8,5,8,5,5,11,1,1,0
11,5,5,5,5,5,4,8,4,5,5,5,5,11,11,5,5,5,5,8,8,8,5,4,8,4,8,5,5,5,1,1
1,5,5,5,1,1,5,5,5,5,5,5,11,5,5,5,5,5,8,4,1,4,8,4,1,1,8,5,5,5,5,1
1,11,5,1,5,5,1,5,5,5,5,11,5,5,5,5,5,8,1,4,1,1,1,1,1,4,8,5,5,5,1,5
1,1,1,1,11,5,5,11,1,1,1,5,5,5,5,5,5,8,1,1,1,4,1,4,8,4,8,5,5,5,1,5
0,0,0,1,1,1,1,1,1,1,11,5,5,5,5,5,5,5,8,4,8,4,8,8,8,8,5,5,5,11,1,5
0,0,0,0,0,0,0,0,0,1,1,5,5,5,5,5,5,5,8,8,5,8,5,5,8,5,8,5,5,1,1,5
0,0,0,0,0,0,0,0,0,0,1,11,5,5,5,5,5,5,5,8,5,8,5,8,5,8,5,5,11,1,1,5
0,0,0,0,0,0,0,0,0,0,1,1,11,5,5,11,1,11,5,5,5,5,11,5,5,5,5,11,1,1,1,1
0,0,0,0,0,0,0,0,0,0,0,1,1,5,5,5,1,1,1,1,1,1,11,11,11,5,5,1,1,0,0,0
0,0,0,0,0,0,0,0,0,0,0,0,1,11,5,5,1,0,0,0,0,1,5,11,11,5,5,1,0,0,0,0
0,0,0,0,0,0,0,0,0,0,0,0,1,11,5,5,1,0,0,0,0,1,5,11,5,5,5,1,0,0,0,0
0,0,0,0,0,0,0,0,0,0,0,1,1,5,5,5,1,0,0,0,1,1,5,11,5,5,5,1,0,0,0,0
0,0,0,0,0,0,0,0,0,0,0,1,11,5,5,11,1,0,0,0,1,5,11,11,5,5,11,1,0,0,0,0
0,0,0,0,0,0,0,0,0,0,0,1,5,5,5,11,1,0,0,0,1,5,11,5,5,5,11,1,0,0,0,0
SpriteSpeccyBlock,6,3,4
7,0,0,7,0,1,7,0,0,7,0,1
7,0,0,7,0,0,7,0,1,7,0,0
7,0,1,7,0,0,7,0,0,7,0,0
SpriteAttribs,6,0,0,0
SpriteBitmapBlock,7,14,23
3,0,0,0,3,0,0,0,3,0,0,0,3,0,0,0,3,0,0,0,3,0,0
0,0,0,0,0,0,0,0,0,0,0,0,0,2,0,0,0,0,0,0,0,0,0
3,0,0,0,3,0,0,0,3,0,0,0,3,2,2,0,3,0,0,0,3,0,0
0,0,0,0,0,0,0,0,0,0,0,0,0,0,0,2,0,0,0,0,0,0,0
3,0,0,0,3,2,2,0,3,0,0,0,3,0,0,0,3,2,2,2,3,0,0
0,0,0,2,2,0,0,0,0,0,0,0,0,0,0,0,0,0,0,0,2,0,0
3,0,0,0,3,0,0,2,3,0,0,0,3,0,0,0,3,0,0,0,3,0,0
0,0,2,2,0,0,0,0,0,2,2,0,0,0,0,0,0,0,0,2,0,0,0
3,0,2,0,3,2,0,0,3,2,0,0,3,0,0,0,3,0,0,0,3,0,0
0,2,2,0,2,0,0,2,2,0,0,0,0,0,0,0,0,2,0,0,0,0,2
3,0,0,0,3,0,0,2,3,2,2,0,3,0,0,0,3,0,0,0,3,0,0
0,0,2,0,0,0,0,0,2,1,2,0,0,0,2,0,2,0,0,0,0,0,0
3,0,0,0,3,0,2,0,3,2,1,2,3,0,0,2,3,2,0,0,3,0,2
0,0,0,0,0,0,2,0,2,0,1,0,2,2,0,1,2,0,2,2,2,0,0
SpriteSpeccyBlock,7,2,3
7,0,1,7,0,1,7,0,1
7,0,1,7,0,1,7,0,1
SpriteAttribs,7,128,0,0
SpriteBitmapBlock,8,14,22
3,0,0,0,3,0,0,0,3,0,0,0,3,0,0,0,3,0,0,0,3,0
0,0,0,0,0,0,0,0,0,0,0,0,0,0,0,0,0,0,0,0,0,0
3,0,0,0,3,0,0,0,3,0,0,0,3,0,0,0,3,2,2,0,3,0
0,0,0,0,0,2,0,0,0,0,0,0,0,0,0,0,0,0,0,2,0,0
3,0,2,2,3,2,0,0,3,0,2,0,3,0,0,0,3,0,0,0,3,0
2,2,0,0,0,0,0,0,0,0,2,2,0,0,0,2,0,0,0,0,0,2
3,0,0,0,3,0,0,0,3,0,0,0,3,0,0,0,3,0,0,0,3,2
0,0,0,0,0,0,0,0,0,2,0,0,0,0,0,0,0,0,2,0,0,0
3,0,0,0,3,0,0,0,3,0,0,0,3,0,0,0,3,0,0,0,3,2
0,0,0,0,2,0,0,0,0,0,0,0,0,0,0,2,0,0,0,0,2,2
3,0,0,0,3,2,0,0,3,0,2,2,3,0,2,1,3,0,0,0,0,0
0,0,0,0,2,1,2,0,0,0,0,0,0,0,0,2,1,2,2,0,0,0
3,2,0,0,3,2,2,0,3,2,2,0,3,2,2,2,3,0,0,0,0,0
0,0,2,2,1,2,0,0,2,2,0,0,0,0,0,0,1,2,0,0,0,0
SpriteSpeccyBlock,8,2,3
7,0,1,7,0,1,7,0,1
7,0,1,7,0,1,7,0,1
SpriteAttribs,8,128,0,0
SpriteBitmapBlock,9,13,24
3,0,0,0,3,0,0,0,3,0,0,0,3,0,0,0,3,0,0,0,3,0,0,0
0,0,0,0,0,0,0,0,0,0,0,0,0,0,0,0,0,0,2,2,0,0,0,0
3,0,0,0,3,0,0,0,3,0,0,0,3,0,0,0,3,2,2,0,3,0,0,0
0,0,0,0,0,0,2,0,0,2,2,0,0,0,0,0,0,2,0,0,0,0,0,0
3,0,0,2,3,0,0,0,3,0,0,0,3,2,0,0,2,2,0,2,0,0,0,0
0,0,0,0,0,0,0,2,0,0,0,0,0,0,0,2,0,0,0,0,0,0,0,0
3,0,0,0,3,0,0,0,3,0,0,2,3,0,0,2,2,0,0,0,0,0,0,0
0,0,0,2,0,0,0,0,0,0,0,0,0,0,0,0,0,2,2,0,0,2,0,0
3,0,0,2,3,0,0,0,2,2,2,0,3,0,0,0,0,2,0,0,3,0,0,0
0,0,2,0,0,0,2,2,0,0,0,0,0,0,2,0,2,1,1,2,0,0,0,0
0,0,2,0,0,2,1,2,0,0,0,0,0,0,0,0,1,2,2,2,0,0,2,2
0,0,2,2,0,0,1,0,0,0,2,0,0,0,2,1,1,0,2,0,0,0,0,0
0,0,0,0,0,0,1,2,0,0,0,0,0,0,0,1,0,0,2,0,0,0,0,0
SpriteSpeccyBlock,9,2,3
7,0,1,7,0,1,7,0,1
7,0,1,7,0,1,7,0,1
SpriteAttribs,9,128,0,0
SpriteBitmapBlock,10,13,22
3,0,0,0,3,0,0,0,3,0,0,0,3,0,0,0,3,0,0,0,3,0
0,0,0,0,0,0,0,0,0,0,2,2,0,0,2,2,2,0,0,0,0,0
3,2,0,0,0,0,2,2,2,0,2,0,3,0,0,0,3,0,0,0,3,0
0,0,2,2,2,2,0,0,0,0,0,0,0,0,0,0,0,0,0,2,2,0
3,0,0,0,3,2,0,0,3,0,2,0,3,0,0,0,3,0,0,0,3,0
2,0,0,0,0,2,0,0,0,0,0,0,0,0,0,0,0,0,2,0,0,0
3,0,0,0,3,0,0,0,3,0,0,0,2,2,2,0,3,0,0,0,3,0
0,2,0,0,0,0,2,0,0,0,0,0,2,0,0,0,0,0,0,0,2,0
3,0,0,0,3,2,2,2,3,0,0,0,2,0,0,0,3,0,2,0,3,0
0,0,0,0,2,1,2,0,2,0,0,0,0,0,0,2,0,2,1,2,0,0
2,2,0,0,0,1,0,0,2,2,0,0,0,0,0,0,2,1,2,2,0,0
0,0,0,0,2,1,0,0,0,2,0,0,0,0,0,0,0,1,0,0,2,2
0,0,0,0,0,1,0,0,0,0,0,0,0,0,0,0,2,1,0,0,0,0
SpriteSpeccyBlock,10,2,3
7,0,1,7,0,1,7,0,1
7,0,1,7,0,1,7,0,1
SpriteAttribs,10,128,0,0
SpriteBitmapBlock,11,24,24
0,1,1,1,1,0,1,1,1,0,0,0,0,0,0,0,1,1,8,3,1,1,4,1
0,1,4,3,1,1,1,4,1,1,0,0,0,0,0,1,1,4,4,4,1,4,1,4
1,1,8,4,1,1,4,1,4,1,0,0,0,0,0,1,4,1,1,4,4,4,1,4
1,4,1,1,4,1,4,4,1,1,0,0,0,0,0,1,1,1,1,4,4,1,4,1
4,1,1,1,3,4,1,1,1,0,1,1,1,1,1,1,3,2,1,3,4,1,1,1
1,1,0,1,1,3,4,1,0,0,1,3,2,1,1,3,1,3,1,1,3,4,1,0
0,0,0,0,1,1,3,1,0,1,1,8,3,3,1,3,1,3,1,1,1,1,1,0
0,0,0,0,0,1,1,1,1,1,3,1,2,3,3,1,3,1,1,0,0,0,0,0
0,0,0,0,0,0,0,0,1,3,1,1,1,2,3,3,1,1,0,0,0,0,0,0
0,0,0,1,1,1,1,0,1,1,1,0,1,1,2,3,1,0,0,0,1,1,1,0
0,0,0,1,4,3,1,1,1,1,1,0,0,1,1,1,1,1,1,1,1,4,1,1
0,0,1,1,8,4,1,1,4,4,1,1,0,0,1,1,8,3,1,1,4,1,4,1
0,1,1,4,1,1,4,4,1,1,4,1,0,1,1,4,4,4,1,1,4,1,4,1
0,1,4,1,1,1,4,1,4,4,3,1,0,1,4,1,1,4,4,4,1,4,1,1
0,1,1,1,1,1,3,4,1,1,1,1,1,1,1,1,1,1,3,4,4,1,1,0
1,1,8,2,1,1,1,3,1,0,0,1,3,2,1,1,1,1,1,3,4,1,0,0
1,3,3,3,1,1,1,1,1,0,1,1,8,3,1,3,3,1,1,1,1,1,0,0
3,1,1,3,1,1,3,3,1,1,1,3,1,3,3,1,1,3,1,0,0,1,1,1
1,1,2,3,1,3,1,1,3,1,3,1,1,2,3,3,3,1,1,1,1,1,4,3
0,1,2,3,3,1,3,3,1,1,1,1,1,1,2,3,1,1,4,3,1,4,1,4
0,1,1,3,3,1,1,1,1,0,0,0,0,1,1,3,1,1,8,4,1,4,1,4
0,0,1,2,3,1,0,0,0,0,0,0,0,0,1,1,1,4,1,4,4,1,4,3
0,0,1,1,1,1,0,0,0,0,0,0,0,0,0,1,4,1,1,3,4,4,1,1
0,0,0,0,0,0,0,0,0,0,0,0,0,0,0,1,1,1,1,1,3,3,4,1
SpriteSpeccyBlock,11,3,3
7,0,0,7,0,0,7,0,0
7,0,0,7,0,0,7,0,0
7,0,0,7,0,0,7,0,0
SpriteAttribs,11,0,0,0
SpriteBitmapBlock,12,40,24
0,0,0,0,0,0,0,0,0,0,0,0,0,0,0,0,0,0,0,0,0,0,0,0
0,0,0,0,0,0,0,0,0,0,0,0,0,0,0,0,0,0,0,0,0,0,0,0
0,0,0,0,0,0,0,0,0,0,0,0,0,0,0,0,0,0,0,0,0,0,0,0
0,0,0,0,0,0,0,0,0,2,2,0,0,0,0,0,0,2,2,0,0,0,0,0
0,0,0,0,0,0,0,2,2,2,0,0,0,0,0,2,2,0,0,2,2,2,2,0
0,0,0,0,0,0,0,0,0,0,0,0,0,0,0,0,0,0,0,0,0,0,2,0
0,0,0,0,0,0,0,0,0,0,0,0,0,0,0,0,0,0,0,0,0,0,0,2
0,0,0,0,0,0,0,0,0,0,0,0,0,0,0,0,0,0,0,0,0,0,0,2
0,0,0,0,0,0,0,0,0,0,0,0,0,0,0,0,0,0,0,0,0,0,0,0
0,0,0,0,0,0,0,0,0,0,0,0,2,0,0,0,0,0,2,0,0,0,0,2
0,0,0,0,0,0,0,2,2,0,0,0,0,0,0,0,0,2,0,2,0,0,0,0
0,0,0,0,0,0,0,2,0,0,0,0,0,0,0,2,2,2,0,2,2,0,0,0
0,0,0,0,0,0,0,0,2,0,0,0,0,0,0,2,1,2,0,0,0,2,2,2
0,0,0,0,0,0,0,0,2,0,0,0,0,0,2,2,1,1,0,0,0,0,0,0
0,0,0,0,0,0,0,0,2,2,0,0,0,2,2,0,0,1,2,0,2,2,2,0
0,0,0,0,0,0,0,0,0,2,2,0,0,0,0,0,0,0,2,2,2,0,2,2
0,0,0,0,2,0,0,0,0,0,2,2,2,0,0,0,0,2,2,1,0,2,2,1
0,0,0,0,2,0,0,0,0,0,0,0,2,0,0,0,0,2,1,1,2,0,0,1
0,0,0,0,2,0,0,0,0,0,0,2,2,0,0,0,2,2,1,1,2,0,0,1
0,0,0,0,0,2,2,0,0,0,2,2,1,0,0,2,0,2,1,1,1,2,0,1
0,0,0,0,0,0,2,2,2,2,2,0,1,1,1,0,0,2,2,1,1,1,0,0
0,0,0,0,0,0,0,0,2,2,0,0,0,0,1,0,0,2,0,1,1,1,1,0
0,0,0,0,0,0,0,0,0,0,2,2,0,0,0,0,0,2,0,0,1,1,1,0
0,0,0,0,0,0,0,0,0,0,0,0,0,0,0,2,2,1,1,0,1,1,1,0
0,0,0,0,0,0,0,0,0,0,0,0,0,0,0,0,0,1,1,1,0,1,1,0
0,0,0,0,0,0,0,0,0,0,0,0,0,0,0,0,0,0,0,1,1,1,1,1
0,0,0,0,0,0,0,0,0,0,0,0,0,0,0,0,0,0,0,0,0,1,1,1
0,0,0,0,0,0,0,0,0,0,0,0,0,0,0,0,0,0,0,0,0,1,1,1
0,0,0,0,0,0,0,0,0,0,0,0,0,0,0,0,0,0,0,0,0,1,1,1
0,0,0,0,0,0,0,0,0,0,0,0,0,0,0,0,0,0,0,0,0,0,1,0
0,0,0,0,0,0,0,0,0,0,0,0,0,0,0,0,0,0,0,0,0,0,1,0
0,0,0,0,0,0,0,0,0,0,0,0,0,0,0,0,0,0,0,0,0,0,1,0
0,0,0,0,0,0,0,0,0,0,0,0,0,0,0,0,0,0,0,0,0,0,1,0
0,0,0,0,0,0,0,0,0,0,0,0,0,0,0,0,0,0,0,0,0,1,1,1
0,0,0,0,0,0,0,0,0,0,0,0,0,0,0,0,0,0,0,0,1,1,1,1
0,0,0,0,0,0,0,0,0,0,0,0,0,0,0,0,0,0,0,0,1,1,1,1
0,0,0,0,0,2,0,0,0,0,0,0,0,0,0,0,0,0,0,1,1,1,1,1
0,0,0,0,0,2,0,2,0,0,0,0,0,0,0,0,0,0,1,1,1,1,1,1
0,0,0,2,2,2,2,2,0,0,0,0,0,0,0,0,2,1,1,1,1,1,1,1
0,0,0,0,2,2,2,0,0,0,0,0,0,0,0,0,2,2,1,1,2,2,1,1
SpriteSpeccyBlock,12,5,3
7,0,1,7,0,1,7,0,1
7,0,1,7,0,1,7,0,1
7,0,1,7,0,1,7,0,1
7,0,1,7,0,1,7,0,1
7,0,1,7,0,1,7,0,1
SpriteAttribs,12,192,0,0
SpriteBitmapBlock,13,48,20
0,0,0,0,0,0,1,1,1,0,1,1,1,1,1,0,0,1,1,0
0,0,0,0,0,1,0,0,0,1,0,0,0,1,1,1,1,1,1,1
0,0,0,0,0,0,1,0,0,0,0,1,0,0,0,1,0,0,1,0
0,0,0,0,0,0,1,0,0,0,1,0,0,1,0,0,0,0,0,1
0,0,0,0,0,0,1,0,1,0,0,0,1,0,0,0,0,1,1,1
0,0,0,0,0,0,1,1,0,0,1,0,0,0,1,0,0,0,1,0
0,0,0,0,0,0,1,0,0,1,0,0,0,0,0,1,0,1,1,0
0,0,0,0,0,0,1,0,1,0,0,0,1,0,0,0,0,0,1,0
0,0,0,0,0,0,0,1,0,0,0,1,0,0,1,0,0,1,0,0
0,0,0,0,0,0,1,0,1,0,0,0,1,0,0,0,0,1,0,0
0,0,0,0,0,0,0,1,0,0,1,0,0,0,0,1,0,1,0,0
0,0,0,0,0,0,1,0,1,0,0,0,0,0,1,0,0,1,0,0
0,0,0,0,0,0,1,0,0,0,0,1,0,1,0,0,0,1,0,0
0,0,0,0,0,0,1,0,0,0,1,0,0,0,0,1,0,1,0,0
0,0,0,0,0,0,0,1,0,1,0,0,0,1,0,0,1,0,0,0
0,0,0,0,0,0,1,0,0,0,0,1,1,0,0,0,1,0,0,0
0,0,0,0,0,0,0,1,1,0,0,0,0,0,1,0,1,0,0,0
0,0,0,0,0,0,0,1,0,0,0,1,0,0,0,1,0,1,0,0
0,0,0,0,0,0,1,0,1,0,0,0,0,1,0,0,0,1,0,0
0,0,0,0,0,0,1,0,0,1,0,0,0,0,0,1,0,1,0,0
0,0,0,0,0,0,1,1,0,0,1,0,1,0,0,0,1,1,0,0
0,0,0,0,0,0,1,0,1,0,0,0,0,0,1,0,1,0,0,0
0,0,0,0,0,0,1,0,0,0,0,1,0,1,0,0,1,0,0,0
0,0,0,0,0,0,1,0,0,0,1,0,0,0,1,0,1,0,0,0
0,0,0,0,0,0,0,1,1,0,0,0,0,0,0,1,0,0,0,0
0,0,0,0,0,0,0,1,0,0,1,0,0,1,0,0,1,0,0,0
0,0,0,0,0,0,1,0,1,0,0,0,1,0,0,0,1,0,0,0
0,0,0,0,0,0,1,0,0,0,1,0,0,0,1,0,1,0,0,0
0,0,0,0,0,0,1,1,0,1,0,0,0,0,0,1,1,0,0,0
0,0,0,0,0,0,1,0,0,0,0,1,0,1,0,0,1,0,0,0
0,0,0,0,0,0,0,1,1,0,0,0,0,0,0,1,0,0,0,0
0,0,0,0,0,0,1,0,0,0,1,0,1,0,0,0,1,0,0,0
0,0,0,0,0,0,1,0,1,0,0,0,0,0,1,0,1,0,0,0
0,0,0,0,0,0,1,1,0,0,0,1,0,1,0,0,1,0,0,0
0,0,0,0,0,0,1,0,0,1,0,0,0,0,0,1,1,0,0,0
0,0,0,0,0,1,1,0,0,0,0,1,0,1,0,0,1,0,0,0
0,0,0,0,0,1,0,0,1,0,0,0,0,0,1,0,1,0,0,0
0,0,0,0,0,0,1,0,0,0,1,0,1,0,0,0,1,0,0,0
0,0,0,0,1,1,0,0,0,1,0,0,0,0,0,1,0,0,0,0
0,0,0,0,1,0,0,0,0,0,0,1,0,1,0,0,1,0,0,0
0,0,0,1,1,0,0,0,1,0,0,0,0,0,0,1,0,0,0,0
0,0,0,1,0,0,1,0,0,0,0,1,1,0,0,0,1,0,0,0
0,0,1,1,1,0,0,0,0,0,1,0,0,0,1,0,1,0,0,0
0,0,1,0,0,0,0,1,1,0,0,0,1,0,0,0,1,1,0,0
0,0,1,0,0,1,0,0,0,0,1,0,0,0,1,0,0,1,0,0
0,0,1,0,1,1,0,0,1,0,0,0,0,1,0,0,0,1,1,0
0,0,0,1,0,0,1,1,0,0,1,0,0,0,1,1,1,1,0,0
0,0,0,0,0,0,0,0,1,1,0,1,1,1,1,0,0,0,0,0
SpriteSpeccyBlock,13,6,3
7,0,1,7,0,1,7,0,1
7,0,1,7,0,1,7,0,1
7,0,1,7,0,1,7,0,1
7,0,1,7,0,1,7,0,1
7,0,1,7,0,1,7,0,1
7,0,1,7,0,1,7,0,1
SpriteAttribs,13,0,0,0
SpriteBitmapBlock,14,40,24
0,0,0,0,0,0,0,0,0,0,0,0,0,0,0,0,0,0,0,0,0,0,0,0
0,0,0,0,0,0,0,0,0,0,0,0,0,0,0,0,0,0,0,0,0,0,0,0
0,0,0,0,0,0,0,0,0,0,0,0,0,0,0,0,0,0,0,0,0,0,0,0
0,0,2,2,2,2,0,0,0,2,2,0,0,0,0,0,0,0,2,2,0,0,0,0
0,0,0,0,0,0,0,0,0,0,0,2,0,0,0,0,0,0,0,2,2,0,0,0
0,0,0,0,0,0,2,0,0,0,0,0,2,0,0,0,0,0,0,0,2,0,0,0
2,2,0,0,0,0,2,2,0,0,0,0,0,0,0,0,0,2,0,0,0,2,0,0
2,2,2,0,0,0,0,0,0,0,0,0,0,0,0,0,2,2,2,0,0,0,0,0
0,0,2,0,0,0,0,0,0,2,2,0,0,0,0,0,2,0,0,0,2,0,0,0
2,2,2,0,0,0,0,0,0,0,2,0,0,0,0,0,2,0,0,0,0,2,0,0
0,1,0,0,0,0,0,2,2,0,2,0,0,0,0,2,0,0,0,0,0,2,0,0
0,1,0,0,0,0,2,2,0,0,2,0,0,0,2,1,0,0,0,0,0,2,0,0
2,0,0,2,2,2,2,0,0,0,2,0,0,2,0,1,2,0,0,0,2,2,0,0
2,2,2,2,0,0,0,0,0,0,0,2,0,0,0,1,2,0,2,2,2,0,0,0
2,0,2,2,0,2,0,0,0,0,0,2,0,0,1,2,0,2,2,2,0,0,0,2
2,0,2,2,2,0,2,2,2,0,0,2,2,0,1,0,0,0,2,0,0,0,2,2
2,2,2,0,2,2,2,0,0,2,2,0,0,0,0,0,0,0,2,0,2,2,0,0
1,1,0,0,1,1,1,0,2,1,2,2,2,0,0,0,1,1,2,2,2,2,0,0
1,1,0,2,1,1,1,0,2,1,1,2,0,0,1,1,0,2,0,2,0,2,0,0
1,1,0,2,1,1,0,0,1,2,2,2,0,0,0,2,2,0,0,0,0,2,2,2
1,1,0,1,1,1,0,1,1,2,2,2,0,0,2,2,0,1,1,0,0,0,2,2
0,1,0,0,1,0,0,1,1,1,0,2,0,0,0,1,1,1,0,0,2,2,2,0
1,1,1,0,1,0,1,1,1,2,2,2,2,0,0,0,2,2,2,2,2,2,0,0
1,1,1,0,1,0,1,1,1,1,2,2,2,0,0,2,2,0,0,0,0,0,0,0
1,1,1,0,1,1,1,1,1,0,1,1,0,0,0,0,0,0,0,0,0,0,0,0
1,1,1,0,1,1,1,1,1,1,1,0,0,0,0,0,0,0,0,0,0,0,0,0
0,1,1,1,1,1,1,1,0,0,0,0,0,0,0,0,0,0,0,0,0,0,0,0
0,1,1,1,1,1,1,0,0,0,0,0,0,0,0,0,0,0,0,0,0,0,0,0
0,0,1,1,1,1,0,0,0,0,0,0,0,0,0,0,0,0,0,0,0,0,0,0
1,1,0,1,1,1,0,0,0,0,0,0,0,0,0,0,0,0,0,0,0,0,0,0
1,1,0,1,1,1,0,0,0,0,0,0,0,0,0,0,0,0,0,0,0,0,0,0
1,0,0,1,1,1,1,0,0,0,0,0,0,0,0,0,0,0,0,0,0,0,0,0
0,0,0,1,1,1,1,0,0,0,0,0,0,0,0,0,0,0,0,0,0,0,0,0
1,1,1,1,1,1,1,0,0,0,0,0,0,0,0,0,0,0,0,0,0,0,0,0
1,1,1,1,1,1,1,1,0,0,0,0,0,0,0,0,0,0,0,0,0,0,0,0
1,1,1,1,1,1,1,1,0,0,0,0,0,0,0,0,0,0,0,0,0,0,0,0
1,1,1,1,1,1,1,1,0,0,0,0,0,0,0,0,0,0,0,0,0,2,0,0
1,1,1,1,1,1,1,1,1,0,0,0,0,0,0,0,0,0,0,2,0,2,0,2
1,1,1,1,2,1,1,1,1,1,2,0,2,0,0,0,0,0,0,0,2,2,2,0
0,0,2,2,2,2,0,2,2,2,2,2,0,0,0,0,0,0,0,0,0,0,0,0
SpriteSpeccyBlock,14,5,3
7,0,1,7,0,1,7,0,1
7,0,1,7,0,1,7,0,1
7,0,1,7,0,1,7,0,1
7,0,1,7,0,1,7,0,1
7,0,1,7,0,1,7,0,1
SpriteAttribs,14,192,0,0
SpriteBitmapBlock,15,32,21
0,0,0,0,0,0,1,1,0,1,1,1,0,1,1,1,0,0,1,0,1
0,0,0,0,0,0,0,1,1,0,0,0,1,0,0,0,1,1,0,1,0
0,0,0,0,0,0,0,0,1,0,0,1,0,0,0,1,0,0,0,0,1
0,0,0,0,0,0,0,1,0,0,1,0,0,1,0,0,1,0,0,1,0
0,0,0,0,0,0,0,0,0,1,0,0,1,0,0,1,0,0,1,0,0
0,0,0,0,0,0,0,0,1,0,0,1,0,0,0,1,0,0,1,0,0
0,0,0,0,0,0,0,1,0,0,0,1,0,0,1,0,0,0,1,0,0
0,0,0,0,0,0,0,0,1,0,0,0,0,1,0,0,0,1,0,0,0
0,0,0,0,0,0,0,0,0,1,0,0,1,0,0,1,0,0,0,0,0
0,0,0,0,0,0,0,1,0,0,1,0,0,0,1,0,1,0,1,0,0
0,0,0,0,0,0,0,0,1,0,0,0,0,0,0,1,0,1,0,0,0
0,0,0,0,0,0,0,1,0,0,0,1,1,0,0,0,0,1,0,0,0
0,0,0,0,0,0,0,0,1,0,0,0,0,0,1,0,0,0,0,0,0
0,0,0,0,0,0,0,1,0,1,0,1,0,0,0,1,0,1,0,0,0
0,0,0,0,0,0,0,1,0,0,1,0,0,0,1,0,0,1,0,0,0
0,0,0,0,0,0,0,0,1,0,0,1,0,1,0,0,1,0,0,0,0
0,0,0,0,0,0,0,1,0,1,0,0,0,0,1,0,0,1,0,0,0
0,0,0,0,0,0,0,0,1,0,1,0,1,0,0,0,1,0,0,0,0
0,0,0,0,0,0,0,0,0,1,0,0,0,1,0,1,1,0,0,0,0
0,0,0,0,0,0,0,0,1,0,0,1,0,0,1,0,0,1,0,0,0
0,0,0,0,0,0,0,1,0,0,1,0,1,0,1,0,1,0,0,0,0
0,0,0,0,0,0,0,0,1,0,0,1,0,1,0,0,0,1,0,0,0
0,0,0,0,0,0,0,1,1,0,1,0,0,1,0,1,0,1,0,0,0
0,0,0,0,0,0,0,1,0,1,0,0,1,0,0,0,1,0,0,0,0
0,0,0,0,0,0,0,1,1,1,0,1,0,0,1,0,0,1,0,0,0
0,0,0,0,0,0,1,0,0,0,1,0,1,0,0,0,1,0,0,0,0
0,0,0,0,0,0,0,1,0,1,0,0,0,1,0,0,0,1,0,0,0
0,0,0,0,0,1,0,0,0,0,1,0,0,0,1,0,1,0,0,0,0
0,0,0,0,1,0,0,1,0,1,0,0,0,1,0,0,1,0,0,0,0
0,0,0,1,1,0,0,0,1,0,0,1,0,0,0,1,0,1,0,0,0
0,0,0,1,0,0,1,0,0,1,0,1,0,0,1,0,0,0,1,0,0
0,0,0,0,1,0,0,1,1,1,1,0,1,0,1,0,1,1,0,0,0
SpriteSpeccyBlock,15,4,3
7,0,1,7,0,1,7,0,1
7,0,1,7,0,1,7,0,1
7,0,1,7,0,1,7,0,1
7,0,1,7,0,1,7,0,1
SpriteAttribs,15,64,0,0
SpriteBitmapBlock,16,8,24
0,0,0,0,0,0,0,0,0,0,0,0,0,0,0,0,0,0,0,0,0,0,0,0
0,0,0,0,0,0,0,0,0,0,0,0,0,0,0,0,0,0,0,0,1,1,1,0
0,0,1,1,1,0,0,0,0,1,1,1,0,0,0,0,0,0,0,0,1,13,1,0
0,1,1,13,1,1,1,1,1,1,13,1,0,0,1,1,1,0,0,1,1,12,1,0
0,1,8,12,1,12,1,12,1,13,1,1,1,1,1,12,1,0,1,1,12,1,1,0
0,1,1,8,12,1,12,8,13,1,1,13,1,12,1,13,1,1,1,12,1,1,12,1
0,0,1,1,8,12,8,12,1,13,1,12,1,1,8,12,13,1,12,8,1,12,8,1
0,0,1,12,1,8,12,13,12,8,12,13,1,12,1,8,12,8,1,12,8,8,1,0
SpriteSpeccyBlock,16,1,3
7,0,0,7,0,0,7,0,0
SpriteAttribs,16,0,0,0
SpriteBitmapBlock,17,8,24
0,0,0,0,0,0,0,0,0,0,0,0,0,0,0,0,0,0,0,0,0,0,0,0
0,0,0,0,0,0,0,0,0,0,0,0,0,1,1,1,0,0,0,0,0,0,0,0
0,1,1,1,1,0,0,1,1,0,0,0,1,1,13,1,0,0,0,0,0,0,0,0
0,1,12,1,12,1,1,12,1,1,1,1,1,13,1,1,1,1,0,0,1,1,1,0
0,0,1,12,13,1,1,12,1,12,1,13,1,12,1,1,12,1,0,1,12,1,12,1
0,0,1,1,12,1,12,8,12,1,1,1,13,8,12,8,1,13,1,12,8,12,1,1
0,1,12,1,8,12,8,1,12,8,12,8,12,13,8,1,13,8,1,1,8,13,1,12
0,13,8,12,13,8,12,12,1,8,1,12,8,12,8,12,8,13,8,12,13,8,12,1
SpriteSpeccyBlock,17,1,3
7,0,0,7,0,0,7,0,0
SpriteAttribs,17,0,0,0
SpriteBitmapBlock,18,8,24
0,0,0,0,0,0,0,0,0,0,0,0,0,0,0,0,0,0,0,0,0,0,0,0
0,0,0,0,0,0,1,0,1,0,0,0,0,0,0,0,0,0,0,0,0,0,0,0
0,0,0,0,0,1,12,1,12,1,0,0,0,0,0,0,0,0,0,0,0,1,0,0
0,0,0,0,0,1,1,12,1,1,0,0,0,0,0,1,0,1,0,1,1,12,1,0
0,0,0,0,1,12,1,8,12,1,1,0,1,0,1,12,1,13,1,12,1,12,1,1
0,0,1,1,12,13,8,12,1,1,12,1,12,1,12,1,1,12,1,13,12,1,12,1
0,1,8,12,13,8,12,1,12,8,1,12,8,1,8,12,13,1,12,1,13,8,13,12
0,0,1,8,13,1,8,13,8,12,13,1,13,8,1,8,13,12,1,8,12,8,12,1
SpriteSpeccyBlock,18,1,3
7,0,0,7,0,0,7,0,0
SpriteAttribs,18,0,0,0
SpriteBitmapBlock,19,8,24
0,0,0,0,0,0,0,0,0,0,0,0,0,0,0,0,0,0,0,0,0,0,0,0
0,0,0,0,0,0,0,0,0,0,0,0,0,0,0,0,0,0,0,0,0,0,0,0
0,0,0,0,0,0,0,1,0,0,0,0,0,0,0,0,0,0,0,0,0,0,0,0
0,0,0,0,1,1,1,12,1,0,0,1,0,0,0,0,0,0,1,0,0,0,0,0
0,0,0,1,1,12,1,12,1,1,1,12,1,1,0,0,0,1,12,1,0,1,0,0
0,1,1,1,12,1,12,1,1,12,1,12,1,12,1,1,1,1,12,12,1,12,1,0
0,1,12,13,1,8,13,8,1,1,12,1,13,8,1,12,1,12,8,1,8,13,1,12
0,1,1,12,13,13,8,12,12,13,8,12,13,8,12,13,13,1,8,12,13,13,12,1
SpriteSpeccyBlock,19,1,3
7,0,0,7,0,0,7,0,0
SpriteAttribs,19,0,0,0
SpriteBitmapBlock,20,16,24
0,0,0,0,0,0,0,0,0,0,0,1,13,1,0,0,0,0,0,0,0,0,0,0
0,0,0,0,0,0,0,0,0,0,0,0,1,13,1,0,0,0,0,0,0,0,0,0
0,0,0,0,0,0,0,0,1,0,0,1,1,13,1,0,0,0,0,0,0,0,0,0
0,0,0,0,0,0,0,1,13,1,1,1,12,1,1,1,0,0,0,0,0,0,0,0
0,0,0,0,0,0,0,1,12,1,12,1,1,12,1,12,1,0,0,0,0,0,0,0
0,0,0,0,0,1,0,0,1,12,12,1,1,12,1,12,1,0,0,0,0,0,0,0
0,0,0,0,1,13,1,0,1,12,1,13,1,13,12,1,1,0,0,0,0,0,0,0
0,0,0,0,1,12,1,1,1,12,1,13,1,12,1,1,12,1,0,0,0,0,0,0
0,0,0,0,0,1,12,1,12,1,1,13,1,8,1,12,13,1,0,0,1,0,1,0
0,0,0,0,0,1,12,1,1,12,1,1,12,8,1,1,12,1,0,1,12,1,13,1
0,0,0,0,1,1,8,1,13,12,1,1,1,12,1,12,8,12,1,12,1,1,1,13
0,0,1,1,13,1,12,1,12,13,1,12,1,8,12,13,12,1,12,8,12,1,13,1
0,1,13,1,12,1,8,1,12,1,12,1,13,8,12,13,8,1,1,12,1,12,1,1
0,1,12,1,8,13,8,12,8,13,12,8,12,1,8,12,8,12,12,8,1,8,12,1
0,1,1,12,8,12,8,13,12,13,8,12,8,13,8,8,12,1,13,12,8,13,8,1
0,0,1,1,12,8,12,13,13,8,12,1,12,8,13,12,1,12,13,12,13,13,8,12
SpriteSpeccyBlock,20,2,3
7,0,0,7,0,0,7,0,1
7,0,0,7,0,0,7,0,0
SpriteAttribs,20,0,0,0
SpriteBitmapBlock,21,31,24
0,0,0,0,0,1,1,4,1,1,0,0,0,0,0,0,0,0,0,0,0,0,0,0
0,0,0,0,0,1,4,4,4,1,0,0,0,0,0,0,0,0,0,0,0,0,0,0
0,0,0,0,0,1,1,4,3,1,0,0,0,0,1,1,1,1,1,1,1,0,0,0
0,0,0,0,0,0,1,1,3,1,0,0,0,1,1,11,5,5,11,11,1,1,0,0
0,0,0,0,0,0,0,1,3,1,0,0,1,1,5,5,5,5,5,5,5,1,1,0
0,0,0,0,0,0,0,1,3,1,0,0,1,5,5,5,5,5,5,5,5,5,1,1
0,0,0,0,1,1,1,1,3,1,1,0,1,5,5,9,5,9,5,5,5,5,5,1
0,0,0,1,1,12,12,12,12,12,1,1,1,1,5,5,9,5,9,5,5,5,5,11
0,0,1,1,12,12,12,12,12,12,12,1,1,1,1,5,5,9,5,9,5,5,5,11
0,1,1,12,12,12,12,15,1,12,8,12,1,1,5,11,5,5,9,5,9,5,5,5
1,1,15,15,12,12,15,15,1,12,12,8,1,5,11,5,11,5,5,9,5,5,5,11
1,15,15,12,13,12,12,12,12,12,12,12,1,12,5,11,5,11,5,5,9,5,5,1
15,15,1,1,12,13,12,12,12,12,12,12,12,12,12,12,11,5,11,5,5,5,11,1
15,1,1,1,1,12,13,12,13,12,12,12,12,8,12,12,12,11,1,1,5,11,1,1
1,1,0,0,1,1,1,1,12,13,12,12,12,12,12,7,10,12,12,1,1,1,1,0
0,0,0,0,0,0,0,1,13,12,13,12,12,10,7,11,7,12,12,12,1,1,0,0
0,0,0,0,0,0,0,1,12,13,12,13,10,7,11,7,9,7,12,12,12,1,1,0
0,0,0,0,0,0,0,1,1,12,13,12,7,11,7,11,9,7,12,8,12,12,1,1
0,0,0,0,0,0,0,0,1,1,12,13,7,7,11,9,11,7,12,12,8,12,12,1
0,0,0,0,0,0,0,0,0,1,1,10,7,11,7,9,7,11,12,12,12,12,13,1
0,0,0,0,0,0,0,0,1,1,10,7,10,7,9,7,11,7,12,12,12,13,12,1
0,0,0,0,0,0,0,1,1,10,7,11,7,10,9,11,7,7,10,12,13,12,1,1
0,0,0,0,0,0,0,1,10,7,11,7,11,9,11,7,10,7,10,13,12,1,1,0
0,0,0,0,0,0,1,1,7,11,7,11,9,11,7,11,7,10,7,12,1,1,0,0
0,0,0,0,0,1,1,7,11,7,11,9,11,7,11,7,11,7,1,1,1,0,0,0
0,0,0,0,0,1,7,11,7,11,9,11,7,11,7,11,7,1,1,0,0,0,0,0
0,0,0,0,0,1,7,7,11,7,11,7,11,7,11,7,1,1,0,0,0,0,0,0
0,0,0,0,0,1,7,11,7,11,7,11,7,11,7,1,1,0,0,0,0,0,0,0
0,0,0,0,0,1,1,7,11,7,11,7,7,7,1,1,0,0,0,0,0,0,0,0
0,0,0,0,0,0,1,1,7,7,7,10,1,1,1,0,0,0,0,0,0,0,0,0
0,0,0,0,0,0,0,0,1,1,1,1,0,0,0,0,0,0,0,0,0,0,0,0
SpriteSpeccyBlock,21,4,3
7,0,0,7,0,0,7,0,0
7,0,0,7,0,0,7,0,0
7,0,1,7,0,0,7,0,0
7,0,0,7,0,0,7,0,0
SpriteAttribs,21,0,0,0
SpriteBitmapBlock,22,32,24
0,0,0,1,0,0,1,0,0,0,0,1,0,1,0,0,0,0,0,1,0,0,1,0
0,0,1,0,0,0,0,0,1,0,0,0,0,0,0,1,0,1,0,0,0,1,0,0
0,0,0,1,0,1,0,0,0,1,0,0,0,0,0,1,0,0,1,0,0,0,1,0
0,0,1,0,1,0,0,0,1,0,0,0,0,0,1,0,0,1,0,0,0,0,0,1
0,0,0,1,0,1,0,0,0,0,0,1,0,0,0,1,0,0,1,0,0,0,1,0
0,0,1,0,1,0,0,0,0,0,1,0,0,1,0,0,0,1,0,0,0,0,0,1
0,0,0,1,0,1,0,0,1,0,0,0,0,0,0,1,0,0,1,0,0,0,1,0
0,0,1,0,1,0,0,0,0,1,0,0,0,0,1,0,0,1,0,0,0,0,0,1
0,0,0,1,0,1,0,0,0,0,0,1,0,1,0,0,1,0,0,0,0,0,1,0
0,0,1,0,0,0,1,0,1,0,0,0,1,0,0,0,0,1,0,0,0,0,0,1
0,0,1,0,1,0,0,0,0,0,0,1,0,0,1,0,1,0,0,0,0,0,1,0
0,0,0,1,0,1,0,0,0,1,0,0,0,0,0,1,0,1,0,0,0,0,0,1
0,0,1,0,0,0,1,0,0,0,1,0,0,1,0,0,1,0,0,0,0,0,1,0
0,0,0,1,1,0,0,0,1,0,0,0,0,0,0,1,0,0,0,0,0,0,0,1
0,0,1,0,0,1,0,0,0,0,0,1,0,1,0,0,1,0,0,0,0,0,1,0
0,0,0,1,0,0,1,0,0,1,0,0,0,0,0,1,0,1,0,0,0,1,0,0
0,0,1,0,1,0,0,0,0,0,1,0,0,1,0,0,1,0,0,0,0,0,1,0
0,0,0,1,0,1,0,0,1,0,0,0,0,0,0,1,0,1,0,0,0,1,0,0
0,0,1,0,1,0,0,0,0,0,0,1,0,1,0,0,1,0,0,0,0,0,1,0
0,0,0,1,0,1,0,0,0,1,0,0,0,0,0,1,0,1,0,0,0,0,0,1
0,0,1,0,1,0,0,0,0,0,1,0,0,1,0,0,1,0,0,0,0,0,1,0
0,0,0,1,0,1,0,0,1,0,0,0,0,1,0,0,0,1,0,0,0,1,0,0
0,0,1,0,1,0,0,0,0,0,0,1,0,0,1,0,1,0,0,0,1,0,0,0
0,0,1,0,0,1,0,0,0,1,0,0,0,0,0,1,0,1,0,0,0,0,1,0
0,0,0,1,1,0,0,0,0,0,0,1,0,1,0,0,1,0,0,0,1,0,0,0
0,0,0,1,0,0,0,0,0,0,1,0,0,0,1,0,0,1,0,0,0,0,1,0
0,0,0,0,1,0,0,0,1,0,0,0,0,0,0,1,0,0,0,1,1,0,0,0
0,0,0,1,0,1,0,0,0,1,0,0,0,1,0,0,1,0,0,0,0,1,0,0
0,0,0,0,1,0,0,0,0,0,0,1,0,0,1,0,0,1,0,0,0,0,1,0
0,0,0,1,0,1,0,0,0,0,0,1,0,1,0,0,0,0,0,1,0,0,0,0
0,0,1,0,1,0,0,0,0,0,0,1,0,0,1,0,0,1,0,0,0,0,0,0
0,0,0,0,0,0,0,1,0,0,1,0,0,1,0,0,0,0,1,0,0,0,0,0
SpriteSpeccyBlock,22,4,3
7,0,1,7,0,1,7,0,1
7,0,1,7,0,1,7,0,1
7,0,1,7,0,1,7,0,1
7,0,1,7,0,1,7,0,1
SpriteAttribs,22,192,0,0
SpriteBitmapBlock,23,32,24
1,0,0,0,0,0,1,0,0,0,0,1,1,0,0,0,1,0,0,0,0,0,0,1
0,0,0,1,0,0,0,1,0,0,1,0,0,1,0,0,0,1,0,0,1,0,0,0
1,0,0,0,0,0,1,0,0,0,0,0,1,0,0,0,1,0,0,0,0,1,0,1
0,0,0,1,0,0,0,1,0,0,1,0,0,1,0,0,0,1,0,0,1,0,0,0
1,0,0,0,0,0,1,0,0,0,1,0,1,0,0,0,1,0,0,0,0,0,0,1
0,0,0,1,0,0,0,1,0,0,0,1,0,1,0,0,0,1,0,0,1,0,0,0
1,0,0,0,0,0,1,0,0,0,1,0,1,0,0,0,1,0,0,0,0,0,0,1
0,0,0,1,0,0,0,1,0,0,1,0,0,1,0,0,0,1,0,0,1,0,0,0
1,0,0,0,0,0,1,0,0,0,0,1,1,0,0,0,0,0,1,0,0,0,0,1
0,0,0,1,0,0,0,1,0,0,0,1,0,1,0,0,0,1,0,0,1,0,0,0
1,0,0,0,0,0,1,0,0,0,1,0,1,0,0,0,0,0,1,0,0,0,0,1
0,0,0,1,0,0,0,1,0,0,0,1,0,1,0,0,0,1,0,0,1,0,0,0
1,0,0,0,0,0,1,0,0,0,1,0,1,0,0,0,0,0,1,0,0,0,0,1
1,0,0,0,0,0,0,1,0,0,0,1,0,1,0,0,0,1,0,0,1,0,0,0
1,0,0,0,0,0,0,1,0,0,1,0,1,0,0,0,0,0,1,0,0,0,0,1
1,0,0,0,0,0,0,1,0,0,0,1,0,1,0,0,0,1,0,0,1,0,1,0
0,0,0,1,0,0,1,0,0,0,1,0,1,0,0,0,0,0,1,0,0,0,0,1
1,0,0,0,0,0,0,1,0,0,1,0,0,1,0,0,0,1,0,0,1,0,0,0
0,1,0,0,0,0,1,0,0,0,0,1,1,0,0,0,1,0,0,0,0,0,0,1
1,0,0,0,0,0,0,1,0,0,1,0,0,1,0,0,0,1,0,0,1,0,0,0
0,1,0,0,0,0,1,0,0,0,0,1,1,0,0,0,0,1,0,0,0,0,0,1
1,0,0,0,0,0,0,1,0,0,1,0,0,1,0,0,1,0,0,0,1,0,0,0
0,0,0,1,0,0,1,0,0,0,0,1,1,0,0,0,0,1,0,0,0,0,0,1
1,0,0,0,0,0,0,1,0,0,1,0,0,1,0,0,1,0,0,0,1,0,0,0
0,0,0,1,0,0,1,0,0,0,0,1,1,0,0,0,0,1,0,0,0,0,0,1
1,0,0,0,0,0,0,1,0,0,0,1,0,1,0,0,1,0,0,0,1,0,0,0
0,0,0,1,0,0,1,0,0,0,0,1,1,0,0,0,0,1,0,0,0,0,0,1
1,0,0,0,0,1,0,0,0,0,1,0,0,1,0,0,1,0,0,0,1,0,0,0
0,0,0,1,0,0,1,0,0,0,0,1,1,0,0,0,0,1,0,0,0,0,0,1
1,0,0,0,0,1,0,0,0,0,1,0,0,1,0,0,1,0,0,0,1,0,0,0
0,0,0,1,0,0,1,0,0,1,0,0,1,0,0,0,0,1,0,0,0,0,0,1
1,0,0,0,0,0,0,1,0,1,0,0,0,1,0,0,1,0,0,0,1,0,0,0
SpriteSpeccyBlock,23,4,3
7,0,1,7,0,1,7,0,1
7,0,1,7,0,1,7,0,1
7,0,1,7,0,1,7,0,1
7,0,1,7,0,1,7,0,1
SpriteAttribs,23,192,0,0
SpriteBitmapBlock,24,16,11
0,0,0,0,0,0,0,1,1,0,0
0,0,0,0,0,0,1,15,15,1,0
0,0,0,0,0,1,4,4,15,14,1
0,0,0,0,0,1,15,15,14,15,1
0,0,0,0,0,1,4,15,15,14,1
0,0,0,0,0,1,15,15,14,15,1
0,0,0,0,0,1,4,15,15,4,1
0,0,0,0,0,1,15,15,14,15,1
0,0,0,0,0,1,4,15,15,4,1
0,0,0,0,0,1,15,15,14,15,1
0,0,0,0,0,1,15,15,15,4,1
0,0,0,0,0,1,15,15,14,15,1
0,0,0,0,0,1,4,4,15,14,1
0,0,0,0,0,1,15,15,15,15,1
0,0,0,0,0,0,1,15,15,1,0
0,0,0,0,0,0,0,1,1,0,0
SpriteSpeccyBlock,24,2,2
7,0,1,7,0,0
7,0,0,7,0,0
SpriteAttribs,24,0,0,0
SpriteBitmapBlock,25,24,24
0,0,0,0,0,0,0,0,0,0,0,0,0,0,0,0,0,0,0,0,0,0,0,0
0,0,0,0,0,0,0,0,0,0,0,0,0,0,0,0,0,0,0,0,0,0,0,0
0,0,0,0,0,0,0,0,0,0,1,1,1,1,1,0,0,0,0,0,0,0,0,0
0,0,0,0,0,0,0,1,1,1,1,4,1,4,1,1,0,0,0,0,0,0,0,0
0,0,0,0,1,1,1,1,4,1,4,1,1,1,4,1,1,1,1,1,0,0,0,0
0,0,1,1,1,4,1,4,1,1,1,1,1,4,1,1,4,1,4,1,1,1,0,0
0,1,1,4,1,1,1,1,1,4,1,4,4,4,1,1,1,1,1,1,4,1,1,0
0,1,4,1,1,0,1,1,1,4,4,1,1,4,1,4,1,0,0,1,1,1,4,1
0,1,1,4,1,1,1,4,4,4,4,4,1,4,4,1,1,1,1,1,1,4,1,1
0,1,4,1,1,4,1,1,1,1,1,4,4,8,12,1,1,4,1,4,1,1,4,1
0,1,1,1,1,1,1,4,1,4,1,1,4,8,4,1,4,1,1,1,1,1,1,1
0,1,4,1,4,1,1,1,1,1,1,4,8,4,12,1,1,1,1,4,1,1,4,1
0,1,1,4,1,4,1,1,4,1,1,1,4,8,8,4,1,4,4,1,1,1,1,1
0,1,4,4,1,4,1,4,8,4,8,8,8,4,4,8,12,8,4,1,0,1,4,1
0,1,1,1,4,1,1,4,1,8,4,8,4,8,4,8,8,8,8,1,1,1,1,1
0,1,4,1,1,1,1,4,8,1,4,1,8,8,8,8,4,8,8,4,4,1,4,1
0,1,1,1,0,0,1,1,4,4,1,1,4,8,8,4,1,1,4,4,1,1,1,1
0,1,4,1,0,0,0,1,4,1,4,1,8,8,4,4,1,4,1,1,4,1,4,1
0,1,1,1,0,0,1,1,4,1,1,4,4,8,8,4,1,1,4,1,4,1,1,1
0,1,4,1,1,0,1,4,1,1,1,1,8,1,8,4,1,4,1,4,1,1,4,1
0,1,1,4,1,1,1,1,1,0,0,1,4,1,1,1,1,1,1,1,1,4,1,1
0,0,1,1,1,4,1,4,1,1,1,1,1,1,1,1,1,4,1,4,1,1,1,0
0,0,0,0,1,1,1,1,1,4,1,1,4,1,4,1,4,1,1,1,1,0,0,0
0,0,0,0,0,0,0,0,1,1,1,4,1,4,1,1,1,1,0,0,0,0,0,0
SpriteSpeccyBlock,25,3,3
7,0,1,7,0,1,7,0,1
7,0,1,7,0,1,7,0,1
7,0,1,7,0,1,7,0,1
SpriteAttribs,25,0,0,0
SpriteBitmapBlock,26,24,24
0,0,0,0,0,0,0,0,0,0,0,0,0,0,0,0,0,0,0,0,0,0,0,0
0,0,0,0,0,0,0,0,0,0,0,0,0,0,0,0,0,0,0,0,0,0,0,0
0,0,0,0,0,0,0,0,0,0,1,1,1,1,1,0,0,0,0,0,0,0,0,0
0,0,0,0,0,0,0,1,1,1,1,4,1,4,1,1,0,0,0,0,0,0,0,0
0,0,0,0,1,1,1,1,4,1,4,1,1,1,4,1,1,1,1,1,0,0,0,0
0,0,1,1,1,4,1,4,1,1,1,1,1,4,1,1,4,1,4,1,1,1,0,0
0,1,1,4,1,1,1,1,1,4,1,4,4,4,1,1,1,1,1,1,4,1,1,0
0,1,4,1,1,0,1,1,1,4,4,1,1,4,1,4,1,0,0,1,1,1,4,1
0,1,1,4,1,1,1,4,4,4,4,4,1,4,4,1,1,1,1,1,1,4,1,1
0,1,4,1,1,4,1,1,1,1,1,4,4,1,1,1,1,4,1,4,1,1,4,1
0,1,1,1,1,1,1,4,1,4,7,10,4,7,4,1,4,1,1,1,1,1,1,1
0,1,4,1,4,1,1,1,1,1,7,4,7,4,7,1,1,1,1,4,1,1,4,1
0,1,1,4,1,4,1,1,4,7,1,7,4,7,7,4,1,4,4,1,1,1,1,1
0,1,4,4,1,4,1,4,1,4,7,1,7,4,4,1,1,1,4,1,0,1,4,1
0,1,1,1,4,1,1,4,1,1,4,7,4,1,4,1,1,1,1,1,1,1,1,1
0,1,4,1,1,1,1,4,7,7,4,1,1,1,1,7,4,1,1,4,4,1,4,1
0,1,1,1,0,0,1,7,4,4,7,1,4,1,7,4,10,7,4,4,1,1,1,1
0,1,4,1,0,1,1,7,4,7,4,7,1,1,4,4,7,4,7,1,4,1,4,1
0,1,1,1,0,1,7,1,4,7,7,4,4,7,1,4,7,7,4,1,4,1,1,1
0,1,4,1,1,1,1,4,1,7,7,1,1,1,7,4,7,4,1,4,1,1,4,1
0,1,1,4,1,1,1,1,7,1,1,1,4,1,1,7,1,1,1,1,1,4,1,0
0,0,1,1,1,4,1,4,1,1,1,1,1,1,1,1,1,4,1,4,1,1,1,0
0,0,0,0,1,1,1,1,1,4,1,1,4,1,4,1,4,1,1,1,1,0,0,0
0,0,0,0,0,0,0,0,1,1,1,4,1,4,1,1,1,1,0,0,0,0,0,0
SpriteSpeccyBlock,26,3,3
7,0,1,7,0,1,7,0,1
7,0,1,7,0,1,7,0,1
7,0,1,7,0,1,7,0,1
SpriteAttribs,26,0,0,0
SpriteBitmapBlock,27,24,24
0,0,0,0,0,0,0,0,0,0,0,0,0,0,0,0,0,0,0,0,0,0,0,0
0,0,0,0,0,0,0,0,0,0,0,0,0,0,0,0,0,0,0,0,0,0,0,0
0,0,0,0,0,0,0,0,0,0,1,1,1,1,1,0,0,0,0,0,0,0,0,0
0,0,0,0,0,0,0,1,1,1,1,4,1,4,1,1,0,0,0,0,0,0,0,0
0,0,0,0,1,1,1,1,4,1,4,1,1,1,4,1,1,1,1,1,0,0,0,0
0,0,1,1,1,4,1,4,1,1,1,1,1,4,1,1,4,1,4,1,1,1,0,0
0,1,1,4,1,1,1,1,1,4,1,4,4,4,1,1,1,1,1,1,4,1,1,0
0,1,4,1,1,0,1,1,1,4,4,1,1,4,1,4,1,0,0,1,1,1,4,1
0,1,1,4,1,1,1,4,4,4,4,4,6,4,4,1,1,1,1,1,1,4,1,1
0,1,4,1,1,4,1,1,1,1,1,4,4,1,1,1,1,4,1,4,1,1,4,1
0,1,1,1,1,1,1,4,1,4,1,6,4,6,4,1,4,1,1,1,1,1,1,1
0,1,4,1,4,1,1,1,1,1,1,4,6,4,1,1,1,1,1,4,1,1,4,1
0,1,1,4,1,4,1,6,4,6,6,6,4,6,6,4,6,4,4,1,1,1,1,1
0,1,4,4,1,4,1,4,6,4,6,6,6,4,4,6,6,6,4,1,0,1,4,1
0,1,1,1,4,1,1,4,1,6,4,6,4,6,4,6,6,1,1,1,1,1,1,1
0,1,4,1,1,1,1,4,1,1,4,3,6,3,6,3,4,1,1,4,4,1,4,1
0,1,1,1,0,0,1,1,4,4,3,6,4,6,3,4,1,1,4,4,1,1,1,1
0,1,4,1,0,0,0,1,4,3,4,3,1,1,4,4,6,4,1,1,4,1,4,1
0,1,1,1,0,0,1,1,4,6,3,4,4,1,1,4,3,1,4,1,4,1,1,1
0,1,4,1,1,0,1,4,1,1,1,1,1,1,1,4,1,4,1,4,1,1,4,1
0,1,1,4,1,1,1,1,1,0,0,1,4,1,1,1,1,1,1,1,1,4,1,0
0,0,1,1,1,4,1,4,1,1,1,1,1,1,1,1,1,4,1,4,1,1,1,0
0,0,0,0,1,1,1,1,1,4,1,1,4,1,4,1,4,1,1,1,1,0,0,0
0,0,0,0,0,0,0,0,1,1,1,4,1,4,1,1,1,1,0,0,0,0,0,0
SpriteSpeccyBlock,27,3,3
7,0,1,7,0,1,7,0,1
7,0,1,7,0,1,7,0,1
7,0,1,7,0,1,7,0,1
SpriteAttribs,27,0,0,0
SpriteBitmapBlock,28,14,23
0,0,0,0,0,0,0,0,0,0,0,0,0,0,0,0,0,0,0,0,0,0,0
0,0,0,0,0,0,0,0,0,0,0,0,0,0,0,0,0,0,0,0,0,0,0
0,0,0,0,0,0,0,0,0,0,0,0,2,2,2,0,0,0,0,0,2,0,0
0,0,0,0,2,2,0,0,0,0,0,0,0,0,0,0,0,0,0,0,0,0,0
0,0,0,0,0,0,2,2,0,0,0,0,0,0,0,0,0,0,2,0,0,0,0
0,0,0,0,0,0,0,0,0,0,0,0,0,0,0,0,2,2,0,2,2,0,0
0,0,0,0,0,0,0,0,0,0,0,0,0,0,0,0,0,0,0,0,0,0,0
0,0,0,0,0,0,0,0,0,0,0,0,0,0,0,0,0,0,0,0,0,0,0
0,0,0,0,0,0,0,0,0,0,0,0,0,0,0,0,0,0,0,0,0,0,0
0,0,0,0,0,0,0,0,0,0,2,0,0,0,2,2,2,0,0,2,0,0,0
0,0,0,0,0,0,0,0,0,0,2,0,2,0,0,0,0,0,0,0,0,0,2
0,2,0,0,0,0,0,0,2,0,0,0,2,2,0,0,0,0,0,0,0,2,0
0,0,2,0,0,0,0,0,0,0,0,0,0,0,2,0,0,0,0,2,2,2,0
0,0,0,2,2,2,0,0,0,0,0,0,0,0,0,0,2,2,2,2,0,0,0
SpriteSpeccyBlock,28,2,3
7,0,1,7,0,1,7,0,1
7,0,1,7,0,1,7,0,1
SpriteAttribs,28,128,0,0
SpriteBitmapBlock,29,16,24
0,0,0,0,0,0,0,0,0,0,0,0,0,0,0,0,0,0,0,0,0,0,0,0
0,0,0,0,0,0,0,0,0,0,0,0,0,0,0,0,0,0,0,0,0,0,0,0
0,0,0,0,0,0,0,0,0,0,0,0,0,0,0,0,0,0,0,0,0,0,0,0
0,0,1,1,1,1,1,0,0,0,0,0,0,0,0,0,0,1,1,1,1,1,0,0
0,1,1,7,7,7,1,1,0,1,1,1,1,1,1,0,1,1,8,8,8,1,1,0
1,1,7,1,11,1,7,1,1,1,4,4,4,4,1,1,1,8,13,1,1,8,1,1
1,7,1,1,1,1,1,7,1,4,4,4,4,2,4,1,8,1,1,1,1,1,8,1
7,1,1,1,11,1,1,1,4,4,4,4,2,2,4,4,1,1,13,1,1,1,1,8
7,1,1,1,1,11,1,1,2,2,4,4,2,4,4,4,1,13,1,1,1,1,1,8
7,1,1,1,15,15,1,1,4,4,2,4,2,2,4,15,2,15,1,1,1,1,1,8
7,1,1,15,2,2,15,1,4,4,4,2,4,2,2,15,2,2,15,1,1,1,8,1
1,11,1,15,2,2,15,11,1,4,4,2,4,4,15,2,2,2,15,1,1,8,1,1
1,1,15,2,2,15,11,1,1,1,4,2,4,4,15,2,2,15,12,12,8,1,1,0
0,1,15,2,2,15,1,1,0,1,1,1,1,1,15,2,2,15,1,1,1,1,0,0
0,1,15,2,2,15,1,0,0,0,0,0,0,1,15,2,2,15,1,0,0,0,0,0
0,1,15,15,15,1,1,0,0,0,0,0,0,1,15,15,15,1,1,0,0,0,0,0
SpriteSpeccyBlock,29,2,3
7,0,0,7,0,0,7,0,0
7,0,0,7,0,0,7,0,0
SpriteAttribs,29,128,0,0
spritebank,1
SpriteStart
SpriteBitmapBlock,0,23,24
0,0,0,0,1,7,3,4,4,4,4,3,3,1,1,1,1,1,0,0,0,0,0,0
0,0,0,0,1,1,4,4,4,4,4,4,4,4,4,4,3,1,1,1,0,0,0,0
0,0,0,1,1,3,4,4,4,4,4,4,4,4,4,7,4,4,4,1,1,0,0,0
0,0,1,1,3,1,1,1,1,3,1,1,4,4,4,4,4,1,1,4,1,1,1,0
0,0,1,3,1,1,0,1,1,3,1,1,3,1,1,4,4,4,1,1,4,4,1,1
0,0,1,1,1,0,0,1,3,1,1,1,3,1,1,4,1,4,4,1,1,1,4,1
0,0,0,0,0,0,0,1,3,1,0,1,3,1,1,4,4,1,4,1,0,1,4,1
0,0,0,0,0,0,0,1,1,1,0,1,1,1,1,4,4,1,4,1,1,1,1,1
0,0,0,0,0,0,1,1,1,1,0,0,0,0,1,4,4,1,1,4,1,0,0,0
1,1,1,1,1,1,1,11,11,1,1,1,0,0,1,1,4,4,1,1,1,0,0,0
11,7,7,7,1,11,7,7,7,7,11,1,1,0,0,1,4,4,1,0,0,0,0,0
7,11,1,11,7,7,7,11,11,7,7,7,1,1,1,1,4,4,1,0,0,0,0,0
1,1,1,1,1,1,1,1,1,1,1,7,7,11,1,1,4,4,1,0,0,0,0,0
0,0,0,0,0,0,0,1,1,1,1,1,11,7,7,4,4,1,1,1,1,0,0,0
0,0,0,0,0,0,0,1,3,1,0,1,3,1,7,4,4,4,4,3,1,1,0,0
0,0,1,1,1,0,0,1,3,1,1,1,3,1,7,4,4,4,4,4,4,1,1,0
0,0,1,3,1,1,0,1,1,3,1,1,3,1,1,4,4,4,4,4,4,4,1,1
0,0,1,1,3,1,1,0,1,3,1,4,4,4,4,4,4,4,4,4,4,4,4,4
0,0,0,1,1,3,1,1,1,4,4,4,1,1,1,4,4,4,4,4,4,4,4,3
0,0,0,0,1,1,4,4,4,4,4,1,1,0,1,1,4,4,4,4,4,1,1,1
0,0,0,0,0,1,1,1,1,1,1,1,0,0,1,1,3,4,1,4,4,1,0,0
0,0,0,0,0,0,0,0,0,0,0,0,0,0,1,4,4,1,1,4,1,1,0,0
0,0,0,0,0,0,0,0,0,0,0,0,0,0,1,1,1,1,4,4,1,0,0,0
SpriteSpeccyBlock,0,3,3
7,0,0,7,0,0,7,0,0
7,0,0,7,0,0,7,0,0
7,0,0,7,0,0,7,0,0
SpriteAttribs,0,0,0,0
SpriteBitmapBlock,1,24,24
0,0,0,0,0,0,0,0,0,0,0,0,0,0,0,0,0,0,0,0,0,0,0,0
0,0,0,0,0,0,0,0,0,0,0,0,0,0,0,0,0,0,0,0,0,0,0,0
0,0,0,0,0,0,0,0,0,0,0,0,0,0,0,0,0,0,0,0,0,0,0,0
0,0,0,0,0,0,0,0,0,0,0,0,0,0,0,0,0,0,0,0,0,0,0,0
0,0,0,0,0,0,0,0,0,0,0,0,0,0,0,0,0,0,0,0,0,0,0,0
0,0,0,0,0,0,0,0,0,0,0,0,0,0,0,0,0,0,0,0,0,0,0,0
0,0,0,0,0,0,0,0,0,0,0,0,0,0,0,0,0,0,0,0,0,0,0,0
0,0,0,0,0,0,0,0,0,0,0,0,0,0,0,0,0,0,0,0,0,0,0,0
0,0,0,0,0,0,0,0,0,0,0,0,0,0,0,0,0,0,0,0,0,0,0,0
0,0,0,0,0,0,0,0,0,0,0,0,0,1,1,1,1,1,1,1,0,0,0,0
0,0,0,0,0,0,0,0,0,0,0,0,1,1,11,11,7,13,13,1,1,1,0,0
0,0,0,0,0,0,0,0,0,0,0,1,1,11,7,7,7,7,8,8,13,1,1,0
0,0,0,0,0,0,0,0,0,0,1,1,11,7,7,7,7,7,7,8,8,13,1,1
0,0,1,1,1,1,1,1,1,1,1,11,7,7,8,8,8,8,7,8,8,8,13,1
0,1,1,2,4,4,4,4,2,1,1,11,7,8,4,4,1,8,7,8,8,8,8,13
1,1,4,4,2,1,1,1,3,4,1,7,7,8,4,1,8,7,7,8,8,8,8,13
1,4,1,1,4,4,4,1,1,1,2,7,7,7,8,8,7,7,7,8,8,8,8,8
4,4,4,4,2,1,1,3,3,4,4,4,7,7,7,7,7,7,7,8,8,8,8,8
1,4,2,2,4,4,4,4,4,1,1,4,7,7,7,7,7,7,7,8,8,8,8,13
1,4,1,1,1,1,1,1,1,1,4,7,7,7,7,7,7,7,7,8,8,8,8,13
1,1,4,1,1,1,0,1,1,4,1,11,7,7,7,7,7,7,7,8,8,8,13,1
0,1,1,4,2,1,1,1,4,1,1,1,11,7,7,7,7,7,8,8,8,13,1,1
0,0,1,1,3,4,4,4,1,1,0,1,1,11,7,7,7,8,8,13,13,1,1,0
0,0,0,1,1,1,1,1,1,0,0,0,1,1,11,11,13,13,13,1,1,1,0,0
SpriteSpeccyBlock,1,3,3
7,0,1,7,0,1,7,0,1
7,0,0,7,0,0,7,0,0
7,0,0,7,0,0,7,0,0
SpriteAttribs,1,128,0,0
SpriteBitmapBlock,2,24,24
0,0,0,0,0,0,0,0,0,0,0,1,1,1,3,4,4,3,1,1,0,0,0,0
0,0,0,0,0,0,0,0,0,1,1,1,3,4,4,2,2,4,4,1,0,0,0,0
0,0,0,0,0,0,0,0,1,1,3,4,4,2,2,4,4,4,3,1,0,0,0,0
0,0,0,0,0,0,0,1,1,3,4,2,2,4,4,4,4,3,2,1,1,1,0,0
0,0,0,0,0,0,1,1,3,4,2,4,4,4,4,4,3,2,2,4,3,1,1,0
0,0,0,0,0,1,1,3,4,2,4,4,4,4,3,2,2,4,4,4,4,3,1,0
0,0,0,0,0,1,3,4,2,4,4,4,4,2,2,4,4,4,3,4,4,3,1,0
0,0,0,0,1,1,4,4,2,4,4,4,2,2,4,4,3,4,4,4,3,1,1,0
0,0,0,1,1,4,4,2,4,4,3,2,2,4,3,4,4,3,1,1,1,1,0,0
0,0,0,1,3,4,2,4,4,2,2,4,4,4,4,3,1,1,1,0,0,0,0,0
0,0,0,1,4,2,4,4,2,4,4,3,1,1,1,1,1,1,1,1,1,0,0,0
0,0,1,1,11,11,13,13,2,3,1,1,1,0,1,1,13,8,12,12,1,1,0,0
0,1,1,7,1,11,1,1,13,1,1,0,0,1,1,13,1,13,1,1,12,1,1,0
1,1,7,1,11,1,1,1,1,11,1,1,1,1,13,1,1,1,13,1,1,8,1,1
1,7,1,1,1,1,1,11,1,1,7,1,1,8,1,1,13,1,1,1,1,1,8,1
7,1,1,1,11,1,1,1,1,1,1,7,8,1,1,1,1,1,13,1,1,1,1,8
7,1,1,1,1,11,1,1,1,1,1,7,8,1,1,1,1,13,1,1,1,1,1,8
7,1,1,1,15,15,1,1,1,1,1,7,8,1,1,1,15,15,1,1,1,1,1,8
7,1,1,15,2,2,15,1,1,1,1,7,8,1,1,15,2,2,15,1,1,1,1,8
1,7,1,15,2,2,15,1,1,1,7,1,1,8,1,15,2,2,15,1,1,1,8,1
1,1,7,1,15,2,2,15,1,7,1,1,1,1,8,1,15,2,2,15,1,8,1,1
0,1,1,11,15,2,2,15,11,1,1,0,0,1,1,13,15,2,2,15,13,1,1,0
0,0,1,1,15,2,2,15,1,1,0,0,0,0,1,1,15,2,2,15,1,1,0,0
0,0,0,1,15,15,15,15,1,0,0,0,0,0,0,1,15,15,15,15,1,0,0,0
SpriteSpeccyBlock,2,3,3
7,0,0,7,0,0,7,0,0
7,0,0,7,0,0,7,0,0
7,0,0,7,0,0,7,0,0
SpriteAttribs,2,128,0,0
SpriteBitmapBlock,3,24,24
0,0,0,0,0,0,0,0,0,0,0,0,0,0,0,0,0,0,0,0,0,0,0,0
0,0,0,0,0,0,0,0,0,0,0,0,0,0,0,0,0,0,0,0,0,0,0,0
0,0,0,0,0,0,0,0,0,0,0,0,0,0,0,0,0,0,0,0,0,0,0,0
0,0,0,0,0,0,0,0,0,0,0,0,0,0,0,0,0,0,0,0,0,0,0,0
0,0,0,0,0,0,0,0,0,0,0,0,0,0,0,0,0,0,0,0,0,0,0,0
0,0,0,0,0,0,0,0,0,0,0,0,0,0,0,0,0,0,0,0,0,0,0,0
0,0,0,0,0,0,0,0,0,0,0,0,0,0,0,0,0,0,0,0,0,0,0,0
0,0,0,0,0,0,0,0,0,0,0,0,0,0,0,0,0,0,0,0,0,0,0,0
0,0,0,0,0,0,0,0,0,0,0,0,0,0,0,0,0,0,0,0,0,0,0,0
0,0,0,0,0,0,0,0,0,0,0,0,0,0,0,0,0,0,0,0,0,0,0,0
0,0,0,1,1,1,1,1,1,1,1,1,1,0,0,0,0,0,0,0,0,0,0,0
0,1,1,1,11,11,7,8,8,8,11,11,1,1,0,0,0,0,0,0,0,0,0,0
1,1,11,7,7,7,8,8,8,8,7,7,11,1,1,0,0,0,0,0,0,0,0,0
1,11,7,7,7,8,8,8,8,7,7,7,7,13,1,1,0,0,0,0,0,0,0,0
11,7,7,7,7,8,8,8,8,7,7,7,8,8,13,1,1,0,0,0,0,0,0,0
11,7,7,7,8,8,8,8,7,7,7,7,8,8,8,13,1,1,0,0,0,0,0,0
7,7,7,7,8,8,8,8,7,7,7,7,8,8,8,8,4,1,1,1,1,1,0,0
7,7,7,7,8,8,8,8,7,7,7,7,8,8,8,8,4,4,4,4,2,1,1,1
11,7,7,7,8,8,8,8,7,7,7,7,8,8,8,8,4,1,1,2,4,4,4,4
11,7,7,7,8,8,8,8,7,7,7,7,8,8,8,13,1,1,1,1,1,1,1,1
1,11,7,7,7,8,8,8,8,7,7,7,8,8,13,1,1,0,0,0,0,0,0,0
1,1,11,7,7,8,8,8,8,7,7,7,7,13,1,1,0,0,0,0,0,0,0,0
0,1,1,11,7,7,8,8,8,8,7,7,11,1,1,0,0,0,0,0,0,0,0,0
0,0,1,1,11,11,7,8,8,8,11,11,1,1,0,0,0,0,0,0,0,0,0,0
SpriteSpeccyBlock,3,3,3
7,0,1,7,0,1,7,0,1
7,0,0,7,0,0,7,0,1
7,0,0,7,0,0,7,0,0
SpriteAttribs,3,128,0,0
SpriteBitmapBlock,4,37,24
0,0,0,0,0,0,0,0,0,1,5,1,1,5,1,1,1,0,0,0,0,0,0,0
0,0,0,0,0,0,0,0,1,1,5,5,11,5,11,5,1,1,0,0,0,0,0,0
0,0,0,0,0,0,0,0,1,11,5,5,5,5,5,5,5,1,1,1,0,0,0,0
0,0,0,0,0,0,0,0,1,5,5,5,12,12,5,5,11,5,5,1,0,0,0,0
0,0,0,0,0,0,0,0,1,1,1,7,1,1,12,5,5,5,1,1,0,0,0,0
0,0,0,0,0,0,0,0,1,1,12,7,1,12,12,5,12,5,5,1,0,0,0,0
0,0,0,0,0,0,0,0,1,12,12,12,12,1,12,12,12,5,11,1,1,0,0,0
0,0,0,0,0,0,0,0,1,1,12,12,12,12,12,12,5,5,5,11,1,0,0,0
0,0,0,0,0,1,1,1,1,1,1,12,1,1,1,12,5,5,1,1,1,0,0,0
0,0,0,0,1,1,4,1,12,12,1,1,12,12,12,5,5,11,5,1,0,0,0,0
0,0,0,0,1,12,4,4,8,8,1,12,1,12,12,5,11,5,1,1,0,0,0,0
0,0,1,1,1,12,4,12,1,12,8,8,12,1,1,1,1,1,11,1,0,0,0,0
0,0,1,4,4,2,2,2,1,1,1,12,8,8,8,12,1,1,1,1,0,0,0,0
0,1,1,4,2,4,1,1,2,1,1,1,1,12,8,8,12,1,0,0,0,0,0,0
0,1,2,2,2,2,2,2,2,2,2,1,12,12,12,12,1,1,1,0,0,0,0,0
0,1,2,1,1,1,2,1,1,1,2,1,1,12,1,1,1,12,1,0,0,0,0,0
0,1,2,1,2,1,1,2,1,2,2,1,1,1,2,2,12,12,1,0,0,0,0,0
0,1,2,1,1,2,1,1,1,1,2,1,1,2,2,2,12,8,1,0,0,0,0,0
0,1,2,2,1,1,1,2,1,2,2,1,1,1,1,12,12,12,1,0,0,0,0,0
0,1,2,2,2,2,2,2,2,2,2,1,1,2,2,1,1,8,1,0,0,0,0,0
0,1,1,1,1,1,1,1,1,1,1,1,1,2,2,1,1,12,1,0,0,0,0,0
0,0,0,0,0,0,0,0,0,0,0,1,1,1,1,1,12,1,1,0,0,0,0,0
0,0,0,0,0,0,0,0,0,0,0,1,2,1,2,2,1,2,1,0,0,0,0,0
0,0,0,0,0,0,0,0,0,0,0,1,2,1,1,2,1,2,1,0,0,0,0,0
0,0,0,0,0,0,0,0,0,0,1,1,2,2,1,1,2,2,1,0,0,0,0,0
0,0,0,0,0,0,0,0,0,0,1,2,2,2,1,2,1,2,1,1,0,0,0,0
0,0,0,0,0,0,0,0,0,0,1,2,1,2,1,2,2,2,2,1,0,0,0,0
0,0,0,0,0,0,0,0,0,0,1,2,12,2,1,2,2,1,2,1,0,0,0,0
0,0,0,0,0,0,0,0,0,0,1,2,12,8,1,1,2,2,2,1,0,0,0,0
0,0,0,0,0,0,0,0,0,1,1,12,8,12,1,1,2,1,2,1,1,0,0,0
0,0,0,0,0,0,0,0,0,1,12,12,8,1,1,1,2,2,2,2,1,0,0,0
0,0,0,0,0,0,0,0,0,1,1,12,8,12,1,1,2,2,1,2,1,0,0,0
0,0,0,0,0,0,0,0,0,1,12,8,12,1,1,1,1,2,2,2,1,0,0,0
0,0,0,0,0,0,0,0,0,1,12,12,12,1,0,0,1,2,1,2,1,0,0,0
0,0,0,0,0,0,0,1,1,1,8,8,1,1,0,0,1,1,1,1,1,0,0,0
0,0,0,0,0,0,1,1,8,12,12,1,1,0,0,0,1,1,2,2,2,1,0,0
0,0,0,0,0,0,1,12,8,8,8,12,1,0,0,0,1,2,2,2,2,1,0,0
SpriteSpeccyBlock,4,5,3
7,0,1,7,0,0,7,0,0
7,0,0,7,0,0,7,0,0
7,0,0,7,0,0,7,0,0
7,0,1,7,0,0,7,0,0
7,0,1,7,0,1,7,0,0
SpriteAttribs,4,0,1,0
SpriteBitmapBlock,5,24,22
0,1,1,1,1,1,1,0,0,0,0,0,0,0,0,0,0,0,0,0,0,0
0,1,4,4,4,4,1,1,0,0,0,0,0,0,0,0,0,0,0,0,0,0
1,1,2,1,1,1,4,1,0,0,0,0,0,0,0,0,0,0,0,0,0,0
3,3,3,3,1,1,4,1,1,0,0,0,0,0,0,0,0,0,0,0,0,0
2,1,1,1,3,4,4,4,1,1,0,0,0,0,0,0,0,0,0,0,0,0
1,1,3,4,4,4,4,4,4,1,1,0,0,0,0,0,0,0,0,0,0,0
1,3,4,4,4,4,4,4,4,4,1,1,0,0,0,0,0,0,0,0,0,0
3,4,1,1,4,4,4,1,1,4,3,1,0,0,0,0,0,0,0,0,0,0
4,8,8,4,4,4,1,1,1,3,4,1,0,0,0,0,0,0,0,0,0,0
4,1,1,4,4,1,4,1,1,1,4,1,0,0,0,0,0,0,0,0,0,0
4,4,4,4,1,1,4,1,1,4,4,1,1,0,0,0,0,0,0,0,0,0
4,4,1,4,1,1,1,4,4,4,4,3,1,1,1,0,0,0,0,0,0,0
1,4,1,1,4,1,1,4,4,4,1,1,6,6,1,1,0,0,0,0,0,0
1,1,1,4,1,4,4,4,4,3,1,8,6,8,6,1,1,1,0,0,0,0
0,0,1,3,4,4,4,4,3,1,6,6,8,1,1,6,6,1,1,0,0,0
0,0,1,1,3,4,4,3,1,6,6,1,1,1,6,1,8,6,1,1,1,0
0,0,0,1,1,1,1,1,6,8,6,6,1,6,1,8,6,8,6,6,1,0
0,0,0,0,0,0,1,1,6,1,1,6,6,6,1,6,8,1,1,6,1,0
0,0,0,0,0,1,1,2,1,6,6,6,1,1,6,6,1,1,6,8,6,1
0,0,0,0,0,1,2,1,1,2,1,6,6,6,6,6,6,6,8,1,6,1
0,0,0,0,0,1,2,1,2,1,1,1,1,6,6,1,6,6,1,1,6,1
0,0,0,0,0,1,1,1,2,1,0,1,1,2,1,6,6,6,6,6,1,0
0,0,0,0,0,0,0,1,1,1,0,1,2,1,1,1,2,1,1,1,1,0
0,0,0,0,0,0,0,0,0,0,0,1,1,1,1,2,1,1,0,0,0,0
SpriteSpeccyBlock,5,3,3
7,0,0,7,0,0,7,0,1
7,0,0,7,0,0,7,0,1
7,0,1,7,0,1,7,0,0
SpriteAttribs,5,0,0,0
SpriteBitmapBlock,6,24,32
0,0,0,0,0,0,0,0,0,0,0,0,0,0,0,0,0,0,0,0,0,0,0,0,0,0,0,0,0,0,0,0
0,0,0,0,0,0,0,0,0,0,0,0,0,0,0,0,0,0,0,0,0,0,0,0,0,0,0,0,0,0,0,0
0,0,0,0,1,1,1,1,1,1,1,0,0,0,0,0,0,0,0,0,0,0,0,0,0,0,0,0,0,0,0,0
0,0,0,0,1,8,1,8,1,8,1,1,1,0,0,0,0,0,0,0,0,0,0,0,0,0,0,0,0,0,0,0
0,0,0,1,1,1,8,8,8,8,1,5,1,1,0,0,0,0,0,0,0,0,0,0,0,0,0,0,0,0,0,0
0,1,1,1,11,5,5,5,5,1,5,1,5,1,0,0,0,0,0,0,0,0,0,0,0,0,0,0,0,0,0,0
1,1,11,5,5,5,5,5,5,5,1,1,5,1,0,0,0,0,0,1,1,1,1,1,1,1,1,1,0,0,0,0
1,5,5,5,5,5,1,1,1,1,5,5,1,1,0,0,1,1,1,1,11,11,5,5,5,11,11,1,1,1,0,0
5,11,1,5,5,5,5,4,1,5,5,5,5,1,1,1,1,11,5,5,5,5,5,5,5,5,5,5,11,1,1,0
5,5,5,5,5,5,5,5,4,5,5,5,5,1,11,5,5,5,5,5,5,8,5,8,8,8,5,5,5,5,1,1
5,5,5,5,5,5,5,4,4,4,5,5,5,11,5,5,5,5,5,8,5,8,5,4,8,4,8,5,5,5,5,1
11,5,5,5,5,5,5,4,8,4,5,5,5,11,5,5,5,5,8,4,1,4,8,4,1,1,8,5,5,5,1,5
1,5,5,5,4,1,4,1,5,5,5,5,11,5,5,5,5,8,1,4,1,1,1,1,1,4,8,5,5,5,1,5
1,5,4,1,1,1,1,1,5,5,5,11,5,5,5,5,5,8,1,1,1,4,1,4,8,4,8,5,5,5,1,5
1,1,1,1,4,1,4,5,5,5,11,5,5,5,5,5,5,5,8,4,1,4,8,8,8,8,8,5,5,11,11,5
0,0,1,4,5,5,5,5,5,11,11,5,5,5,5,5,5,8,5,8,8,5,8,5,8,5,8,5,5,1,5,11
0,0,1,1,11,5,5,11,1,1,1,11,5,5,5,5,5,5,5,8,5,8,5,8,8,5,5,5,11,1,5,1
0,0,0,1,1,1,1,1,1,0,1,1,11,5,5,5,1,5,5,5,5,5,1,5,5,5,5,5,1,1,1,1
0,0,0,0,0,0,0,0,0,0,0,1,1,5,5,5,1,1,1,1,1,1,1,1,5,5,5,11,1,0,0,0
0,0,0,0,0,0,0,0,0,0,0,1,1,5,5,5,1,0,0,0,1,1,11,5,1,5,5,11,1,0,0,0
0,0,0,0,0,0,0,0,0,0,0,1,11,5,5,1,1,1,0,0,1,11,5,5,1,11,5,5,1,0,0,0
0,0,0,0,0,0,0,0,0,0,1,1,5,5,5,1,11,1,0,1,1,5,5,1,1,1,5,5,1,1,0,0
0,0,0,0,0,0,0,0,0,0,1,11,5,5,1,1,5,1,1,1,5,5,11,1,1,1,11,5,11,1,0,0
0,0,0,0,0,0,0,0,0,0,1,5,5,11,1,5,5,1,1,5,5,11,1,1,1,5,5,5,5,1,0,0
SpriteSpeccyBlock,6,3,4
7,0,0,7,0,1,7,0,0,7,0,0
7,0,0,7,0,0,7,0,0,7,0,0
7,0,0,7,0,0,7,0,0,7,0,0
SpriteAttribs,6,0,0,0
SpriteBitmapBlock,7,14,24
0,0,3,0,0,0,3,0,0,0,3,0,0,0,3,0,0,0,3,0,0,0,3,0
0,0,0,0,0,0,0,0,0,0,0,2,0,0,0,0,0,0,0,0,0,0,0,0
0,0,3,0,0,0,3,0,0,0,3,2,2,0,3,0,0,0,3,0,0,0,3,0
0,0,0,0,0,0,0,0,0,0,0,0,0,2,0,0,0,0,0,0,0,0,0,0
0,0,3,2,2,0,3,0,0,0,3,0,0,0,3,2,2,2,3,0,0,0,3,0
0,2,2,0,0,0,0,0,0,0,0,0,0,0,0,0,0,0,2,0,0,0,2,2
0,0,3,0,0,2,3,0,0,0,3,0,0,0,3,0,0,0,3,0,0,0,3,0
2,2,0,0,0,0,0,2,2,0,0,0,0,0,0,0,0,2,0,0,0,0,0,0
2,0,3,2,0,0,3,2,0,0,3,0,0,0,3,0,0,0,3,0,0,0,3,0
2,0,2,0,0,2,2,0,0,0,0,0,0,0,0,2,0,0,0,0,2,0,0,0
0,0,3,0,0,2,3,2,2,0,3,0,0,0,3,0,0,0,3,0,0,0,3,0
2,0,0,0,0,0,2,1,2,0,0,0,2,0,2,0,0,0,0,0,0,0,0,0
0,0,3,0,2,0,3,2,1,2,3,0,0,2,3,2,0,0,3,0,2,0,3,2
0,0,0,0,2,0,2,0,1,0,2,2,0,1,2,0,2,2,2,0,0,0,0,0
SpriteSpeccyBlock,7,2,3
7,0,1,7,0,1,7,0,1
7,0,1,7,0,1,7,0,1
SpriteAttribs,7,128,0,0
SpriteBitmapBlock,8,14,23
0,0,3,0,0,0,3,0,0,0,3,0,0,0,3,0,0,0,3,0,0,0,3
0,0,0,0,0,0,0,0,0,0,0,0,0,0,0,0,0,0,0,0,0,0,0
0,0,3,0,0,0,3,0,0,0,3,0,0,0,3,2,2,0,3,0,0,0,3
0,0,0,2,0,0,0,0,0,0,0,0,0,0,0,0,0,2,0,0,0,0,0
2,2,3,2,0,0,3,0,2,0,3,0,0,0,3,0,0,0,3,0,0,0,3
0,0,0,0,0,0,0,0,2,2,0,0,0,2,0,0,0,0,0,2,0,0,0
0,0,3,0,0,0,3,0,0,0,3,0,0,0,3,0,0,0,3,2,0,0,3
0,0,0,0,0,0,0,2,0,0,0,0,0,0,0,0,2,0,0,0,0,0,0
0,0,3,0,0,0,3,0,0,0,3,0,0,0,3,0,0,0,3,2,0,0,3
0,0,2,0,0,0,0,0,0,0,0,0,0,2,0,0,0,0,2,2,0,0,0
0,0,3,2,0,0,3,0,2,2,3,0,2,1,3,0,0,0,0,0,0,0,0
0,0,2,1,2,0,0,0,0,0,0,0,0,2,1,2,2,0,0,0,0,0,0
0,0,3,2,2,0,3,2,2,0,3,2,2,2,3,0,0,0,0,0,0,0,0
2,2,1,2,0,0,2,2,0,0,0,0,0,0,1,2,0,0,0,0,0,0,0
SpriteSpeccyBlock,8,2,3
7,0,1,7,0,1,7,0,1
7,0,1,7,0,1,7,0,1
SpriteAttribs,8,128,0,0
SpriteBitmapBlock,9,13,24
0,0,3,0,0,0,3,0,0,0,3,0,0,0,3,0,0,0,3,0,0,0,3,0
0,0,0,0,0,0,0,0,0,0,0,0,0,0,0,0,2,2,0,0,0,0,0,0
0,0,3,0,0,0,3,0,0,0,3,0,0,0,3,2,2,0,3,0,0,0,3,2
0,0,0,0,2,0,0,2,2,0,0,0,0,0,0,2,0,0,0,0,0,0,0,0
0,2,3,0,0,0,3,0,0,0,3,2,0,0,2,2,0,2,0,0,0,0,3,0
0,0,0,0,0,2,0,0,0,0,0,0,0,2,0,0,0,0,0,0,0,0,2,0
0,0,3,0,0,0,3,0,0,2,3,0,0,2,2,0,0,0,0,0,0,0,3,0
0,2,0,0,0,0,0,0,0,0,0,0,0,0,0,2,2,0,0,2,0,0,0,2
0,2,3,0,0,0,2,2,2,0,3,0,0,0,0,2,0,0,3,0,0,0,3,0
2,0,0,0,2,2,0,0,0,0,0,0,2,0,2,1,1,2,0,0,0,0,0,0
2,0,0,2,1,2,0,0,0,0,0,0,0,0,1,2,2,2,0,0,2,2,2,2
2,2,0,0,1,0,0,0,2,0,0,0,2,1,1,0,2,0,0,0,0,0,0,0
0,0,0,0,1,2,0,0,0,0,0,0,0,1,0,0,2,0,0,0,0,0,0,0
SpriteSpeccyBlock,9,2,3
7,0,1,7,0,1,7,0,1
7,0,1,7,0,1,7,0,1
SpriteAttribs,9,128,0,0
SpriteBitmapBlock,10,13,20
0,0,3,0,0,0,3,0,0,0,3,0,0,0,3,0,0,0,3,0
0,0,0,0,0,0,0,0,2,2,0,0,2,2,2,0,0,0,0,0
0,0,0,0,2,2,2,0,2,0,3,0,0,0,3,0,0,0,3,0
2,2,2,2,0,0,0,0,0,0,0,0,0,0,0,0,0,2,2,0
0,0,3,2,0,0,3,0,2,0,3,0,0,0,3,0,0,0,3,0
0,0,0,2,0,0,0,0,0,0,0,0,0,0,0,0,2,0,0,0
0,0,3,0,0,0,3,0,0,0,2,2,2,0,3,0,0,0,3,0
0,0,0,0,2,0,0,0,0,0,2,0,0,0,0,0,0,0,2,0
0,0,3,2,2,2,3,0,0,0,2,0,0,0,3,0,2,0,3,0
0,0,2,1,2,0,2,0,0,0,0,0,0,2,0,2,1,2,0,0
0,0,0,1,0,0,2,2,0,0,0,0,0,0,2,1,2,2,0,0
0,0,2,1,0,0,0,2,0,0,0,0,0,0,0,1,0,0,2,2
0,0,0,1,0,0,0,0,0,0,0,0,0,0,2,1,0,0,0,0
SpriteSpeccyBlock,10,2,3
7,0,1,7,0,1,7,0,1
7,0,1,7,0,1,7,0,1
SpriteAttribs,10,128,0,0
SpriteBitmapBlock,11,24,23
0,1,1,1,1,0,0,0,0,0,0,0,0,0,0,0,1,1,8,3,1,0,0
0,1,4,3,1,0,0,0,0,0,0,0,0,0,0,1,1,4,4,4,1,1,0
1,1,8,4,1,1,0,0,0,0,0,0,0,0,0,1,4,1,1,4,4,1,1
1,4,1,1,4,1,1,0,0,0,0,0,0,0,0,1,1,1,1,4,2,4,1
4,1,1,1,4,4,1,1,0,0,1,1,1,1,0,0,0,0,1,3,2,4,1
1,1,1,4,2,4,4,1,0,0,1,3,2,1,1,0,0,0,1,1,4,3,1
0,1,4,1,4,1,3,1,0,1,1,8,3,3,1,1,0,0,0,1,1,1,1
0,1,1,4,1,1,1,1,1,1,3,1,2,3,3,1,1,0,0,0,0,0,0
0,0,1,1,1,0,0,0,1,3,1,1,3,1,3,3,1,0,0,0,0,0,0
0,0,0,1,1,1,1,0,1,1,1,3,1,3,2,3,1,0,0,0,0,0,0
0,0,0,1,4,4,1,0,0,0,1,1,3,1,1,1,1,1,1,0,0,0,0
0,0,1,1,8,4,1,1,0,0,0,1,1,1,1,1,8,3,1,0,0,0,0
0,1,1,4,1,1,4,1,0,0,0,0,0,1,1,4,4,4,1,1,1,0,0
0,1,4,1,1,4,4,1,1,0,0,0,0,1,4,1,1,4,4,4,1,1,0
0,1,1,1,4,2,4,4,1,0,0,1,1,1,1,1,1,3,4,2,4,1,0
1,1,8,3,1,4,1,4,1,0,0,1,3,2,1,0,1,4,1,4,3,1,0
1,3,3,4,4,1,1,1,1,0,1,1,8,3,1,1,1,1,4,1,1,1,0
3,1,1,3,1,1,0,0,0,1,1,3,2,3,3,1,1,1,1,1,0,0,0
1,1,2,3,1,1,0,0,0,1,3,2,1,2,3,2,1,1,1,1,1,0,0
1,1,3,3,3,1,0,0,0,1,1,1,3,3,3,3,1,1,4,4,1,0,0
1,3,1,2,3,1,0,0,0,0,0,1,1,1,1,3,1,1,8,4,1,1,0
1,1,3,3,2,1,0,0,0,0,0,0,0,0,1,1,1,4,1,4,4,1,1
0,1,1,1,1,1,0,0,0,0,0,0,0,0,0,1,4,1,4,2,2,4,1
0,0,0,0,0,0,0,0,0,0,0,0,0,0,0,1,1,1,1,4,4,3,4
SpriteSpeccyBlock,11,3,3
7,0,0,7,0,0,7,0,0
7,0,0,7,0,0,7,0,0
7,0,0,7,0,0,7,0,0
SpriteAttribs,11,0,0,0
SpriteBitmapBlock,12,40,24
0,0,0,0,0,0,0,0,0,0,0,0,0,0,0,0,0,0,0,0,0,0,0,0
0,0,0,0,0,0,0,0,0,0,0,0,0,0,0,0,0,0,0,0,0,0,0,0
0,0,0,0,0,0,0,0,0,0,0,0,0,0,0,0,0,0,0,0,0,0,0,0
0,0,0,0,0,0,0,2,2,0,0,0,0,0,0,2,2,0,0,0,0,0,0,0
0,0,0,0,0,2,2,2,0,0,0,0,0,2,2,0,0,2,2,2,2,0,0,0
0,0,0,0,0,0,0,0,0,0,0,0,0,0,0,0,0,0,0,0,2,0,0,0
0,0,0,0,0,0,0,0,0,0,0,0,0,0,0,0,0,0,0,0,0,2,2,2
0,0,0,0,0,0,0,0,0,0,0,0,0,0,0,0,0,0,0,0,0,2,2,2
0,0,0,0,0,0,0,0,0,0,0,0,0,0,0,0,0,0,0,0,0,0,0,0
0,0,0,0,0,0,0,0,0,0,2,0,0,0,0,0,2,0,0,0,0,2,2,2
0,0,0,0,0,2,2,0,0,0,0,0,0,0,0,2,0,2,0,0,0,0,0,1
0,0,0,0,0,2,0,0,0,0,0,0,0,2,2,2,0,2,2,0,0,0,0,1
0,0,0,0,0,0,2,0,0,0,0,0,0,2,1,2,0,0,0,2,2,2,2,0
0,0,0,0,0,0,2,0,0,0,0,0,2,2,1,1,0,0,0,0,0,0,2,2
0,0,0,0,0,0,2,2,0,0,0,2,2,0,0,1,2,0,2,2,2,0,2,0
0,0,0,0,0,0,0,2,2,0,0,0,0,0,0,0,2,2,2,0,2,2,2,0
0,0,2,0,0,0,0,0,2,2,2,0,0,0,0,2,2,1,0,2,2,1,2,2
0,0,2,0,0,0,0,0,0,0,2,0,0,0,0,2,1,1,2,0,0,1,1,1
0,0,2,0,0,0,0,0,0,2,2,0,0,0,2,2,1,1,2,0,0,1,1,1
0,0,0,2,2,0,0,0,2,2,1,0,0,2,0,2,1,1,1,2,0,1,1,1
0,0,0,0,2,2,2,2,2,0,1,1,1,0,0,2,2,1,1,1,0,0,1,1
0,0,0,0,0,0,2,2,0,0,0,0,1,0,0,2,0,1,1,1,1,0,0,1
0,0,0,0,0,0,0,0,2,2,0,0,0,0,0,2,0,0,1,1,1,0,1,1
0,0,0,0,0,0,0,0,0,0,0,0,0,2,2,1,1,0,1,1,1,0,1,1
0,0,0,0,0,0,0,0,0,0,0,0,0,0,0,1,1,1,0,1,1,0,1,1
0,0,0,0,0,0,0,0,0,0,0,0,0,0,0,0,0,1,1,1,1,1,1,1
0,0,0,0,0,0,0,0,0,0,0,0,0,0,0,0,0,0,0,1,1,1,0,1
0,0,0,0,0,0,0,0,0,0,0,0,0,0,0,0,0,0,0,1,1,1,0,1
0,0,0,0,0,0,0,0,0,0,0,0,0,0,0,0,0,0,0,1,1,1,0,0
0,0,0,0,0,0,0,0,0,0,0,0,0,0,0,0,0,0,0,0,1,0,1,1
0,0,0,0,0,0,0,0,0,0,0,0,0,0,0,0,0,0,0,0,1,0,1,1
0,0,0,0,0,0,0,0,0,0,0,0,0,0,0,0,0,0,0,0,1,0,1,0
0,0,0,0,0,0,0,0,0,0,0,0,0,0,0,0,0,0,0,0,1,0,0,0
0,0,0,0,0,0,0,0,0,0,0,0,0,0,0,0,0,0,0,1,1,1,1,1
0,0,0,0,0,0,0,0,0,0,0,0,0,0,0,0,0,0,1,1,1,1,1,1
0,0,0,0,0,0,0,0,0,0,0,0,0,0,0,0,0,0,1,1,1,1,1,1
0,0,0,2,0,0,0,0,0,0,0,0,0,0,0,0,0,1,1,1,1,1,1,1
0,0,0,2,0,2,0,0,0,0,0,0,0,0,0,0,1,1,1,1,1,1,1,1
0,2,2,2,2,2,0,0,0,0,0,0,0,0,2,1,1,1,1,1,1,1,1,1
0,0,2,2,2,0,0,0,0,0,0,0,0,0,2,2,1,1,2,2,1,1,0,0
SpriteSpeccyBlock,12,5,3
7,0,1,7,0,1,7,0,1
7,0,1,7,0,1,7,0,1
7,0,1,7,0,1,7,0,1
7,0,1,7,0,1,7,0,1
7,0,1,7,0,1,7,0,1
SpriteAttribs,12,192,0,0
SpriteBitmapBlock,13,48,24
0,0,0,0,1,1,1,0,1,1,1,1,1,0,0,1,1,0,0,0,0,0,0,0
0,0,0,1,0,0,0,1,0,0,0,1,1,1,1,1,1,1,0,0,0,0,0,0
0,0,0,0,1,0,0,0,0,1,0,0,0,1,0,0,1,0,0,0,0,0,0,0
0,0,0,0,1,0,0,0,1,0,0,1,0,0,0,0,0,1,0,0,0,0,0,0
0,0,0,0,1,0,1,0,0,0,1,0,0,0,0,1,1,1,0,0,0,0,0,0
0,0,0,0,1,1,0,0,1,0,0,0,1,0,0,0,1,0,0,0,0,0,0,2
0,0,0,0,1,0,0,1,0,0,0,0,0,1,0,1,1,0,0,0,0,0,2,2
0,0,0,0,1,0,1,0,0,0,1,0,0,0,0,0,1,0,0,0,0,0,0,0
0,0,0,0,0,1,0,0,0,1,0,0,1,0,0,1,0,0,0,0,0,0,0,0
0,0,0,0,1,0,1,0,0,0,1,0,0,0,0,1,0,0,0,0,0,0,0,0
0,0,0,0,0,1,0,0,1,0,0,0,0,1,0,1,0,0,0,0,0,0,0,0
0,0,0,0,1,0,1,0,0,0,0,0,1,0,0,1,0,0,0,0,0,0,0,0
0,0,0,0,1,0,0,0,0,1,0,1,0,0,0,1,0,0,0,0,0,0,0,0
0,0,0,0,1,0,0,0,1,0,0,0,0,1,0,1,0,0,0,0,0,0,0,0
0,0,0,0,0,1,0,1,0,0,0,1,0,0,1,0,0,0,0,0,0,0,0,0
0,0,0,0,1,0,0,0,0,1,1,0,0,0,1,0,0,0,0,0,0,0,0,0
0,0,0,0,0,1,1,0,0,0,0,0,1,0,1,0,0,0,0,0,0,0,0,0
0,0,0,0,0,1,0,0,0,1,0,0,0,1,0,1,0,0,0,0,0,0,0,0
0,0,0,0,1,0,1,0,0,0,0,1,0,0,0,1,0,0,0,0,0,0,0,0
0,0,0,0,1,0,0,1,0,0,0,0,0,1,0,1,0,0,0,0,0,0,0,0
0,0,0,0,1,1,0,0,1,0,1,0,0,0,1,1,0,0,0,0,0,0,0,0
0,0,0,0,1,0,1,0,0,0,0,0,1,0,1,0,0,0,0,0,0,0,0,0
0,0,0,0,1,0,0,0,0,1,0,1,0,0,1,0,0,0,0,0,0,0,0,0
0,0,0,0,1,0,0,0,1,0,0,0,1,0,1,0,0,0,0,0,0,0,0,0
0,0,0,0,0,1,1,0,0,0,0,0,0,1,0,0,0,0,0,0,0,0,0,0
0,0,0,0,0,1,0,0,1,0,0,1,0,0,1,0,0,0,0,0,0,0,0,0
0,0,0,0,1,0,1,0,0,0,1,0,0,0,1,0,0,0,0,0,0,0,0,0
0,0,0,0,1,0,0,0,1,0,0,0,1,0,1,0,0,0,0,0,0,0,0,0
0,0,0,0,1,1,0,1,0,0,0,0,0,1,1,0,0,0,0,0,0,0,0,0
0,0,0,0,1,0,0,0,0,1,0,1,0,0,1,0,0,0,0,0,0,0,0,0
0,0,0,0,0,1,1,0,0,0,0,0,0,1,0,0,0,0,0,0,0,0,0,0
0,0,0,0,1,0,0,0,1,0,1,0,0,0,1,0,0,0,0,0,0,0,0,0
0,0,0,0,1,0,1,0,0,0,0,0,1,0,1,0,0,0,0,0,0,0,0,0
0,0,0,0,1,1,0,0,0,1,0,1,0,0,1,0,0,0,0,0,0,0,0,0
0,0,0,0,1,0,0,1,0,0,0,0,0,1,1,0,0,0,0,0,0,0,0,0
0,0,0,1,1,0,0,0,0,1,0,1,0,0,1,0,0,0,0,0,0,0,0,0
0,0,0,1,0,0,1,0,0,0,0,0,1,0,1,0,0,0,0,0,0,0,0,0
0,0,0,0,1,0,0,0,1,0,1,0,0,0,1,0,0,0,0,0,0,0,0,0
0,0,1,1,0,0,0,1,0,0,0,0,0,1,0,0,0,0,0,0,0,0,0,0
0,0,1,0,0,0,0,0,0,1,0,1,0,0,1,0,0,0,0,0,0,0,0,0
0,1,1,0,0,0,1,0,0,0,0,0,0,1,0,0,0,0,0,0,0,0,0,0
0,1,0,0,1,0,0,0,0,1,1,0,0,0,1,0,0,0,0,0,0,0,0,0
1,1,1,0,0,0,0,0,1,0,0,0,1,0,1,0,0,0,0,0,0,0,0,0
1,0,0,0,0,1,1,0,0,0,1,0,0,0,1,1,0,0,0,0,0,0,0,0
1,0,0,1,0,0,0,0,1,0,0,0,1,0,0,1,0,0,0,0,0,0,0,0
1,0,1,1,0,0,1,0,0,0,0,1,0,0,0,1,1,0,0,0,0,0,0,0
0,1,0,0,1,1,0,0,1,0,0,0,1,1,1,1,0,0,0,0,0,0,0,0
0,0,0,0,0,0,1,1,0,1,1,1,1,0,0,0,0,0,0,0,0,0,0,0
SpriteSpeccyBlock,13,6,3
7,0,1,7,0,1,7,0,1
7,0,1,7,0,1,7,0,1
7,0,1,7,0,1,7,0,1
7,0,1,7,0,1,7,0,1
7,0,1,7,0,1,7,0,1
7,0,1,7,0,1,7,0,1
SpriteAttribs,13,0,0,0
SpriteBitmapBlock,14,40,22
0,0,0,0,0,0,0,0,0,0,0,0,0,0,0,0,0,0,0,0,0,0
0,0,0,0,0,0,0,0,0,0,0,0,0,0,0,0,0,0,0,0,0,0
0,0,0,0,0,0,0,0,0,0,0,0,0,0,0,0,0,0,0,0,0,0
2,2,2,2,0,0,0,2,2,0,0,0,0,0,0,0,2,2,0,0,0,0
0,0,0,0,0,0,0,0,0,2,0,0,0,0,0,0,0,2,2,0,0,0
0,0,0,0,2,0,0,0,0,0,2,0,0,0,0,0,0,0,2,0,0,0
0,0,0,0,2,2,0,0,0,0,0,0,0,0,0,2,0,0,0,2,0,0
2,0,0,0,0,0,0,0,0,0,0,0,0,0,2,2,2,0,0,0,0,0
2,0,0,0,0,0,0,2,2,0,0,0,0,0,2,0,0,0,2,0,0,0
2,0,0,0,0,0,0,0,2,0,0,0,0,0,2,0,0,0,0,2,0,0
0,0,0,0,0,2,2,0,2,0,0,0,0,2,0,0,0,0,0,2,0,0
0,0,0,0,2,2,0,0,2,0,0,0,2,1,0,0,0,0,0,2,0,0
0,2,2,2,2,0,0,0,2,0,0,2,0,1,2,0,0,0,2,2,0,0
2,2,0,0,0,0,0,0,0,2,0,0,0,1,2,0,2,2,2,0,0,0
2,2,0,2,0,0,0,0,0,2,0,0,1,2,0,2,2,2,0,0,0,2
2,2,2,0,2,2,2,0,0,2,2,0,1,0,0,0,2,0,0,0,2,2
2,0,2,2,2,0,0,2,2,0,0,0,0,0,0,0,2,0,2,2,0,0
0,0,1,1,1,0,2,1,2,2,2,0,0,0,1,1,2,2,2,2,0,0
0,2,1,1,1,0,2,1,1,2,0,0,1,1,0,2,0,2,0,2,0,0
0,2,1,1,0,0,1,2,2,2,0,0,0,2,2,0,0,0,0,2,2,2
0,1,1,1,0,1,1,2,2,2,0,0,2,2,0,1,1,0,0,0,2,2
0,0,1,0,0,1,1,1,0,2,0,0,0,1,1,1,0,0,2,2,2,0
1,0,1,0,1,1,1,2,2,2,2,0,0,0,2,2,2,2,2,2,0,0
1,0,1,0,1,1,1,1,2,2,2,0,0,2,2,0,0,0,0,0,0,0
1,0,1,1,1,1,1,0,1,1,0,0,0,0,0,0,0,0,0,0,0,0
1,0,1,1,1,1,1,1,1,0,0,0,0,0,0,0,0,0,0,0,0,0
1,1,1,1,1,1,0,0,0,0,0,0,0,0,0,0,0,0,0,0,0,0
1,1,1,1,1,0,0,0,0,0,0,0,0,0,0,0,0,0,0,0,0,0
1,1,1,1,0,0,0,0,0,0,0,0,0,0,0,0,0,0,0,0,0,0
0,1,1,1,0,0,0,0,0,0,0,0,0,0,0,0,0,0,0,0,0,0
0,1,1,1,0,0,0,0,0,0,0,0,0,0,0,0,0,0,0,0,0,0
0,1,1,1,1,0,0,0,0,0,0,0,0,0,0,0,0,0,0,0,0,0
0,1,1,1,1,0,0,0,0,0,0,0,0,0,0,0,0,0,0,0,0,0
1,1,1,1,1,0,0,0,0,0,0,0,0,0,0,0,0,0,0,0,0,0
1,1,1,1,1,1,0,0,0,0,0,0,0,0,0,0,0,0,0,0,0,0
1,1,1,1,1,1,0,0,0,0,0,0,0,0,0,0,0,0,0,0,0,0
1,1,1,1,1,1,0,0,0,0,0,0,0,0,0,0,0,0,0,2,0,0
1,1,1,1,1,1,1,0,0,0,0,0,0,0,0,0,0,2,0,2,0,2
1,1,2,1,1,1,1,1,2,0,2,0,0,0,0,0,0,0,2,2,2,0
2,2,2,2,0,2,2,2,2,2,0,0,0,0,0,0,0,0,0,0,0,0
SpriteSpeccyBlock,14,5,3
7,0,1,7,0,1,7,0,1
7,0,1,7,0,1,7,0,1
7,0,1,7,0,1,7,0,1
7,0,1,7,0,1,7,0,1
7,0,1,7,0,1,7,0,1
SpriteAttribs,14,192,0,0
SpriteBitmapBlock,15,32,19
0,0,0,0,1,1,0,1,1,1,0,1,1,1,0,0,1,0,1
0,0,0,0,0,1,1,0,0,0,1,0,0,0,1,1,0,1,0
0,0,0,0,0,0,1,0,0,1,0,0,0,1,0,0,0,0,1
0,0,0,0,0,1,0,0,1,0,0,1,0,0,1,0,0,1,0
0,0,0,0,0,0,0,1,0,0,1,0,0,1,0,0,1,0,0
0,0,0,0,0,0,1,0,0,1,0,0,0,1,0,0,1,0,0
0,0,0,0,0,1,0,0,0,1,0,0,1,0,0,0,1,0,0
0,0,0,0,0,0,1,0,0,0,0,1,0,0,0,1,0,0,0
0,0,0,0,0,0,0,1,0,0,1,0,0,1,0,0,0,0,0
0,0,0,0,0,1,0,0,1,0,0,0,1,0,1,0,1,0,0
0,0,0,0,0,0,1,0,0,0,0,0,0,1,0,1,0,0,0
0,0,0,0,0,1,0,0,0,1,1,0,0,0,0,1,0,0,0
0,0,0,0,0,0,1,0,0,0,0,0,1,0,0,0,0,0,0
0,0,0,0,0,1,0,1,0,1,0,0,0,1,0,1,0,0,0
0,0,0,0,0,1,0,0,1,0,0,0,1,0,0,1,0,0,0
0,0,0,0,0,0,1,0,0,1,0,1,0,0,1,0,0,0,0
0,0,0,0,0,1,0,1,0,0,0,0,1,0,0,1,0,0,0
0,0,0,0,0,0,1,0,1,0,1,0,0,0,1,0,0,0,0
0,0,0,0,0,0,0,1,0,0,0,1,0,1,1,0,0,0,0
0,0,0,0,0,0,1,0,0,1,0,0,1,0,0,1,0,0,0
0,0,0,0,0,1,0,0,1,0,1,0,1,0,1,0,0,0,0
0,0,0,0,0,0,1,0,0,1,0,1,0,0,0,1,0,0,0
0,0,0,0,0,1,1,0,1,0,0,1,0,1,0,1,0,0,0
0,0,0,0,0,1,0,1,0,0,1,0,0,0,1,0,0,0,0
0,0,0,0,0,1,1,1,0,1,0,0,1,0,0,1,0,0,0
0,0,0,0,1,0,0,0,1,0,1,0,0,0,1,0,0,0,0
0,0,0,0,0,1,0,1,0,0,0,1,0,0,0,1,0,0,0
0,0,0,1,0,0,0,0,1,0,0,0,1,0,1,0,0,0,0
0,0,1,0,0,1,0,1,0,0,0,1,0,0,1,0,0,0,0
0,1,1,0,0,0,1,0,0,1,0,0,0,1,0,1,0,0,0
0,1,0,0,1,0,0,1,0,1,0,0,1,0,0,0,1,0,0
0,0,1,0,0,1,1,1,1,0,1,0,1,0,1,1,0,0,0
SpriteSpeccyBlock,15,4,3
7,0,1,7,0,1,7,0,1
7,0,1,7,0,1,7,0,1
7,0,1,7,0,1,7,0,1
7,0,1,7,0,1,7,0,1
SpriteAttribs,15,64,0,0
SpriteBitmapBlock,16,8,21
0,0,0,0,0,0,0,0,0,0,0,0,0,0,0,0,0,0,0,0,0
0,0,0,0,0,0,0,0,0,0,0,0,0,0,0,0,0,0,0,0,0
0,0,0,0,0,0,0,0,0,0,0,0,0,0,0,0,0,0,0,2,0
0,2,0,0,0,0,0,0,2,0,0,0,0,0,0,0,0,0,0,2,0
2,2,0,2,0,2,0,2,0,0,0,0,0,2,0,0,0,0,2,0,0
0,2,2,0,2,2,2,0,0,0,0,2,0,2,0,0,0,2,0,0,2
0,0,2,2,2,2,0,0,0,0,0,0,2,2,0,0,2,2,0,2,2
0,2,0,2,2,2,2,2,2,0,0,2,0,2,2,2,0,2,2,2,0
SpriteSpeccyBlock,16,1,3
7,0,0,7,0,0,7,0,1
SpriteAttribs,16,0,0,0
SpriteBitmapBlock,17,8,22
0,0,0,0,0,0,0,0,0,0,0,0,0,0,0,0,0,0,0,0,0,0
0,0,0,0,0,0,0,0,0,0,0,0,0,0,0,0,0,0,0,0,0,0
0,0,0,0,0,0,0,0,0,0,0,0,8,0,0,0,0,0,0,0,0,0
8,0,8,0,0,8,0,0,0,0,0,8,0,0,0,0,0,0,0,0,0,0
0,8,8,0,0,8,0,8,0,8,0,8,0,0,8,0,0,0,8,0,8,0
0,0,8,0,8,8,8,0,0,0,8,8,8,8,0,0,0,8,8,8,0,0
8,0,8,8,8,0,8,8,8,8,8,8,8,0,8,8,0,0,8,0,0,8
8,8,0,8,8,8,0,8,0,8,8,0,8,8,8,8,8,8,0,8,8,0
SpriteSpeccyBlock,17,1,3
7,0,1,7,0,1,7,0,1
SpriteAttribs,17,0,0,0
SpriteBitmapBlock,18,8,22
0,0,0,0,0,0,0,0,0,0,0,0,0,0,0,0,0,0,0,0,0,0
0,0,0,0,0,0,0,0,0,0,0,0,0,0,0,0,0,0,0,0,0,0
0,0,0,0,2,0,2,0,0,0,0,0,0,0,0,0,0,0,0,0,0,0
0,0,0,0,0,2,0,0,0,0,0,0,0,0,0,0,0,0,0,2,0,0
0,0,0,2,0,2,2,0,0,0,0,0,0,2,0,0,0,2,0,2,0,0
0,0,2,0,2,2,0,0,2,0,2,0,2,0,0,2,0,0,2,0,2,0
2,2,0,2,2,0,2,2,0,2,2,0,2,2,0,0,2,0,0,2,0,2
0,2,0,0,2,2,2,2,2,0,0,2,0,2,2,2,0,2,2,2,2,0
SpriteSpeccyBlock,18,1,3
7,0,1,7,0,1,7,0,1
SpriteAttribs,18,0,0,0
SpriteBitmapBlock,19,8,22
0,0,0,0,0,0,0,0,0,0,0,0,0,0,0,0,0,0,0,0,0,0
0,0,0,0,0,0,0,0,0,0,0,0,0,0,0,0,0,0,0,0,0,0
0,0,0,0,0,0,0,0,0,0,0,0,0,0,0,0,0,0,0,0,0,0
0,0,0,0,0,2,0,0,0,0,0,0,0,0,0,0,0,0,0,0,0,0
0,0,0,2,0,2,0,0,0,2,0,0,0,0,0,0,2,0,0,0,0,0
0,0,2,0,2,0,0,2,0,2,0,2,0,0,0,0,2,2,0,2,0,0
2,0,0,2,0,2,0,0,2,0,0,2,0,2,0,2,2,0,2,0,0,2
0,2,0,2,2,2,2,0,2,2,0,2,2,0,0,0,2,2,0,0,2,0
SpriteSpeccyBlock,19,1,3
7,0,1,7,0,1,7,0,1
SpriteAttribs,19,0,0,0
SpriteBitmapBlock,20,16,22
0,0,0,0,0,0,0,0,0,0,2,0,0,0,0,0,0,0,0,0,0,0
0,0,0,0,0,0,0,0,0,0,0,2,0,0,0,0,0,0,0,0,0,0
0,0,0,0,0,0,0,0,0,0,0,2,0,0,0,0,0,0,0,0,0,0
0,0,0,0,0,0,2,0,0,0,2,0,0,0,0,0,0,0,0,0,0,0
0,0,0,0,0,0,2,0,2,0,0,2,0,2,0,0,0,0,0,0,0,0
0,0,0,0,0,0,0,2,2,0,0,2,0,2,0,0,0,0,0,0,0,0
0,0,0,2,0,0,0,2,0,0,0,2,2,0,0,0,0,0,0,0,0,0
0,0,0,2,0,0,0,2,0,0,0,2,0,0,2,0,0,0,0,0,0,0
0,0,0,0,2,0,2,0,0,2,0,2,0,2,2,0,0,0,0,0,0,0
0,0,0,0,2,0,0,2,0,0,2,2,0,0,2,0,0,0,2,0,2,0
0,0,0,0,2,0,0,2,0,0,0,2,0,2,2,2,0,2,0,0,0,2
0,0,2,0,2,0,2,0,0,2,0,2,2,2,2,0,2,2,2,0,2,0
2,0,2,0,2,0,2,0,2,0,0,2,2,0,2,0,0,2,0,2,0,0
2,0,2,0,2,2,2,0,2,2,2,0,2,2,2,2,2,2,0,2,2,0
0,2,2,2,2,2,2,2,2,2,2,2,2,2,2,0,2,2,2,2,2,0
0,0,2,2,2,0,2,2,2,0,2,2,2,2,0,2,0,2,2,0,2,2
SpriteSpeccyBlock,20,2,3
7,0,1,7,0,0,7,0,1
7,0,0,7,0,0,7,0,0
SpriteAttribs,20,0,0,0
SpriteBitmapBlock,21,25,24
0,0,0,0,1,1,4,1,1,0,0,0,0,0,0,0,0,0,0,0,0,0,0,0
0,0,0,0,1,4,4,4,1,0,0,0,0,0,0,0,0,0,1,1,1,1,1,1
0,0,0,0,1,1,4,1,1,0,0,0,0,0,1,1,1,1,1,11,10,7,7,1
0,0,0,0,0,1,1,3,1,0,0,0,0,1,1,11,11,5,11,10,7,10,7,10
0,0,0,0,0,0,1,3,1,1,0,0,1,1,11,5,5,5,5,7,7,7,10,7
0,0,0,0,0,0,1,1,3,1,0,0,1,11,5,5,5,5,11,7,9,7,7,7
0,0,0,0,1,1,1,1,3,1,1,0,1,5,5,9,5,5,5,7,9,7,9,7
0,0,0,1,1,12,12,12,12,12,1,1,1,1,5,5,5,5,11,7,9,7,7,7
0,0,1,1,12,12,12,12,12,12,12,1,1,1,1,5,5,11,7,7,9,7,9,7
0,0,1,12,12,12,12,15,15,12,8,12,1,1,5,5,5,5,7,9,7,9,7,7
0,1,1,15,12,12,1,1,15,12,12,8,1,5,11,5,5,11,7,9,7,7,9,7
1,1,15,15,13,12,12,1,12,12,12,12,1,12,5,5,5,5,7,9,7,9,7,10
1,15,15,1,12,13,12,12,12,12,12,12,12,12,12,12,1,7,10,7,7,7,10,1
1,15,1,1,1,12,13,12,13,12,12,12,12,8,12,12,12,7,9,7,9,7,1,1
1,1,1,0,1,1,1,1,12,13,12,12,12,12,12,12,7,9,7,10,7,10,1,0
0,0,0,0,0,0,0,1,13,12,13,12,12,12,12,8,12,9,7,7,10,1,1,0
0,0,0,0,0,0,0,1,12,13,12,13,12,12,12,12,12,12,12,12,12,1,1,0
0,0,0,0,0,0,0,1,1,12,13,12,13,12,12,12,12,12,8,12,12,12,1,1
0,0,0,0,0,0,0,0,1,1,12,13,12,13,12,12,12,12,12,12,12,12,12,1
0,0,0,0,0,0,0,0,0,1,1,12,13,12,13,12,13,12,12,8,12,12,13,1
0,0,0,0,0,0,0,0,0,0,1,1,12,13,12,13,12,13,12,12,12,13,12,1
0,0,0,0,0,0,0,0,0,0,0,1,1,12,13,12,13,12,13,12,13,12,1,1
0,0,0,0,0,0,0,0,0,0,0,0,1,1,1,1,12,13,12,13,12,1,1,0
0,0,0,0,0,0,0,0,0,0,0,0,0,0,0,1,1,12,13,12,1,1,0,0
0,0,0,0,0,0,0,0,0,0,0,0,0,0,0,0,0,1,1,1,0,0,0,0
SpriteSpeccyBlock,21,4,3
7,0,0,7,0,0,7,0,0
7,0,0,7,0,0,7,0,0
7,0,1,7,0,0,7,0,0
7,0,1,7,0,1,7,0,0
SpriteAttribs,21,0,0,0
SpriteBitmapBlock,22,32,24
0,1,0,0,1,0,0,0,0,1,0,1,0,0,0,0,0,1,0,0,1,0,1,0
1,0,0,0,0,0,1,0,0,0,0,0,0,1,0,1,0,0,0,1,0,0,0,0
0,1,0,1,0,0,0,1,0,0,0,0,0,1,0,0,1,0,0,0,1,0,1,0
1,0,1,0,0,0,1,0,0,0,0,0,1,0,0,1,0,0,0,0,0,1,0,0
0,1,0,1,0,0,0,0,0,1,0,0,0,1,0,0,1,0,0,0,1,0,1,0
1,0,1,0,0,0,0,0,1,0,0,1,0,0,0,1,0,0,0,0,0,1,0,0
0,1,0,1,0,0,1,0,0,0,0,0,0,1,0,0,1,0,0,0,1,0,1,0
1,0,1,0,0,0,0,1,0,0,0,0,1,0,0,1,0,0,0,0,0,1,0,0
0,1,0,1,0,0,0,0,0,1,0,1,0,0,1,0,0,0,0,0,1,0,1,0
1,0,0,0,1,0,1,0,0,0,1,0,0,0,0,1,0,0,0,0,0,1,0,0
1,0,1,0,0,0,0,0,0,1,0,0,1,0,1,0,0,0,0,0,1,0,1,0
0,1,0,1,0,0,0,1,0,0,0,0,0,1,0,1,0,0,0,0,0,1,0,0
1,0,0,0,1,0,0,0,1,0,0,1,0,0,1,0,0,0,0,0,1,0,1,0
0,1,1,0,0,0,1,0,0,0,0,0,0,1,0,0,0,0,0,0,0,1,1,0
1,0,0,1,0,0,0,0,0,1,0,1,0,0,1,0,0,0,0,0,1,0,1,0
0,1,0,0,1,0,0,1,0,0,0,0,0,1,0,1,0,0,0,1,0,0,1,0
1,0,1,0,0,0,0,0,1,0,0,1,0,0,1,0,0,0,0,0,1,0,0,0
0,1,0,1,0,0,1,0,0,0,0,0,0,1,0,1,0,0,0,1,0,0,1,0
1,0,1,0,0,0,0,0,0,1,0,1,0,0,1,0,0,0,0,0,1,0,0,1
0,1,0,1,0,0,0,1,0,0,0,0,0,1,0,1,0,0,0,0,0,1,1,0
1,0,1,0,0,0,0,0,1,0,0,1,0,0,1,0,0,0,0,0,1,0,0,1
0,1,0,1,0,0,1,0,0,0,0,1,0,0,0,1,0,0,0,1,0,0,1,0
1,0,1,0,0,0,0,0,0,1,0,0,1,0,1,0,0,0,1,0,0,0,0,0
1,0,0,1,0,0,0,1,0,0,0,0,0,1,0,1,0,0,0,0,1,0,1,0
0,1,1,0,0,0,0,0,0,1,0,1,0,0,1,0,0,0,1,0,0,0,0,0
0,1,0,0,0,0,0,0,1,0,0,0,1,0,0,1,0,0,0,0,1,0,1,0
0,0,1,0,0,0,1,0,0,0,0,0,0,1,0,0,0,1,1,0,0,0,0,0
0,1,0,1,0,0,0,1,0,0,0,1,0,0,1,0,0,0,0,1,0,0,1,0
0,0,1,0,0,0,0,0,0,1,0,0,1,0,0,1,0,0,0,0,1,0,0,0
0,1,0,1,0,0,0,0,0,1,0,1,0,0,0,0,0,1,0,0,0,0,1,0
1,0,1,0,0,0,0,0,0,1,0,0,1,0,0,1,0,0,0,0,0,0,0,0
0,0,0,0,0,1,0,0,1,0,0,1,0,0,0,0,1,0,0,0,0,0,1,0
SpriteSpeccyBlock,22,4,3
7,0,1,7,0,1,7,0,1
7,0,1,7,0,1,7,0,1
7,0,1,7,0,1,7,0,1
7,0,1,7,0,1,7,0,1
SpriteAttribs,22,192,0,0
SpriteBitmapBlock,23,32,22
0,0,0,0,1,0,0,0,0,1,1,0,0,0,1,0,0,0,0,0,0,1
0,1,0,0,0,1,0,0,1,0,0,1,0,0,0,1,0,0,1,0,0,0
0,0,0,0,1,0,0,0,0,0,1,0,0,0,1,0,0,0,0,1,0,1
0,1,0,0,0,1,0,0,1,0,0,1,0,0,0,1,0,0,1,0,0,0
0,0,0,0,1,0,0,0,1,0,1,0,0,0,1,0,0,0,0,0,0,1
0,1,0,0,0,1,0,0,0,1,0,1,0,0,0,1,0,0,1,0,0,0
0,0,0,0,1,0,0,0,1,0,1,0,0,0,1,0,0,0,0,0,0,1
0,1,0,0,0,1,0,0,1,0,0,1,0,0,0,1,0,0,1,0,0,0
0,0,0,0,1,0,0,0,0,1,1,0,0,0,0,0,1,0,0,0,0,1
0,1,0,0,0,1,0,0,0,1,0,1,0,0,0,1,0,0,1,0,0,0
0,0,0,0,1,0,0,0,1,0,1,0,0,0,0,0,1,0,0,0,0,1
0,1,0,0,0,1,0,0,0,1,0,1,0,0,0,1,0,0,1,0,0,0
0,0,0,0,1,0,0,0,1,0,1,0,0,0,0,0,1,0,0,0,0,1
0,0,0,0,0,1,0,0,0,1,0,1,0,0,0,1,0,0,1,0,0,0
0,0,0,0,0,1,0,0,1,0,1,0,0,0,0,0,1,0,0,0,0,1
0,0,0,0,0,1,0,0,0,1,0,1,0,0,0,1,0,0,1,0,1,0
0,1,0,0,1,0,0,0,1,0,1,0,0,0,0,0,1,0,0,0,0,1
0,0,0,0,0,1,0,0,1,0,0,1,0,0,0,1,0,0,1,0,0,0
0,0,0,0,1,0,0,0,0,1,1,0,0,0,1,0,0,0,0,0,0,1
0,0,0,0,0,1,0,0,1,0,0,1,0,0,0,1,0,0,1,0,0,0
0,0,0,0,1,0,0,0,0,1,1,0,0,0,0,1,0,0,0,0,0,1
0,0,0,0,0,1,0,0,1,0,0,1,0,0,1,0,0,0,1,0,0,0
0,1,0,0,1,0,0,0,0,1,1,0,0,0,0,1,0,0,0,0,0,1
0,0,0,0,0,1,0,0,1,0,0,1,0,0,1,0,0,0,1,0,0,0
0,1,0,0,1,0,0,0,0,1,1,0,0,0,0,1,0,0,0,0,0,1
0,0,0,0,0,1,0,0,0,1,0,1,0,0,1,0,0,0,1,0,0,0
0,1,0,0,1,0,0,0,0,1,1,0,0,0,0,1,0,0,0,0,0,1
0,0,0,1,0,0,0,0,1,0,0,1,0,0,1,0,0,0,1,0,0,0
0,1,0,0,1,0,0,0,0,1,1,0,0,0,0,1,0,0,0,0,0,1
0,0,0,1,0,0,0,0,1,0,0,1,0,0,1,0,0,0,1,0,0,0
0,1,0,0,1,0,0,1,0,0,1,0,0,0,0,1,0,0,0,0,0,1
0,0,0,0,0,1,0,1,0,0,0,1,0,0,1,0,0,0,1,0,0,0
SpriteSpeccyBlock,23,4,3
7,0,1,7,0,1,7,0,1
7,0,1,7,0,1,7,0,1
7,0,1,7,0,1,7,0,1
7,0,1,7,0,1,7,0,1
SpriteAttribs,23,192,0,0
SpriteBitmapBlock,24,16,16
0,0,0,0,1,1,1,14,14,1,1,1,0,0,0,0
0,0,0,1,1,15,4,4,4,4,4,1,1,0,0,0
0,0,1,1,15,14,15,14,15,14,14,4,1,1,0,0
0,1,1,14,14,14,14,15,14,14,4,14,4,1,1,0
1,1,14,4,4,4,4,14,14,14,4,14,14,4,1,1
1,15,14,4,14,14,15,14,15,4,15,15,15,14,4,1
1,15,14,4,15,15,15,14,14,4,14,14,14,14,4,1
14,14,14,4,14,14,15,14,4,14,15,15,15,14,4,14
14,15,14,4,4,4,15,14,14,14,15,4,15,14,4,14
1,14,14,4,15,15,15,14,15,14,15,14,15,14,4,1
1,15,14,14,15,4,14,14,14,14,15,15,15,14,15,1
1,1,14,15,14,14,4,14,15,14,15,14,15,14,1,1
0,1,1,14,14,14,14,14,14,14,14,14,14,1,1,0
0,0,1,1,15,14,15,14,15,14,15,14,1,1,0,0
0,0,0,1,1,15,14,15,14,15,14,1,1,0,0,0
0,0,0,0,1,1,1,14,14,1,1,1,0,0,0,0
SpriteSpeccyBlock,24,2,2
7,0,1,7,0,1
7,0,1,7,0,1
SpriteAttribs,24,0,0,0
SpriteBitmapBlock,25,24,22
0,0,0,0,0,0,0,0,0,0,0,0,0,0,0,0,0,0,0,0,0,0
0,0,0,0,0,0,0,0,0,0,0,0,0,0,0,0,0,0,0,0,0,0
0,0,0,0,0,0,0,0,0,0,0,0,0,0,0,0,0,0,0,0,0,0
0,0,0,0,0,0,0,0,0,0,0,0,0,0,0,0,0,0,0,0,0,0
0,0,0,0,0,0,0,0,1,1,1,1,1,1,1,1,1,1,1,0,0,0
0,0,0,0,0,0,0,1,1,4,1,4,1,4,1,4,1,4,1,0,0,0
0,0,0,0,0,1,1,1,4,1,1,1,1,1,1,1,1,1,1,1,1,0
0,0,0,0,0,1,4,1,1,1,4,4,1,4,4,1,1,4,1,4,1,0
0,0,0,1,1,1,1,1,4,1,1,1,4,1,1,1,1,1,1,1,1,0
0,0,0,1,4,1,4,1,1,4,1,4,8,4,12,4,1,4,1,1,4,1
0,0,0,1,1,1,1,1,4,1,1,1,8,8,8,1,1,1,1,1,1,1
0,0,0,1,4,1,1,1,1,1,1,1,8,8,4,4,1,4,1,1,4,1
0,0,0,1,1,1,1,4,4,4,4,1,4,4,4,1,4,1,1,1,1,1
0,0,0,1,4,1,1,4,8,8,4,8,4,8,12,8,4,4,12,1,4,1
0,0,0,1,1,1,1,4,4,8,4,8,4,8,8,8,4,8,8,1,1,1
0,0,0,1,4,1,1,4,4,4,4,1,8,4,4,4,8,4,8,1,4,1
0,0,0,1,1,1,1,1,4,1,1,1,1,4,8,4,1,1,1,1,1,1
0,0,0,1,4,1,0,1,1,4,1,4,8,4,8,4,1,4,1,1,4,1
0,0,0,1,1,1,1,1,1,1,1,1,1,4,8,4,1,1,1,1,1,1
0,0,0,1,4,1,1,4,1,0,0,1,4,1,8,4,4,1,4,1,4,1
0,0,0,1,1,1,1,1,1,0,0,1,1,1,1,1,1,1,1,1,1,1
0,0,0,1,4,1,1,1,1,1,1,1,1,1,1,1,1,1,1,1,4,1
0,0,0,1,1,4,1,4,1,4,1,4,1,4,1,4,1,4,1,4,1,0
0,0,0,0,1,1,1,1,1,1,1,1,1,1,1,1,1,1,1,1,0,0
SpriteSpeccyBlock,25,3,3
7,0,1,7,0,1,7,0,1
7,0,1,7,0,1,7,0,1
7,0,1,7,0,1,7,0,1
SpriteAttribs,25,0,0,0
SpriteBitmapBlock,26,24,22
0,0,0,0,0,0,0,0,0,0,0,0,0,0,0,0,0,0,0,0,0,0
0,0,0,0,0,0,0,0,0,0,0,0,0,0,0,0,0,0,0,0,0,0
0,0,0,0,0,0,0,0,0,0,0,0,0,0,0,0,0,0,0,0,0,0
0,0,0,0,0,0,0,0,0,0,0,0,0,0,0,0,0,0,0,0,0,0
0,0,0,0,0,0,0,0,1,1,1,1,1,1,1,1,1,1,1,0,0,0
0,0,0,0,0,0,0,1,1,4,1,4,1,4,1,4,1,4,1,0,0,0
0,0,0,0,0,1,1,1,4,1,1,1,1,1,1,1,1,1,1,1,1,0
0,0,0,0,0,1,4,1,1,1,4,4,1,4,4,1,1,4,1,4,1,0
0,0,0,1,1,1,1,1,4,1,1,1,4,1,1,1,1,1,1,1,1,0
0,0,0,1,4,1,4,1,1,4,1,4,7,4,1,4,1,4,1,1,4,1
0,0,0,1,1,1,1,1,4,1,7,10,10,7,1,1,1,1,1,1,1,1
0,0,0,1,4,1,1,1,1,1,7,7,7,10,4,4,1,4,1,1,4,1
0,0,0,1,1,1,1,4,4,4,4,7,4,4,4,1,4,1,1,1,1,1
0,0,0,1,4,1,1,4,1,1,4,1,4,7,1,1,4,4,1,1,4,1
0,0,0,1,1,1,1,4,4,1,4,7,4,1,1,1,4,1,1,1,1,1
0,0,0,1,4,1,1,4,4,4,4,1,1,4,4,4,7,4,1,1,4,1
0,0,0,1,1,1,1,7,4,10,7,1,1,4,7,4,10,7,1,1,1,1
0,0,0,1,4,1,1,7,7,4,10,4,1,4,7,4,7,4,7,1,4,1
0,0,0,1,1,1,7,1,7,7,7,7,1,4,1,4,7,7,7,1,1,1
0,0,0,1,4,1,1,4,1,7,7,1,4,1,7,4,4,7,4,1,4,1
0,0,0,1,1,1,1,1,7,1,1,1,1,1,1,7,1,1,1,1,1,1
0,0,0,1,4,1,1,1,1,1,1,1,1,1,1,1,1,1,1,1,4,1
0,0,0,1,1,4,1,4,1,4,1,4,1,4,1,4,1,4,1,4,1,0
0,0,0,0,1,1,1,1,1,1,1,1,1,1,1,1,1,1,1,1,1,0
SpriteSpeccyBlock,26,3,3
7,0,1,7,0,1,7,0,1
7,0,1,7,0,1,7,0,1
7,0,1,7,0,1,7,0,1
SpriteAttribs,26,0,0,0
SpriteBitmapBlock,27,24,22
0,0,0,0,0,0,0,0,0,0,0,0,0,0,0,0,0,0,0,0,0,0
0,0,0,0,0,0,0,0,0,0,0,0,0,0,0,0,0,0,0,0,0,0
0,0,0,0,0,0,0,0,0,0,0,0,0,0,0,0,0,0,0,0,0,0
0,0,0,0,0,0,0,0,0,0,0,0,0,0,0,0,0,0,0,0,0,0
0,0,0,0,0,0,0,0,1,1,1,1,1,1,1,1,1,1,1,0,0,0
0,0,0,0,0,0,0,1,1,4,1,4,1,4,1,4,1,4,1,0,0,0
0,0,0,0,0,1,1,1,4,1,1,1,1,1,1,1,1,1,1,1,1,0
0,0,0,0,0,1,4,1,1,1,4,4,1,4,4,1,1,4,1,4,1,0
0,0,0,1,1,1,1,1,4,1,1,1,4,1,1,1,1,1,1,1,1,0
0,0,0,1,4,1,4,1,1,4,1,4,6,4,1,4,1,4,1,1,4,1
0,0,0,1,1,1,1,1,4,1,1,6,6,6,1,1,1,1,1,1,1,1
0,0,0,1,4,1,1,1,1,1,1,6,6,6,4,4,1,4,1,1,4,1
0,0,0,1,1,1,1,4,4,4,4,6,4,4,4,6,4,6,1,1,1,1
0,0,0,1,4,1,1,4,6,3,4,6,4,6,6,6,4,4,1,1,4,1
0,0,0,1,1,1,1,4,4,6,4,6,4,6,6,6,4,1,1,1,1,1
0,0,0,1,4,1,1,4,4,4,4,3,6,4,4,4,1,4,1,1,4,1
0,0,0,1,1,1,1,1,4,1,3,6,3,4,3,4,1,1,1,1,1,1
0,0,0,1,4,1,0,1,1,4,6,4,1,4,6,4,6,4,1,1,4,1
0,0,0,1,1,1,1,1,1,6,3,6,1,4,1,4,3,1,1,1,1,1
0,0,0,1,4,1,1,4,1,1,1,1,4,1,1,4,4,1,4,1,4,1
0,0,0,1,1,1,1,1,1,0,0,1,1,1,1,1,1,1,1,1,1,1
0,0,0,1,4,1,1,1,1,1,1,1,1,1,1,1,1,1,1,1,4,1
0,0,0,1,1,4,1,4,1,4,1,4,1,4,1,4,1,4,1,4,1,0
0,0,0,0,1,1,1,1,1,1,1,1,1,1,1,1,1,1,1,1,1,0
SpriteSpeccyBlock,27,3,3
7,0,1,7,0,1,7,0,1
7,0,1,7,0,1,7,0,0
7,0,1,7,0,1,7,0,0
SpriteAttribs,27,0,0,0
SpriteBitmapBlock,28,14,21
0,0,0,0,0,0,0,0,0,0,0,0,0,0,0,0,0,0,0,0,0
0,0,0,0,0,0,0,0,0,0,0,0,0,0,0,0,0,0,0,0,0
0,0,0,0,0,0,0,0,0,0,2,2,2,0,0,0,0,0,2,0,0
0,0,2,2,0,0,0,0,0,0,0,0,0,0,0,0,0,0,0,0,0
0,0,0,0,2,2,0,0,0,0,0,0,0,0,0,0,2,0,0,0,0
0,0,0,0,0,0,0,0,0,0,0,0,0,0,2,2,0,2,2,0,0
0,0,0,0,0,0,0,0,0,0,0,0,0,0,0,0,0,0,0,0,0
0,0,0,0,0,0,0,0,0,0,0,0,0,0,0,0,0,0,0,0,0
0,0,0,0,0,0,0,0,0,0,0,0,0,0,0,0,0,0,0,0,0
0,0,0,0,0,0,0,0,2,0,0,0,2,2,2,0,0,2,0,0,0
0,0,0,0,0,0,0,0,2,0,2,0,0,0,0,0,0,0,0,0,2
0,0,0,0,0,0,2,0,0,0,2,2,0,0,0,0,0,0,0,2,0
2,0,0,0,0,0,0,0,0,0,0,0,2,0,0,0,0,2,2,2,0
0,2,2,2,0,0,0,0,0,0,0,0,0,0,2,2,2,2,0,0,0
SpriteSpeccyBlock,28,2,3
7,0,1,7,0,1,7,0,1
7,0,1,7,0,1,7,0,1
SpriteAttribs,28,128,0,0
SpriteBitmapBlock,29,16,24
0,0,0,0,0,0,0,0,0,0,0,0,0,0,0,0,0,0,0,0,0,0,0,0
0,0,0,0,0,0,0,0,0,0,0,0,0,0,0,0,0,0,0,0,0,0,0,0
0,0,0,0,0,0,0,0,0,0,0,0,0,0,0,0,0,0,0,0,0,0,0,0
0,0,1,1,1,1,1,0,0,0,0,0,0,0,0,0,0,1,1,1,1,1,0,0
0,1,1,7,7,7,1,1,0,1,1,1,1,1,1,0,1,1,8,8,8,1,1,0
1,1,7,1,11,1,7,1,1,1,4,4,2,4,1,1,1,8,13,1,1,8,1,1
1,7,1,1,1,1,1,7,2,4,4,2,4,4,4,2,8,1,1,1,1,1,8,1
7,1,1,1,11,1,1,1,4,2,4,2,4,2,2,4,1,1,13,1,1,1,1,8
7,1,1,1,1,11,1,1,4,4,2,4,2,4,4,4,1,13,1,1,1,1,1,8
7,1,1,1,15,15,1,1,2,2,2,4,2,4,4,2,15,15,1,1,1,1,1,8
7,1,1,15,2,2,15,1,4,4,4,2,4,2,2,15,2,2,15,1,1,1,8,1
1,7,1,15,2,2,15,11,1,4,4,4,2,4,4,15,2,2,15,1,1,8,1,1
1,1,7,1,15,2,2,15,1,1,4,2,4,4,1,15,2,2,2,15,13,1,1,0
0,1,1,11,15,2,2,15,1,1,1,1,1,1,1,1,15,2,2,15,1,1,0,0
0,0,1,1,15,2,2,15,1,0,0,0,0,0,0,1,15,2,2,15,1,0,0,0
0,0,0,1,15,15,15,1,1,0,0,0,0,0,0,1,15,15,15,1,1,0,0,0
SpriteSpeccyBlock,29,2,3
7,0,0,7,0,0,7,0,0
7,0,0,7,0,0,7,0,0
SpriteAttribs,29,128,0,0
spritebank,2
SpriteStart
SpriteBitmapBlock,0,0,0
SpriteSpeccyBlock,0,0,0
SpriteAttribs,0,0,0,0
SpriteBitmapBlock,1,0,0
SpriteSpeccyBlock,1,0,0
SpriteAttribs,1,128,0,0
SpriteBitmapBlock,2,0,0
SpriteSpeccyBlock,2,0,0
SpriteAttribs,2,128,0,0
SpriteBitmapBlock,3,0,0
SpriteSpeccyBlock,3,0,0
SpriteAttribs,3,128,0,0
SpriteBitmapBlock,4,37,24
0,0,0,0,0,0,0,0,0,0,0,0,0,0,0,0,0,0,0,0,0,0,0,0
0,0,0,0,0,0,0,0,0,0,0,0,0,0,0,0,0,0,0,0,0,0,0,0
0,0,0,0,0,0,0,0,0,0,0,0,0,0,0,0,0,0,0,0,0,0,0,0
0,0,0,0,0,0,0,0,0,0,0,0,0,0,0,0,0,0,0,0,0,0,0,0
0,0,0,0,0,0,0,0,0,0,0,0,0,0,0,0,0,0,0,0,0,0,0,0
0,0,0,0,0,0,0,0,0,0,0,0,0,0,0,0,0,0,0,0,0,0,0,0
0,0,0,0,0,0,0,0,0,0,0,0,0,0,0,0,0,0,0,0,0,0,0,0
0,0,0,0,0,0,0,0,0,0,0,0,0,0,0,0,0,0,0,0,0,0,0,0
0,0,0,0,0,0,0,0,0,0,0,0,0,0,0,0,0,0,0,0,0,0,0,0
0,0,0,0,0,0,0,0,0,0,0,0,0,0,0,0,0,0,0,0,0,0,0,0
0,0,0,0,0,0,0,0,0,0,0,0,0,0,0,0,0,0,0,0,0,0,0,0
0,0,0,0,0,0,0,0,0,0,0,0,0,0,0,0,0,0,0,0,0,0,0,0
0,0,0,0,0,0,0,0,0,0,0,0,0,0,0,0,0,0,0,0,0,0,0,0
0,0,0,0,0,0,0,0,0,0,0,0,0,0,0,0,0,0,0,0,0,0,0,0
0,0,0,0,0,0,0,0,0,0,0,0,0,0,0,0,0,0,0,0,0,0,0,0
0,0,0,0,0,0,0,0,0,0,0,0,0,0,0,0,0,0,0,0,0,0,0,0
0,0,0,0,0,0,0,0,0,0,0,0,0,0,0,0,0,0,0,0,0,0,0,0
0,0,0,0,0,0,0,0,0,0,0,0,0,0,0,0,0,0,0,0,0,0,0,0
0,0,0,0,0,0,0,0,0,0,0,0,0,0,0,0,0,0,0,0,0,0,0,0
0,0,0,0,0,0,0,0,0,0,0,0,0,0,0,0,0,0,0,0,0,0,0,0
0,0,0,0,0,0,0,0,0,0,0,0,0,0,0,0,0,0,0,0,0,0,0,0
0,0,0,0,0,0,0,0,0,0,0,0,0,0,0,0,0,0,0,0,0,0,0,0
0,0,0,0,0,0,0,0,0,0,0,0,0,0,0,0,0,0,0,0,0,0,0,0
0,0,0,0,0,0,0,0,0,0,0,0,0,0,0,0,0,0,0,0,0,0,0,0
0,0,0,0,0,0,0,0,0,0,0,0,0,0,0,0,0,0,0,0,0,0,0,0
0,0,0,0,0,0,0,0,0,0,0,0,0,0,0,0,0,0,0,0,0,0,0,0
0,0,0,0,0,0,0,0,0,0,0,0,0,0,0,0,0,0,0,0,0,0,0,0
0,0,0,0,0,0,0,0,0,0,0,0,0,0,0,0,0,0,0,0,0,0,0,0
0,0,0,0,0,0,0,0,0,0,0,0,0,0,0,0,0,0,0,0,0,0,0,0
0,0,0,0,0,0,0,0,0,0,0,0,0,0,0,0,0,0,0,0,0,0,0,0
0,0,0,0,0,0,0,0,0,0,0,0,0,0,0,0,0,0,0,0,0,0,0,0
0,0,0,0,0,0,0,0,0,0,0,0,0,0,0,0,0,0,0,0,0,0,0,0
0,0,0,0,0,0,0,0,0,0,0,0,0,0,0,0,0,0,0,0,0,0,0,0
0,0,0,0,0,0,0,0,0,0,0,0,0,0,0,0,0,0,0,0,0,0,0,0
0,0,0,0,0,0,0,0,0,0,0,0,0,0,0,0,0,0,0,0,0,0,0,0
0,0,0,0,0,0,0,0,0,0,0,0,0,0,0,0,0,0,0,0,0,0,0,0
0,0,0,0,0,0,0,0,0,0,0,0,0,0,0,0,0,0,0,0,0,0,0,0
SpriteSpeccyBlock,4,5,3
7,0,1,7,0,1,7,0,1
7,0,1,7,0,1,7,0,1
7,0,1,7,0,1,7,0,1
7,0,1,7,0,1,7,0,1
7,0,1,7,0,1,7,0,1
SpriteAttribs,4,0,1,0
spritebank,3
SpriteStart
SpriteBitmapBlock,0,0,0
SpriteSpeccyBlock,0,0,0
SpriteAttribs,0,0,0,0
SpriteBitmapBlock,1,0,0
SpriteSpeccyBlock,1,0,0
SpriteAttribs,1,128,0,0
SpriteBitmapBlock,2,0,0
SpriteSpeccyBlock,2,0,0
SpriteAttribs,2,128,0,0
SpriteBitmapBlock,3,0,0
SpriteSpeccyBlock,3,0,0
SpriteAttribs,3,128,0,0
SpriteBitmapBlock,4,37,24
0,0,0,0,0,0,0,0,0,0,0,0,0,0,0,0,0,0,0,0,0,0,0,0
0,0,0,0,0,0,0,0,0,0,0,0,0,0,0,0,0,0,0,0,0,0,0,0
0,0,0,0,0,0,0,0,0,0,0,0,0,0,0,0,0,0,0,0,0,0,0,0
0,0,0,0,0,0,0,0,0,0,0,0,0,0,0,0,0,0,0,0,0,0,0,0
0,0,0,0,0,0,0,0,0,0,0,0,0,0,0,0,0,0,0,0,0,0,0,0
0,0,0,0,0,0,0,0,0,0,0,0,0,0,0,0,0,0,0,0,0,0,0,0
0,0,0,0,0,0,0,0,0,0,0,0,0,0,0,0,0,0,0,0,0,0,0,0
0,0,0,0,0,0,0,0,0,0,0,0,0,0,0,0,0,0,0,0,0,0,0,0
0,0,0,0,0,0,0,0,0,0,0,0,0,0,0,0,0,0,0,0,0,0,0,0
0,0,0,0,0,0,0,0,0,0,0,0,0,0,0,0,0,0,0,0,0,0,0,0
0,0,0,0,0,0,0,0,0,0,0,0,0,0,0,0,0,0,0,0,0,0,0,0
0,0,0,0,0,0,0,0,0,0,0,0,0,0,0,0,0,0,0,0,0,0,0,0
0,0,0,0,0,0,0,0,0,0,0,0,0,0,0,0,0,0,0,0,0,0,0,0
0,0,0,0,0,0,0,0,0,0,0,0,0,0,0,0,0,0,0,0,0,0,0,0
0,0,0,0,0,0,0,0,0,0,0,0,0,0,0,0,0,0,0,0,0,0,0,0
0,0,0,0,0,0,0,0,0,0,0,0,0,0,0,0,0,0,0,0,0,0,0,0
0,0,0,0,0,0,0,0,0,0,0,0,0,0,0,0,0,0,0,0,0,0,0,0
0,0,0,0,0,0,0,0,0,0,0,0,0,0,0,0,0,0,0,0,0,0,0,0
0,0,0,0,0,0,0,0,0,0,0,0,0,0,0,0,0,0,0,0,0,0,0,0
0,0,0,0,0,0,0,0,0,0,0,0,0,0,0,0,0,0,0,0,0,0,0,0
0,0,0,0,0,0,0,0,0,0,0,0,0,0,0,0,0,0,0,0,0,0,0,0
0,0,0,0,0,0,0,0,0,0,0,0,0,0,0,0,0,0,0,0,0,0,0,0
0,0,0,0,0,0,0,0,0,0,0,0,0,0,0,0,0,0,0,0,0,0,0,0
0,0,0,0,0,0,0,0,0,0,0,0,0,0,0,0,0,0,0,0,0,0,0,0
0,0,0,0,0,0,0,0,0,0,0,0,0,0,0,0,0,0,0,0,0,0,0,0
0,0,0,0,0,0,0,0,0,0,0,0,0,0,0,0,0,0,0,0,0,0,0,0
0,0,0,0,0,0,0,0,0,0,0,0,0,0,0,0,0,0,0,0,0,0,0,0
0,0,0,0,0,0,0,0,0,0,0,0,0,0,0,0,0,0,0,0,0,0,0,0
0,0,0,0,0,0,0,0,0,0,0,0,0,0,0,0,0,0,0,0,0,0,0,0
0,0,0,0,0,0,0,0,0,0,0,0,0,0,0,0,0,0,0,0,0,0,0,0
0,0,0,0,0,0,0,0,0,0,0,0,0,0,0,0,0,0,0,0,0,0,0,0
0,0,0,0,0,0,0,0,0,0,0,0,0,0,0,0,0,0,0,0,0,0,0,0
0,0,0,0,0,0,0,0,0,0,0,0,0,0,0,0,0,0,0,0,0,0,0,0
0,0,0,0,0,0,0,0,0,0,0,0,0,0,0,0,0,0,0,0,0,0,0,0
0,0,0,0,0,0,0,0,0,0,0,0,0,0,0,0,0,0,0,0,0,0,0,0
0,0,0,0,0,0,0,0,0,0,0,0,0,0,0,0,0,0,0,0,0,0,0,0
0,0,0,0,0,0,0,0,0,0,0,0,0,0,0,0,0,0,0,0,0,0,0,0
SpriteSpeccyBlock,4,5,3
7,0,1,7,0,1,7,0,1
7,0,1,7,0,1,7,0,1
7,0,1,7,0,1,7,0,1
7,0,1,7,0,1,7,0,1
7,0,1,7,0,1,7,0,1
SpriteAttribs,4,0,1,0
SpriteDataOffSet,&360
eof
