FileVersion,1
Sprites,64
Colorselector,0,0,0,0
Colorselector,1,128,0,255
Colorselector,2,0,255,255
Colorselector,3,255,255,255
Colorselector,4,64,64,64
Colorselector,5,80,80,80
Colorselector,6,96,96,96
Colorselector,7,112,112,112
Colorselector,8,128,128,128
Colorselector,9,144,144,144
Colorselector,10,160,160,160
Colorselector,11,176,176,176
Colorselector,12,192,192,192
Colorselector,13,208,208,208
Colorselector,14,224,224,224
Colorselector,15,240,240,240
Colorselector,16,255,0,255
spritebank,0
SpriteStart
SpriteBitmapBlock,0,24,24
0,0,0,0,0,0,0,0,0,0,0,0,0,0,0,0,0,0,0,0,0,0,0,0
0,0,0,0,0,0,0,0,0,0,0,0,0,0,0,0,0,0,0,0,0,0,0,0
0,0,0,0,0,0,0,0,0,0,0,0,0,0,0,0,0,0,0,0,0,0,0,0
0,0,0,0,0,0,0,0,0,0,0,0,0,0,0,0,0,0,0,0,0,0,0,0
0,0,0,0,0,0,0,0,0,0,0,0,0,0,0,0,0,0,0,0,0,0,0,0
0,0,0,0,0,0,0,0,0,0,0,0,0,0,0,0,0,0,0,0,0,0,0,0
0,0,0,0,0,0,0,0,0,0,0,0,0,0,0,0,0,0,0,0,0,0,0,0
0,0,0,0,0,0,0,0,0,0,0,0,0,0,0,0,0,0,0,0,0,0,0,0
0,0,0,0,0,0,0,0,0,0,0,0,0,0,0,0,0,0,0,0,0,0,0,0
0,0,0,0,0,0,0,0,0,0,0,0,0,0,0,0,0,0,0,0,0,0,0,0
0,0,0,0,0,0,0,0,0,0,0,0,0,0,0,3,3,0,0,0,0,0,0,0
0,0,0,0,0,0,0,0,0,0,0,0,0,0,3,3,0,0,3,3,0,0,0,0
0,0,0,0,0,0,0,0,0,0,0,0,0,0,3,0,3,3,0,3,3,0,0,0
0,0,0,0,0,0,0,0,0,0,0,0,0,3,0,0,3,0,0,0,0,0,0,0
0,0,0,0,0,0,0,0,0,0,0,0,3,3,3,3,0,0,0,0,0,0,0,0
0,0,0,0,0,0,0,0,0,0,0,3,3,3,1,3,3,3,3,3,0,0,0,0
0,0,0,0,0,0,0,0,0,0,0,3,3,3,3,3,3,3,3,3,3,0,3,3
0,0,0,0,0,0,0,0,0,0,3,3,3,3,0,3,3,3,3,3,3,3,3,3
0,0,0,0,0,0,0,0,0,0,1,3,3,0,3,3,3,3,3,3,3,3,0,0
0,0,0,0,0,0,0,0,0,0,0,0,0,0,0,3,3,3,3,3,3,3,0,0
0,0,0,0,0,0,0,0,0,0,0,0,0,0,0,0,3,3,3,3,3,0,0,0
0,0,0,0,0,0,0,0,0,0,0,0,0,0,0,0,3,3,0,3,3,0,0,0
0,0,0,0,0,0,0,0,0,0,0,0,0,0,0,3,3,0,0,3,0,0,0,0
0,0,0,0,0,0,0,0,0,0,0,0,0,0,0,0,0,0,3,3,0,0,0,0
SpriteSpeccyBlock,0,3,3
7,0,1,7,0,1,7,0,1
7,0,1,7,0,1,7,0,1
7,0,1,7,0,1,7,0,1
SpriteAttribs,0,0,0,0
SpriteBitmapBlock,1,24,24
0,0,0,0,0,0,0,0,0,0,0,0,0,0,0,0,0,0,0,0,0,0,0,0
0,0,0,0,0,0,0,0,0,0,0,0,0,0,0,0,0,0,0,0,0,0,0,0
0,0,0,0,0,0,0,0,0,0,0,0,0,0,0,0,0,0,0,0,0,0,0,0
0,0,0,0,0,0,0,0,0,0,0,0,0,0,0,0,0,0,0,0,0,0,0,0
0,0,0,0,0,0,0,0,0,0,0,0,0,0,0,0,0,0,0,0,0,0,0,0
0,0,0,0,0,0,0,0,0,0,0,0,0,0,0,0,0,0,0,0,0,0,0,0
0,0,0,0,0,0,0,0,0,0,0,0,0,0,0,0,0,0,0,0,0,0,0,0
0,0,0,0,0,0,0,0,0,0,0,0,0,0,0,0,0,0,0,0,0,0,0,0
0,0,0,0,0,0,0,0,0,0,0,0,0,0,0,0,0,0,0,0,0,0,0,0
0,0,0,0,0,0,0,0,0,0,0,0,0,0,0,0,0,0,0,0,0,0,0,0
0,0,0,0,0,0,0,0,0,0,0,0,0,0,1,1,1,2,2,0,0,0,0,0
0,0,0,0,0,0,0,0,0,0,0,0,0,1,1,1,1,1,2,2,2,0,0,0
0,0,0,0,0,0,0,0,0,0,0,0,1,1,1,2,2,1,1,2,2,2,0,0
0,0,0,0,3,3,3,3,0,0,0,1,1,1,2,0,0,2,1,2,2,2,2,0
0,0,3,3,0,0,0,0,3,0,0,1,1,2,3,3,2,1,1,2,2,2,2,2
0,3,0,0,0,3,3,0,0,3,0,1,1,1,2,2,1,1,1,2,2,2,2,2
3,3,3,3,3,0,0,3,3,0,3,1,1,1,1,1,1,1,1,2,2,2,2,2
0,0,0,0,0,0,0,0,0,3,3,3,1,1,1,1,1,1,1,2,2,2,2,2
3,3,3,3,0,0,0,0,3,0,0,3,1,1,1,1,1,1,1,2,2,2,2,2
0,3,0,0,3,3,3,3,0,0,0,3,1,1,1,1,1,1,1,2,2,2,2,2
0,3,0,0,0,0,0,0,0,0,3,1,1,1,1,1,1,1,1,2,2,2,2,0
0,0,3,0,0,0,0,0,0,3,0,0,1,1,1,1,1,1,2,2,2,2,0,0
0,0,0,3,0,0,0,0,3,0,0,0,0,1,1,1,1,2,2,2,2,0,0,0
0,0,0,0,3,3,3,3,0,0,0,0,0,0,1,1,2,2,2,0,0,0,0,0
SpriteSpeccyBlock,1,3,3
7,0,1,7,0,1,7,0,1
7,0,1,7,0,1,7,0,0
7,0,1,7,0,1,7,0,0
SpriteAttribs,1,128,0,0
SpriteBitmapBlock,2,24,24
0,0,0,0,0,0,0,0,0,0,0,0,0,0,0,0,0,0,0,0,0,0,0,0
0,0,0,0,0,0,0,0,0,0,0,0,0,0,0,0,0,0,0,0,0,0,0,0
0,0,0,0,0,0,0,0,0,0,0,0,0,0,0,0,0,0,0,0,0,0,0,0
0,0,0,0,0,0,0,0,0,0,0,0,0,0,0,0,0,0,0,0,0,0,0,0
0,0,0,0,0,0,0,0,0,0,0,0,0,0,0,0,0,0,0,0,0,0,0,0
0,0,0,0,0,0,0,0,0,0,0,0,0,0,0,0,0,0,0,3,3,3,3,0
0,0,0,0,0,0,0,0,0,0,0,0,0,0,0,3,3,3,3,3,3,3,3,3
0,0,0,0,0,0,0,0,0,0,0,0,3,3,3,3,0,0,0,0,0,0,3,3
0,0,0,0,0,0,0,3,3,3,3,3,3,0,0,0,3,3,3,3,3,3,3,3
0,0,0,0,0,0,3,3,3,0,0,0,0,3,3,3,3,3,3,3,3,3,0,0
0,0,0,0,0,3,3,0,0,3,3,3,3,3,3,3,0,0,0,0,0,0,3,0
0,0,0,0,1,1,2,2,3,3,3,3,3,3,0,0,2,2,1,1,0,3,3,3
0,0,0,1,0,1,0,0,2,0,0,0,0,0,0,2,0,1,0,0,1,0,3,0
0,0,1,0,1,0,0,0,0,1,0,3,3,0,2,0,0,0,1,0,0,2,0,0
0,1,0,0,0,0,0,1,0,0,1,0,0,2,0,0,1,0,0,0,0,0,2,0
1,0,0,0,1,0,0,0,0,0,0,1,2,0,0,0,0,0,1,0,0,0,0,2
1,0,0,0,0,1,0,0,0,0,0,1,2,0,0,0,0,1,0,0,0,0,0,2
1,0,0,0,3,3,0,0,0,0,0,1,2,0,0,0,3,3,0,0,0,0,0,2
1,0,0,3,1,1,3,0,0,0,0,1,2,0,0,3,1,1,3,0,0,0,0,2
0,1,0,3,1,1,3,0,0,0,1,0,0,2,0,3,1,1,3,0,0,0,2,0
0,0,3,1,1,3,0,0,0,1,0,0,0,0,3,1,1,3,0,0,0,2,0,0
0,0,3,1,1,3,0,0,2,0,0,0,0,0,3,1,1,3,0,0,1,0,0,0
0,0,3,1,1,3,2,2,0,0,0,0,0,0,3,1,1,3,1,1,0,0,0,0
0,0,3,3,3,0,0,0,0,0,0,0,0,0,3,3,3,0,0,0,0,0,0,0
SpriteSpeccyBlock,2,3,3
7,0,1,7,0,1,7,0,1
7,0,1,7,0,1,7,0,1
7,0,1,7,0,1,7,0,1
SpriteAttribs,2,128,0,0
SpriteBitmapBlock,3,24,24
0,0,0,0,0,0,0,0,0,0,0,0,0,0,0,0,0,0,0,0,0,0,0,0
0,0,0,0,0,0,0,0,0,0,0,0,0,0,0,0,0,0,0,0,0,0,0,0
0,0,0,0,0,0,0,0,0,0,0,0,0,0,0,0,0,0,0,0,0,0,0,0
0,0,0,0,0,0,0,0,0,0,0,0,0,0,0,0,0,0,0,0,0,0,0,0
0,0,0,0,0,0,0,0,0,0,0,0,0,0,0,0,0,0,0,0,0,0,0,0
0,0,0,0,0,0,0,0,0,0,0,0,0,0,0,0,0,0,0,0,0,0,0,0
0,0,0,0,0,0,0,0,0,0,0,0,0,0,0,0,0,0,0,0,0,0,0,0
0,0,0,0,0,0,0,0,0,0,0,0,0,0,0,0,0,0,0,0,0,0,0,0
0,0,0,0,0,0,0,0,0,0,0,0,0,0,0,0,0,0,0,0,0,0,0,0
0,0,0,0,0,0,0,0,0,0,0,0,0,0,0,0,0,0,0,0,0,0,0,0
0,0,0,0,0,0,0,0,0,0,0,0,0,0,0,0,0,0,0,0,0,0,0,0
0,0,0,0,1,1,1,2,2,2,1,0,0,0,0,0,0,0,0,0,0,0,0,0
0,0,1,1,1,1,2,2,2,2,1,1,1,0,0,0,0,0,0,0,0,0,0,0
0,1,1,1,1,2,2,2,2,1,1,1,1,2,0,0,0,0,0,0,0,0,0,0
1,1,1,1,1,2,2,2,2,1,1,1,2,2,2,0,0,0,0,0,0,0,0,0
1,1,1,1,2,2,2,2,1,1,1,1,2,2,2,2,0,0,0,0,0,0,0,0
1,1,1,1,2,2,2,2,1,1,1,1,2,2,2,2,3,0,0,0,0,0,0,0
1,1,1,1,2,2,2,2,1,1,1,1,2,2,2,2,3,3,3,3,3,3,3,3
1,1,1,1,2,2,2,2,1,1,1,1,2,2,2,2,3,0,0,0,0,0,0,0
1,1,1,1,2,2,2,2,1,1,1,1,2,2,2,2,0,0,0,0,0,0,0,0
0,1,1,1,1,2,2,2,2,1,1,1,2,2,2,0,0,0,0,0,0,0,0,0
0,0,1,1,1,2,2,2,2,1,1,1,1,2,0,0,0,0,0,0,0,0,0,0
0,0,0,1,1,1,2,2,2,2,1,1,1,0,0,0,0,0,0,0,0,0,0,0
0,0,0,0,0,1,1,2,2,2,1,0,0,0,0,0,0,0,0,0,0,0,0,0
SpriteSpeccyBlock,3,3,3
7,0,1,7,0,1,7,0,1
7,0,0,7,0,0,7,0,1
7,0,0,7,0,0,7,0,1
SpriteAttribs,3,128,0,0
SpriteBitmapBlock,4,37,19
0,0,0,0,0,0,0,0,0,0,0,1,0,0,1,0,0,0,0
0,0,0,0,0,0,0,0,0,0,1,1,1,1,1,1,0,0,0
0,0,0,0,0,0,0,0,0,0,1,1,1,1,1,1,1,0,1
0,0,0,0,0,0,0,0,0,1,1,1,2,2,1,1,1,1,0
0,0,0,0,3,0,0,0,0,0,1,3,0,0,2,1,1,1,0
0,0,0,3,3,3,0,0,0,0,2,3,0,2,2,1,2,1,1
0,0,2,2,3,3,0,0,0,2,2,2,2,0,2,2,2,1,1
0,3,2,2,2,0,0,0,0,0,2,2,2,2,2,2,1,1,1
3,3,2,2,0,3,3,0,0,0,0,2,0,3,0,2,1,1,0
0,3,3,0,3,3,1,1,1,1,0,0,2,0,3,1,1,1,1
0,0,0,0,0,3,1,1,1,1,1,0,0,2,2,1,0,0,1
0,0,0,0,0,0,0,0,1,1,1,1,0,1,1,0,0,0,0
0,0,0,0,0,0,0,0,0,0,1,1,0,0,0,2,2,0,0
0,0,0,0,0,0,0,0,0,0,0,0,2,0,2,2,2,0,0
0,0,0,0,2,2,0,2,2,2,0,2,3,3,2,3,2,0,0
0,0,0,2,2,2,3,2,3,0,2,3,2,2,0,0,0,2,0
0,0,0,2,2,0,2,0,0,0,0,0,0,0,1,1,2,2,0
0,0,0,0,2,0,0,0,0,0,0,1,0,1,1,1,1,3,0
0,0,0,1,1,1,0,0,0,0,0,1,0,0,1,2,2,2,0
0,0,1,0,0,0,1,0,0,0,0,0,1,1,0,1,1,2,0
0,1,0,1,0,1,0,1,0,0,0,0,1,1,0,1,2,3,0
1,0,0,0,1,0,0,0,1,0,0,0,0,0,0,0,2,0,0
0,0,1,0,0,1,0,1,0,0,0,1,1,0,1,1,0,1,0
1,0,0,1,0,0,0,0,1,0,0,1,1,1,0,1,0,1,0
0,1,0,0,0,1,0,1,0,0,0,0,1,1,1,0,1,1,0
1,0,1,0,1,0,1,0,1,0,0,0,1,1,0,1,1,0,0
0,0,0,0,0,0,0,0,0,0,0,0,1,1,1,1,1,0,0
0,0,0,0,0,0,0,0,0,0,0,0,1,1,0,1,1,0,0
0,0,0,0,0,0,0,0,0,0,0,0,1,1,1,1,0,0,0
0,0,0,0,0,0,0,0,0,0,0,0,0,1,0,1,0,0,0
0,0,0,0,0,0,0,0,0,0,0,0,0,1,1,1,0,0,0
0,0,0,0,0,0,0,0,0,0,0,0,0,1,0,1,0,0,0
0,0,0,0,0,0,0,0,0,0,0,0,0,1,1,1,0,0,0
0,0,0,0,0,0,0,0,0,0,0,0,0,0,1,1,0,0,0
0,0,0,0,0,0,0,0,0,0,0,0,0,0,0,0,0,0,0
0,0,0,0,0,0,0,0,0,0,0,0,1,1,1,1,0,0,0
0,0,0,0,0,0,0,0,0,0,0,1,1,1,1,1,0,0,0
SpriteSpeccyBlock,4,5,3
7,0,1,7,0,1,7,0,1
7,0,1,7,0,1,7,0,1
7,0,1,7,0,1,7,0,1
7,0,1,7,0,1,7,0,1
7,0,1,7,0,1,7,0,1
SpriteAttribs,4,0,0,0
SpriteBitmapBlock,5,24,24
0,0,3,3,3,0,0,0,0,0,0,0,0,0,0,0,0,0,0,0,0,0,0,0
0,0,1,0,0,3,0,0,0,0,0,0,0,0,0,0,0,0,0,0,0,0,0,0
3,3,3,0,0,0,3,0,0,0,0,3,3,3,0,0,0,0,0,0,0,0,0,0
1,0,0,3,0,0,3,0,0,0,3,2,0,0,3,3,3,3,0,0,0,0,0,0
0,0,0,0,3,3,3,3,0,0,3,2,0,3,2,3,0,0,3,3,0,0,0,0
0,0,3,3,3,3,3,3,3,0,0,3,0,3,2,0,0,3,2,3,0,0,0,0
0,3,3,3,3,3,3,0,3,3,0,0,3,2,3,0,3,3,2,3,3,0,0,0
3,3,0,0,3,3,3,0,0,3,3,0,2,3,0,0,3,2,3,0,3,0,0,0
3,0,0,3,3,3,0,0,0,3,3,0,3,0,0,3,2,3,0,0,0,3,0,0
3,2,2,3,0,0,3,0,0,0,3,0,0,0,3,2,0,0,0,3,3,3,0,0
3,3,3,0,0,0,0,0,0,3,3,0,3,3,0,0,0,3,3,2,0,0,3,0
3,0,0,3,0,0,0,3,0,3,3,0,3,0,0,3,3,2,2,0,0,0,3,0
0,3,0,0,0,0,0,0,3,3,0,0,0,3,0,2,2,0,0,0,3,3,3,0
0,0,0,0,0,3,0,3,3,3,0,0,0,3,3,3,3,3,0,3,0,0,0,3
0,0,0,3,0,3,3,3,3,0,3,3,3,0,0,3,0,0,3,0,0,2,2,3
0,0,0,0,3,3,3,3,0,3,3,0,3,3,3,0,3,0,0,0,2,0,3,3
0,0,0,0,0,0,0,0,3,3,3,0,3,3,0,3,0,3,2,2,3,3,0,3
0,0,0,0,0,0,0,0,3,0,0,3,3,0,0,3,0,0,3,3,0,0,2,3
0,0,0,0,0,0,1,1,0,3,3,3,0,0,3,3,3,0,0,3,2,2,3,3
0,0,0,0,0,1,0,0,0,1,0,3,3,3,3,3,0,3,0,0,3,3,0,0
0,0,0,0,0,1,0,1,1,0,0,0,0,3,3,0,0,3,3,0,0,0,0,0
0,0,0,0,0,0,0,1,0,0,0,0,0,1,0,3,3,3,0,0,0,0,0,0
0,0,0,0,0,0,0,0,0,0,0,0,0,1,0,0,1,0,0,0,0,0,0,0
0,0,0,0,0,0,0,0,0,0,0,0,0,0,0,0,1,0,0,0,0,0,0,0
SpriteSpeccyBlock,5,3,3
7,0,1,7,0,1,7,0,1
7,0,1,7,0,1,7,0,1
7,0,1,7,0,1,7,0,1
SpriteAttribs,5,0,0,0
SpriteBitmapBlock,6,24,32
0,0,0,0,0,0,0,0,0,0,0,0,0,0,0,0,0,0,0,0,0,0,0,0,0,0,0,0,0,0,0,0
0,0,0,0,0,0,0,0,0,0,0,0,0,0,0,0,0,0,0,0,0,0,0,0,0,0,0,0,0,0,0,0
0,0,0,0,0,0,2,0,2,0,2,0,0,0,0,0,0,0,0,0,0,0,0,0,0,0,0,0,0,0,0,0
0,0,0,0,0,0,2,2,2,2,0,1,0,0,0,0,0,0,0,0,0,0,0,0,0,0,0,0,0,0,0,0
0,0,0,0,1,1,1,1,1,0,1,0,1,0,0,0,0,0,0,0,0,0,0,0,0,0,0,0,0,0,0,0
0,0,1,1,1,1,1,1,1,1,0,0,1,0,0,0,0,0,0,0,0,0,0,0,0,0,0,0,0,0,0,0
0,1,1,1,1,1,0,0,0,0,1,1,0,0,0,0,0,0,0,0,0,0,0,0,0,0,0,0,0,0,0,0
1,0,0,1,1,1,1,3,0,1,1,1,1,0,0,0,0,1,1,1,1,1,1,1,0,0,0,0,0,0,0,0
1,1,1,1,1,1,1,3,1,1,1,1,1,0,1,1,1,1,1,1,1,1,1,1,1,1,1,0,0,0,0,0
1,1,1,1,1,1,3,3,3,1,1,1,1,0,1,1,1,1,1,1,1,1,1,2,1,2,1,1,1,0,0,0
1,1,1,1,1,1,3,2,3,1,1,1,1,0,0,1,1,1,1,2,2,2,1,3,2,3,2,1,1,1,0,0
0,1,1,1,0,0,1,1,1,1,1,1,0,1,1,1,1,1,2,3,0,3,2,3,0,0,2,1,1,1,1,0
0,1,1,0,1,1,0,1,1,1,1,0,1,1,1,1,1,2,0,3,0,0,0,0,0,3,2,1,1,1,0,1
0,0,0,0,1,1,1,1,0,0,0,1,1,1,1,1,1,2,0,0,0,3,0,3,2,3,2,1,1,1,0,1
0,0,0,0,0,0,0,0,0,0,1,1,1,1,1,1,1,1,2,3,2,3,2,2,2,2,1,1,1,1,0,1
0,0,0,0,0,0,0,0,0,0,0,1,1,1,1,1,1,1,2,2,1,2,1,1,2,1,2,1,1,0,0,1
0,0,0,0,0,0,0,0,0,0,0,1,1,1,1,1,1,1,1,2,1,2,1,2,1,2,1,1,1,0,0,1
0,0,0,0,0,0,0,0,0,0,0,0,1,1,1,1,0,1,1,1,1,1,0,1,1,1,1,1,0,0,0,0
0,0,0,0,0,0,0,0,0,0,0,0,0,1,1,1,0,0,0,0,0,0,0,0,1,1,1,0,0,0,0,0
0,0,0,0,0,0,0,0,0,0,0,0,0,1,1,1,0,0,0,0,0,0,1,0,1,1,1,0,0,0,0,0
0,0,0,0,0,0,0,0,0,0,0,0,0,1,1,1,0,0,0,0,0,0,1,0,1,1,1,0,0,0,0,0
0,0,0,0,0,0,0,0,0,0,0,0,0,1,1,1,0,0,0,0,0,0,1,0,1,1,1,0,0,0,0,0
0,0,0,0,0,0,0,0,0,0,0,0,1,1,1,1,0,0,0,0,0,1,0,1,1,1,1,0,0,0,0,0
0,0,0,0,0,0,0,0,0,0,0,0,1,1,1,1,0,0,0,0,0,1,0,1,1,1,1,0,0,0,0,0
SpriteSpeccyBlock,6,3,4
7,0,1,7,0,1,7,0,1,7,0,1
7,0,1,7,0,1,7,0,1,7,0,1
7,0,1,7,0,1,7,0,1,7,0,1
SpriteAttribs,6,0,0,0
SpriteBitmapBlock,7,14,23
3,0,0,0,3,0,0,0,3,0,0,0,3,0,0,0,3,0,0,0,3,0,0
0,0,0,0,0,0,0,0,0,0,0,0,0,2,0,0,0,0,0,0,0,0,0
3,0,0,0,3,0,0,0,3,0,0,0,3,2,2,0,3,0,0,0,3,0,0
0,0,0,0,0,0,0,0,0,0,0,0,0,0,0,2,0,0,0,0,0,0,0
3,0,0,0,3,2,2,0,3,0,0,0,3,0,0,0,3,2,2,2,3,0,0
0,0,0,2,2,0,0,0,0,0,0,0,0,0,0,0,0,0,0,0,2,0,0
3,0,0,0,3,0,0,2,3,0,0,0,3,0,0,0,3,0,0,0,3,0,0
0,0,2,2,0,0,0,0,0,2,2,0,0,0,0,0,0,0,0,2,0,0,0
3,0,2,0,3,2,0,0,3,2,0,0,3,0,0,0,3,0,0,0,3,0,0
0,2,2,0,2,0,0,2,2,0,0,0,0,0,0,0,0,2,0,0,0,0,2
3,0,0,0,3,0,0,2,3,2,2,0,3,0,0,0,3,0,0,0,3,0,0
0,0,2,0,0,0,0,0,2,1,2,0,0,0,2,0,2,0,0,0,0,0,0
3,0,0,0,3,0,2,0,3,2,1,2,3,0,0,2,3,2,0,0,3,0,2
0,0,0,0,0,0,2,0,2,0,1,0,2,2,0,1,2,0,2,2,2,0,0
SpriteSpeccyBlock,7,2,3
7,0,1,7,0,1,7,0,1
7,0,1,7,0,1,7,0,1
SpriteAttribs,7,128,0,0
SpriteBitmapBlock,8,14,22
3,0,0,0,3,0,0,0,3,0,0,0,3,0,0,0,3,0,0,0,3,0
0,0,0,0,0,0,0,0,0,0,0,0,0,0,0,0,0,0,0,0,0,0
3,0,0,0,3,0,0,0,3,0,0,0,3,0,0,0,3,2,2,0,3,0
0,0,0,0,0,2,0,0,0,0,0,0,0,0,0,0,0,0,0,2,0,0
3,0,2,2,3,2,0,0,3,0,2,0,3,0,0,0,3,0,0,0,3,0
2,2,0,0,0,0,0,0,0,0,2,2,0,0,0,2,0,0,0,0,0,2
3,0,0,0,3,0,0,0,3,0,0,0,3,0,0,0,3,0,0,0,3,2
0,0,0,0,0,0,0,0,0,2,0,0,0,0,0,0,0,0,2,0,0,0
3,0,0,0,3,0,0,0,3,0,0,0,3,0,0,0,3,0,0,0,3,2
0,0,0,0,2,0,0,0,0,0,0,0,0,0,0,2,0,0,0,0,2,2
3,0,0,0,3,2,0,0,3,0,2,2,3,0,2,1,3,0,0,0,0,0
0,0,0,0,2,1,2,0,0,0,0,0,0,0,0,2,1,2,2,0,0,0
3,2,0,0,3,2,2,0,3,2,2,0,3,2,2,2,3,0,0,0,0,0
0,0,2,2,1,2,0,0,2,2,0,0,0,0,0,0,1,2,0,0,0,0
SpriteSpeccyBlock,8,2,3
7,0,1,7,0,1,7,0,1
7,0,1,7,0,1,7,0,1
SpriteAttribs,8,128,0,0
SpriteBitmapBlock,9,13,24
3,0,0,0,3,0,0,0,3,0,0,0,3,0,0,0,3,0,0,0,3,0,0,0
0,0,0,0,0,0,0,0,0,0,0,0,0,0,0,0,0,0,2,2,0,0,0,0
3,0,0,0,3,0,0,0,3,0,0,0,3,0,0,0,3,2,2,0,3,0,0,0
0,0,0,0,0,0,2,0,0,2,2,0,0,0,0,0,0,2,0,0,0,0,0,0
3,0,0,2,3,0,0,0,3,0,0,0,3,2,0,0,2,2,0,2,0,0,0,0
0,0,0,0,0,0,0,2,0,0,0,0,0,0,0,2,0,0,0,0,0,0,0,0
3,0,0,0,3,0,0,0,3,0,0,2,3,0,0,2,2,0,0,0,0,0,0,0
0,0,0,2,0,0,0,0,0,0,0,0,0,0,0,0,0,2,2,0,0,2,0,0
3,0,0,2,3,0,0,0,2,2,2,0,3,0,0,0,0,2,0,0,3,0,0,0
0,0,2,0,0,0,2,2,0,0,0,0,0,0,2,0,2,1,1,2,0,0,0,0
0,0,2,0,0,2,1,2,0,0,0,0,0,0,0,0,1,2,2,2,0,0,2,2
0,0,2,2,0,0,1,0,0,0,2,0,0,0,2,1,1,0,2,0,0,0,0,0
0,0,0,0,0,0,1,2,0,0,0,0,0,0,0,1,0,0,2,0,0,0,0,0
SpriteSpeccyBlock,9,2,3
7,0,1,7,0,1,7,0,1
7,0,1,7,0,1,7,0,1
SpriteAttribs,9,128,0,0
SpriteBitmapBlock,10,13,22
3,0,0,0,3,0,0,0,3,0,0,0,3,0,0,0,3,0,0,0,3,0
0,0,0,0,0,0,0,0,0,0,2,2,0,0,2,2,2,0,0,0,0,0
3,2,0,0,0,0,2,2,2,0,2,0,3,0,0,0,3,0,0,0,3,0
0,0,2,2,2,2,0,0,0,0,0,0,0,0,0,0,0,0,0,2,2,0
3,0,0,0,3,2,0,0,3,0,2,0,3,0,0,0,3,0,0,0,3,0
2,0,0,0,0,2,0,0,0,0,0,0,0,0,0,0,0,0,2,0,0,0
3,0,0,0,3,0,0,0,3,0,0,0,2,2,2,0,3,0,0,0,3,0
0,2,0,0,0,0,2,0,0,0,0,0,2,0,0,0,0,0,0,0,2,0
3,0,0,0,3,2,2,2,3,0,0,0,2,0,0,0,3,0,2,0,3,0
0,0,0,0,2,1,2,0,2,0,0,0,0,0,0,2,0,2,1,2,0,0
2,2,0,0,0,1,0,0,2,2,0,0,0,0,0,0,2,1,2,2,0,0
0,0,0,0,2,1,0,0,0,2,0,0,0,0,0,0,0,1,0,0,2,2
0,0,0,0,0,1,0,0,0,0,0,0,0,0,0,0,2,1,0,0,0,0
SpriteSpeccyBlock,10,2,3
7,0,1,7,0,1,7,0,1
7,0,1,7,0,1,7,0,1
SpriteAttribs,10,128,0,0
SpriteBitmapBlock,11,24,24
0,0,0,0,0,0,0,0,0,0,0,0,0,0,0,0,0,0,2,3,0,0,3,0
0,0,3,3,0,0,0,3,0,0,0,0,0,0,0,0,0,3,3,3,0,3,0,3
0,0,2,3,0,0,3,0,3,0,0,0,0,0,0,0,3,0,0,3,3,3,0,3
0,3,0,0,3,0,3,3,0,0,0,0,0,0,0,0,0,0,0,3,3,0,3,0
3,0,0,0,3,3,0,0,0,0,0,0,0,0,0,0,3,3,0,3,3,0,0,0
0,0,0,0,0,3,3,0,0,0,0,3,3,0,0,3,0,3,0,0,3,3,0,0
0,0,0,0,0,0,3,0,0,0,0,2,3,3,0,3,0,3,0,0,0,0,0,0
0,0,0,0,0,0,0,0,0,0,3,0,3,3,3,0,3,0,0,0,0,0,0,0
0,0,0,0,0,0,0,0,0,3,0,0,0,3,3,3,0,0,0,0,0,0,0,0
0,0,0,0,0,0,0,0,0,0,0,0,0,0,3,3,0,0,0,0,0,0,0,0
0,0,0,0,3,3,0,0,0,0,0,0,0,0,0,0,0,0,0,0,0,3,0,0
0,0,0,0,2,3,0,0,3,3,0,0,0,0,0,0,2,3,0,0,3,0,3,0
0,0,0,3,0,0,3,3,0,0,3,0,0,0,0,3,3,3,0,0,3,0,3,0
0,0,3,0,0,0,3,0,3,3,3,0,0,0,3,0,0,3,3,3,0,3,0,0
0,0,0,0,0,0,3,3,0,0,0,0,0,0,0,0,0,0,3,3,3,0,0,0
0,0,2,3,0,0,0,3,0,0,0,0,3,3,0,0,0,0,0,3,3,0,0,0
0,3,3,3,0,0,0,0,0,0,0,0,2,3,0,3,3,0,0,0,0,0,0,0
3,0,0,3,0,0,3,3,0,0,0,3,0,3,3,0,0,3,0,0,0,0,0,0
0,0,3,3,0,3,0,0,3,0,3,0,0,0,3,3,3,0,0,0,0,0,3,3
0,0,3,3,3,0,3,3,0,0,0,0,0,0,3,3,0,0,3,3,0,3,0,3
0,0,0,3,3,0,0,0,0,0,0,0,0,0,0,3,0,0,2,3,0,3,0,3
0,0,0,3,3,0,0,0,0,0,0,0,0,0,0,0,0,3,0,3,3,0,3,3
0,0,0,0,0,0,0,0,0,0,0,0,0,0,0,0,3,0,0,3,3,3,0,0
0,0,0,0,0,0,0,0,0,0,0,0,0,0,0,0,0,0,0,0,3,3,3,0
SpriteSpeccyBlock,11,3,3
7,0,1,7,0,1,7,0,1
7,0,1,7,0,1,7,0,1
7,0,1,7,0,1,7,0,1
SpriteAttribs,11,0,0,0
SpriteBitmapBlock,12,40,24
0,0,0,0,0,0,0,0,0,0,0,0,0,0,0,0,0,0,0,0,0,0,0,0
0,0,0,0,0,0,0,0,0,0,0,0,0,0,0,0,0,0,0,0,0,0,0,0
0,0,0,0,0,0,0,0,0,0,0,0,0,0,0,0,0,0,0,0,0,0,0,0
0,0,0,0,0,0,0,0,0,2,2,0,0,0,0,0,0,2,2,0,0,0,0,0
0,0,0,0,0,0,0,2,2,2,0,0,0,0,0,2,2,0,0,2,2,2,2,0
0,0,0,0,0,0,0,0,0,0,0,0,0,0,0,0,0,0,0,0,0,0,2,0
0,0,0,0,0,0,0,0,0,0,0,0,0,0,0,0,0,0,0,0,0,0,0,2
0,0,0,0,0,0,0,0,0,0,0,0,0,0,0,0,0,0,0,0,0,0,0,2
0,0,0,0,0,0,0,0,0,0,0,0,0,0,0,0,0,0,0,0,0,0,0,0
0,0,0,0,0,0,0,0,0,0,0,0,2,0,0,0,0,0,2,0,0,0,0,2
0,0,0,0,0,0,0,2,2,0,0,0,0,0,0,0,0,2,0,2,0,0,0,0
0,0,0,0,0,0,0,2,0,0,0,0,0,0,0,2,2,2,0,2,2,0,0,0
0,0,0,0,0,0,0,0,2,0,0,0,0,0,0,2,1,2,0,0,0,2,2,2
0,0,0,0,0,0,0,0,2,0,0,0,0,0,2,2,1,1,0,0,0,0,0,0
0,0,0,0,0,0,0,0,2,2,0,0,0,2,2,0,0,1,2,0,2,2,2,0
0,0,0,0,0,0,0,0,0,2,2,0,0,0,0,0,0,0,2,2,2,0,2,2
0,0,0,0,2,0,0,0,0,0,2,2,2,0,0,0,0,2,2,1,0,2,2,1
0,0,0,0,2,0,0,0,0,0,0,0,2,0,0,0,0,2,1,1,2,0,0,1
0,0,0,0,2,0,0,0,0,0,0,2,2,0,0,0,2,2,1,1,2,0,0,1
0,0,0,0,0,2,2,0,0,0,2,2,1,0,0,2,0,2,1,1,1,2,0,1
0,0,0,0,0,0,2,2,2,2,2,0,1,1,1,0,0,2,2,1,1,1,0,0
0,0,0,0,0,0,0,0,2,2,0,0,0,0,1,0,0,2,0,1,1,1,1,0
0,0,0,0,0,0,0,0,0,0,2,2,0,0,0,0,0,2,0,0,1,1,1,0
0,0,0,0,0,0,0,0,0,0,0,0,0,0,0,2,2,1,1,0,1,1,1,0
0,0,0,0,0,0,0,0,0,0,0,0,0,0,0,0,0,1,1,1,0,1,1,0
0,0,0,0,0,0,0,0,0,0,0,0,0,0,0,0,0,0,0,1,1,1,1,1
0,0,0,0,0,0,0,0,0,0,0,0,0,0,0,0,0,0,0,0,0,1,1,1
0,0,0,0,0,0,0,0,0,0,0,0,0,0,0,0,0,0,0,0,0,1,1,1
0,0,0,0,0,0,0,0,0,0,0,0,0,0,0,0,0,0,0,0,0,1,1,1
0,0,0,0,0,0,0,0,0,0,0,0,0,0,0,0,0,0,0,0,0,0,1,0
0,0,0,0,0,0,0,0,0,0,0,0,0,0,0,0,0,0,0,0,0,0,1,0
0,0,0,0,0,0,0,0,0,0,0,0,0,0,0,0,0,0,0,0,0,0,1,0
0,0,0,0,0,0,0,0,0,0,0,0,0,0,0,0,0,0,0,0,0,0,1,0
0,0,0,0,0,0,0,0,0,0,0,0,0,0,0,0,0,0,0,0,0,1,1,1
0,0,0,0,0,0,0,0,0,0,0,0,0,0,0,0,0,0,0,0,1,1,1,1
0,0,0,0,0,0,0,0,0,0,0,0,0,0,0,0,0,0,0,0,1,1,1,1
0,0,0,0,0,2,0,0,0,0,0,0,0,0,0,0,0,0,0,1,1,1,1,1
0,0,0,0,0,2,0,2,0,0,0,0,0,0,0,0,0,0,1,1,1,1,1,1
0,0,0,2,2,2,2,2,0,0,0,0,0,0,0,0,2,1,1,1,1,1,1,1
0,0,0,0,2,2,2,0,0,0,0,0,0,0,0,0,2,2,1,1,2,2,1,1
SpriteSpeccyBlock,12,5,3
7,0,1,7,0,1,7,0,1
7,0,1,7,0,1,7,0,1
7,0,1,7,0,1,7,0,1
7,0,1,7,0,1,7,0,1
7,0,1,7,0,1,7,0,1
SpriteAttribs,12,192,0,0
SpriteBitmapBlock,13,48,20
0,0,0,0,0,0,1,1,1,0,1,1,1,1,1,0,0,1,1,0
0,0,0,0,0,1,0,0,0,1,0,0,0,1,1,1,1,1,1,1
0,0,0,0,0,0,1,0,0,0,0,1,0,0,0,1,0,0,1,0
0,0,0,0,0,0,1,0,0,0,1,0,0,1,0,0,0,0,0,1
0,0,0,0,0,0,1,0,1,0,0,0,1,0,0,0,0,1,1,1
0,0,0,0,0,0,1,1,0,0,1,0,0,0,1,0,0,0,1,0
0,0,0,0,0,0,1,0,0,1,0,0,0,0,0,1,0,1,1,0
0,0,0,0,0,0,1,0,1,0,0,0,1,0,0,0,0,0,1,0
0,0,0,0,0,0,0,1,0,0,0,1,0,0,1,0,0,1,0,0
0,0,0,0,0,0,1,0,1,0,0,0,1,0,0,0,0,1,0,0
0,0,0,0,0,0,0,1,0,0,1,0,0,0,0,1,0,1,0,0
0,0,0,0,0,0,1,0,1,0,0,0,0,0,1,0,0,1,0,0
0,0,0,0,0,0,1,0,0,0,0,1,0,1,0,0,0,1,0,0
0,0,0,0,0,0,1,0,0,0,1,0,0,0,0,1,0,1,0,0
0,0,0,0,0,0,0,1,0,1,0,0,0,1,0,0,1,0,0,0
0,0,0,0,0,0,1,0,0,0,0,1,1,0,0,0,1,0,0,0
0,0,0,0,0,0,0,1,1,0,0,0,0,0,1,0,1,0,0,0
0,0,0,0,0,0,0,1,0,0,0,1,0,0,0,1,0,1,0,0
0,0,0,0,0,0,1,0,1,0,0,0,0,1,0,0,0,1,0,0
0,0,0,0,0,0,1,0,0,1,0,0,0,0,0,1,0,1,0,0
0,0,0,0,0,0,1,1,0,0,1,0,1,0,0,0,1,1,0,0
0,0,0,0,0,0,1,0,1,0,0,0,0,0,1,0,1,0,0,0
0,0,0,0,0,0,1,0,0,0,0,1,0,1,0,0,1,0,0,0
0,0,0,0,0,0,1,0,0,0,1,0,0,0,1,0,1,0,0,0
0,0,0,0,0,0,0,1,1,0,0,0,0,0,0,1,0,0,0,0
0,0,0,0,0,0,0,1,0,0,1,0,0,1,0,0,1,0,0,0
0,0,0,0,0,0,1,0,1,0,0,0,1,0,0,0,1,0,0,0
0,0,0,0,0,0,1,0,0,0,1,0,0,0,1,0,1,0,0,0
0,0,0,0,0,0,1,1,0,1,0,0,0,0,0,1,1,0,0,0
0,0,0,0,0,0,1,0,0,0,0,1,0,1,0,0,1,0,0,0
0,0,0,0,0,0,0,1,1,0,0,0,0,0,0,1,0,0,0,0
0,0,0,0,0,0,1,0,0,0,1,0,1,0,0,0,1,0,0,0
0,0,0,0,0,0,1,0,1,0,0,0,0,0,1,0,1,0,0,0
0,0,0,0,0,0,1,1,0,0,0,1,0,1,0,0,1,0,0,0
0,0,0,0,0,0,1,0,0,1,0,0,0,0,0,1,1,0,0,0
0,0,0,0,0,1,1,0,0,0,0,1,0,1,0,0,1,0,0,0
0,0,0,0,0,1,0,0,1,0,0,0,0,0,1,0,1,0,0,0
0,0,0,0,0,0,1,0,0,0,1,0,1,0,0,0,1,0,0,0
0,0,0,0,1,1,0,0,0,1,0,0,0,0,0,1,0,0,0,0
0,0,0,0,1,0,0,0,0,0,0,1,0,1,0,0,1,0,0,0
0,0,0,1,1,0,0,0,1,0,0,0,0,0,0,1,0,0,0,0
0,0,0,1,0,0,1,0,0,0,0,1,1,0,0,0,1,0,0,0
0,0,1,1,1,0,0,0,0,0,1,0,0,0,1,0,1,0,0,0
0,0,1,0,0,0,0,1,1,0,0,0,1,0,0,0,1,1,0,0
0,0,1,0,0,1,0,0,0,0,1,0,0,0,1,0,0,1,0,0
0,0,1,0,1,1,0,0,1,0,0,0,0,1,0,0,0,1,1,0
0,0,0,1,0,0,1,1,0,0,1,0,0,0,1,1,1,1,0,0
0,0,0,0,0,0,0,0,1,1,0,1,1,1,1,0,0,0,0,0
SpriteSpeccyBlock,13,6,3
7,0,1,7,0,1,7,0,1
7,0,1,7,0,1,7,0,1
7,0,1,7,0,1,7,0,1
7,0,1,7,0,1,7,0,1
7,0,1,7,0,1,7,0,1
7,0,1,7,0,1,7,0,1
SpriteAttribs,13,0,0,0
SpriteBitmapBlock,14,40,24
0,0,0,0,0,0,0,0,0,0,0,0,0,0,0,0,0,0,0,0,0,0,0,0
0,0,0,0,0,0,0,0,0,0,0,0,0,0,0,0,0,0,0,0,0,0,0,0
0,0,0,0,0,0,0,0,0,0,0,0,0,0,0,0,0,0,0,0,0,0,0,0
0,0,2,2,2,2,0,0,0,2,2,0,0,0,0,0,0,0,2,2,0,0,0,0
0,0,0,0,0,0,0,0,0,0,0,2,0,0,0,0,0,0,0,2,2,0,0,0
0,0,0,0,0,0,2,0,0,0,0,0,2,0,0,0,0,0,0,0,2,0,0,0
2,2,0,0,0,0,2,2,0,0,0,0,0,0,0,0,0,2,0,0,0,2,0,0
2,2,2,0,0,0,0,0,0,0,0,0,0,0,0,0,2,2,2,0,0,0,0,0
0,0,2,0,0,0,0,0,0,2,2,0,0,0,0,0,2,0,0,0,2,0,0,0
2,2,2,0,0,0,0,0,0,0,2,0,0,0,0,0,2,0,0,0,0,2,0,0
0,1,0,0,0,0,0,2,2,0,2,0,0,0,0,2,0,0,0,0,0,2,0,0
0,1,0,0,0,0,2,2,0,0,2,0,0,0,2,1,0,0,0,0,0,2,0,0
2,0,0,2,2,2,2,0,0,0,2,0,0,2,0,1,2,0,0,0,2,2,0,0
2,2,2,2,0,0,0,0,0,0,0,2,0,0,0,1,2,0,2,2,2,0,0,0
2,0,2,2,0,2,0,0,0,0,0,2,0,0,1,2,0,2,2,2,0,0,0,2
2,0,2,2,2,0,2,2,2,0,0,2,2,0,1,0,0,0,2,0,0,0,2,2
2,2,2,0,2,2,2,0,0,2,2,0,0,0,0,0,0,0,2,0,2,2,0,0
1,1,0,0,1,1,1,0,2,1,2,2,2,0,0,0,1,1,2,2,2,2,0,0
1,1,0,2,1,1,1,0,2,1,1,2,0,0,1,1,0,2,0,2,0,2,0,0
1,1,0,2,1,1,0,0,1,2,2,2,0,0,0,2,2,0,0,0,0,2,2,2
1,1,0,1,1,1,0,1,1,2,2,2,0,0,2,2,0,1,1,0,0,0,2,2
0,1,0,0,1,0,0,1,1,1,0,2,0,0,0,1,1,1,0,0,2,2,2,0
1,1,1,0,1,0,1,1,1,2,2,2,2,0,0,0,2,2,2,2,2,2,0,0
1,1,1,0,1,0,1,1,1,1,2,2,2,0,0,2,2,0,0,0,0,0,0,0
1,1,1,0,1,1,1,1,1,0,1,1,0,0,0,0,0,0,0,0,0,0,0,0
1,1,1,0,1,1,1,1,1,1,1,0,0,0,0,0,0,0,0,0,0,0,0,0
0,1,1,1,1,1,1,1,0,0,0,0,0,0,0,0,0,0,0,0,0,0,0,0
0,1,1,1,1,1,1,0,0,0,0,0,0,0,0,0,0,0,0,0,0,0,0,0
0,0,1,1,1,1,0,0,0,0,0,0,0,0,0,0,0,0,0,0,0,0,0,0
1,1,0,1,1,1,0,0,0,0,0,0,0,0,0,0,0,0,0,0,0,0,0,0
1,1,0,1,1,1,0,0,0,0,0,0,0,0,0,0,0,0,0,0,0,0,0,0
1,0,0,1,1,1,1,0,0,0,0,0,0,0,0,0,0,0,0,0,0,0,0,0
0,0,0,1,1,1,1,0,0,0,0,0,0,0,0,0,0,0,0,0,0,0,0,0
1,1,1,1,1,1,1,0,0,0,0,0,0,0,0,0,0,0,0,0,0,0,0,0
1,1,1,1,1,1,1,1,0,0,0,0,0,0,0,0,0,0,0,0,0,0,0,0
1,1,1,1,1,1,1,1,0,0,0,0,0,0,0,0,0,0,0,0,0,0,0,0
1,1,1,1,1,1,1,1,0,0,0,0,0,0,0,0,0,0,0,0,0,2,0,0
1,1,1,1,1,1,1,1,1,0,0,0,0,0,0,0,0,0,0,2,0,2,0,2
1,1,1,1,2,1,1,1,1,1,2,0,2,0,0,0,0,0,0,0,2,2,2,0
0,0,2,2,2,2,0,2,2,2,2,2,0,0,0,0,0,0,0,0,0,0,0,0
SpriteSpeccyBlock,14,5,3
7,0,1,7,0,1,7,0,1
7,0,1,7,0,1,7,0,1
7,0,1,7,0,1,7,0,1
7,0,1,7,0,1,7,0,1
7,0,1,7,0,1,7,0,1
SpriteAttribs,14,192,0,0
SpriteBitmapBlock,15,32,21
0,0,0,0,0,0,1,1,0,1,1,1,0,1,1,1,0,0,1,0,1
0,0,0,0,0,0,0,1,1,0,0,0,1,0,0,0,1,1,0,1,0
0,0,0,0,0,0,0,0,1,0,0,1,0,0,0,1,0,0,0,0,1
0,0,0,0,0,0,0,1,0,0,1,0,0,1,0,0,1,0,0,1,0
0,0,0,0,0,0,0,0,0,1,0,0,1,0,0,1,0,0,1,0,0
0,0,0,0,0,0,0,0,1,0,0,1,0,0,0,1,0,0,1,0,0
0,0,0,0,0,0,0,1,0,0,0,1,0,0,1,0,0,0,1,0,0
0,0,0,0,0,0,0,0,1,0,0,0,0,1,0,0,0,1,0,0,0
0,0,0,0,0,0,0,0,0,1,0,0,1,0,0,1,0,0,0,0,0
0,0,0,0,0,0,0,1,0,0,1,0,0,0,1,0,1,0,1,0,0
0,0,0,0,0,0,0,0,1,0,0,0,0,0,0,1,0,1,0,0,0
0,0,0,0,0,0,0,1,0,0,0,1,1,0,0,0,0,1,0,0,0
0,0,0,0,0,0,0,0,1,0,0,0,0,0,1,0,0,0,0,0,0
0,0,0,0,0,0,0,1,0,1,0,1,0,0,0,1,0,1,0,0,0
0,0,0,0,0,0,0,1,0,0,1,0,0,0,1,0,0,1,0,0,0
0,0,0,0,0,0,0,0,1,0,0,1,0,1,0,0,1,0,0,0,0
0,0,0,0,0,0,0,1,0,1,0,0,0,0,1,0,0,1,0,0,0
0,0,0,0,0,0,0,0,1,0,1,0,1,0,0,0,1,0,0,0,0
0,0,0,0,0,0,0,0,0,1,0,0,0,1,0,1,1,0,0,0,0
0,0,0,0,0,0,0,0,1,0,0,1,0,0,1,0,0,1,0,0,0
0,0,0,0,0,0,0,1,0,0,1,0,1,0,1,0,1,0,0,0,0
0,0,0,0,0,0,0,0,1,0,0,1,0,1,0,0,0,1,0,0,0
0,0,0,0,0,0,0,1,1,0,1,0,0,1,0,1,0,1,0,0,0
0,0,0,0,0,0,0,1,0,1,0,0,1,0,0,0,1,0,0,0,0
0,0,0,0,0,0,0,1,1,1,0,1,0,0,1,0,0,1,0,0,0
0,0,0,0,0,0,1,0,0,0,1,0,1,0,0,0,1,0,0,0,0
0,0,0,0,0,0,0,1,0,1,0,0,0,1,0,0,0,1,0,0,0
0,0,0,0,0,1,0,0,0,0,1,0,0,0,1,0,1,0,0,0,0
0,0,0,0,1,0,0,1,0,1,0,0,0,1,0,0,1,0,0,0,0
0,0,0,1,1,0,0,0,1,0,0,1,0,0,0,1,0,1,0,0,0
0,0,0,1,0,0,1,0,0,1,0,1,0,0,1,0,0,0,1,0,0
0,0,0,0,1,0,0,1,1,1,1,0,1,0,1,0,1,1,0,0,0
SpriteSpeccyBlock,15,4,3
7,0,1,7,0,1,7,0,1
7,0,1,7,0,1,7,0,1
7,0,1,7,0,1,7,0,1
7,0,1,7,0,1,7,0,1
SpriteAttribs,15,64,0,0
SpriteBitmapBlock,16,8,23
0,0,0,0,0,0,0,0,0,0,0,0,0,0,0,0,0,0,0,0,0,0,0
0,0,0,0,0,0,0,0,0,0,0,0,0,0,0,0,0,0,0,0,0,0,0
0,0,0,0,0,0,0,0,0,0,0,0,0,0,0,0,0,0,0,0,0,2,0
0,0,0,2,0,0,0,0,0,0,2,0,0,0,0,0,0,0,0,0,0,2,0
0,0,2,2,0,2,0,2,0,2,0,0,0,0,0,2,0,0,0,0,2,0,0
0,0,0,2,2,0,2,2,2,0,0,0,0,2,0,2,0,0,0,2,0,0,2
0,0,0,0,2,2,2,2,0,0,0,0,0,0,2,2,0,0,2,2,0,2,2
0,0,0,2,0,2,2,2,2,2,2,0,0,2,0,2,2,2,0,2,2,2,0
SpriteSpeccyBlock,16,1,3
7,0,1,7,0,1,7,0,1
SpriteAttribs,16,0,0,0
SpriteBitmapBlock,17,8,24
0,0,0,0,0,0,0,0,0,0,0,0,0,0,0,0,0,0,0,0,0,0,0,0
0,0,0,0,0,0,0,0,0,0,0,0,0,0,0,0,0,0,0,0,0,0,0,0
0,0,0,0,0,0,0,0,0,0,0,0,0,0,2,0,0,0,0,0,0,0,0,0
0,0,2,0,2,0,0,2,0,0,0,0,0,2,0,0,0,0,0,0,0,0,0,0
0,0,0,2,2,0,0,2,0,2,0,2,0,2,0,0,2,0,0,0,2,0,2,0
0,0,0,0,2,0,2,2,2,0,0,0,2,2,2,2,0,0,0,2,2,2,0,0
0,0,2,0,2,2,2,0,2,2,2,2,2,2,2,0,2,2,0,0,2,0,0,2
0,0,2,2,0,2,2,2,0,2,0,2,2,0,2,2,2,2,2,2,0,2,2,0
SpriteSpeccyBlock,17,1,3
7,0,0,7,0,0,7,0,0
SpriteAttribs,17,0,0,0
SpriteBitmapBlock,18,8,24
0,0,0,0,0,0,0,0,0,0,0,0,0,0,0,0,0,0,0,0,0,0,0,0
0,0,0,0,0,0,0,0,0,0,0,0,0,0,0,0,0,0,0,0,0,0,0,0
0,0,0,0,0,0,2,0,2,0,0,0,0,0,0,0,0,0,0,0,0,0,0,0
0,0,0,0,0,0,0,2,0,0,0,0,0,0,0,0,0,0,0,0,0,2,0,0
0,0,0,0,0,2,0,2,2,0,0,0,0,0,0,2,0,0,0,2,0,2,0,0
0,0,0,0,2,0,2,2,0,0,2,0,2,0,2,0,0,2,0,0,2,0,2,0
0,0,2,2,0,2,2,0,2,2,0,2,2,0,2,2,0,0,2,0,0,2,0,2
0,0,0,2,0,0,2,2,2,2,2,0,0,2,0,2,2,2,0,2,2,2,2,0
SpriteSpeccyBlock,18,1,3
7,0,0,7,0,0,7,0,0
SpriteAttribs,18,0,0,0
SpriteBitmapBlock,19,8,24
0,0,0,0,0,0,0,0,0,0,0,0,0,0,0,0,0,0,0,0,0,0,0,0
0,0,0,0,0,0,0,0,0,0,0,0,0,0,0,0,0,0,0,0,0,0,0,0
0,0,0,0,0,0,0,0,0,0,0,0,0,0,0,0,0,0,0,0,0,0,0,0
0,0,0,0,0,0,0,2,0,0,0,0,0,0,0,0,0,0,0,0,0,0,0,0
0,0,0,0,0,2,0,2,0,0,0,2,0,0,0,0,0,0,2,0,0,0,0,0
0,0,0,0,2,0,2,0,0,2,0,2,0,2,0,0,0,0,2,2,0,2,0,0
0,0,2,0,0,2,0,2,0,0,2,0,0,2,0,2,0,2,2,0,2,0,0,2
0,0,0,2,0,2,2,2,2,0,2,2,0,2,2,0,0,0,2,2,0,0,2,0
SpriteSpeccyBlock,19,1,3
7,0,0,7,0,0,7,0,0
SpriteAttribs,19,0,0,0
SpriteBitmapBlock,20,16,24
0,0,0,0,0,0,0,0,0,0,0,0,2,0,0,0,0,0,0,0,0,0,0,0
0,0,0,0,0,0,0,0,0,0,0,0,0,2,0,0,0,0,0,0,0,0,0,0
0,0,0,0,0,0,0,0,0,0,0,0,0,2,0,0,0,0,0,0,0,0,0,0
0,0,0,0,0,0,0,0,2,0,0,0,2,0,0,0,0,0,0,0,0,0,0,0
0,0,0,0,0,0,0,0,2,0,2,0,0,2,0,2,0,0,0,0,0,0,0,0
0,0,0,0,0,0,0,0,0,2,2,0,0,2,0,2,0,0,0,0,0,0,0,0
0,0,0,0,0,2,0,0,0,2,0,0,0,2,2,0,0,0,0,0,0,0,0,0
0,0,0,0,0,2,0,0,0,2,0,0,0,2,0,0,2,0,0,0,0,0,0,0
0,0,0,0,0,0,2,0,2,0,0,2,0,2,0,2,2,0,0,0,0,0,0,0
0,0,0,0,0,0,2,0,0,2,0,0,2,2,0,0,2,0,0,0,2,0,2,0
0,0,0,0,0,0,2,0,0,2,0,0,0,2,0,2,2,2,0,2,0,0,0,2
0,0,0,0,2,0,2,0,2,0,0,2,0,2,2,2,2,0,2,2,2,0,2,0
0,0,2,0,2,0,2,0,2,0,2,0,0,2,2,0,2,0,0,2,0,2,0,0
0,0,2,0,2,0,2,2,2,0,2,2,2,0,2,2,2,2,2,2,0,2,2,0
0,0,0,2,2,2,2,2,2,2,2,2,2,2,2,2,2,0,2,2,2,2,2,0
0,0,0,0,2,2,2,0,2,2,2,0,2,2,2,2,0,2,0,2,2,0,2,2
SpriteSpeccyBlock,20,2,3
7,0,1,7,0,1,7,0,1
7,0,1,7,0,1,7,0,1
SpriteAttribs,20,0,0,0
SpriteBitmapBlock,21,30,24
0,0,0,0,0,0,0,3,0,0,0,0,0,0,0,0,0,0,0,0,0,0,0,0
0,0,0,0,0,0,3,3,3,0,0,0,0,0,0,0,0,0,0,0,0,0,0,0
0,0,0,0,0,0,0,3,2,0,0,0,0,0,0,0,0,0,0,0,0,0,0,0
0,0,0,0,0,0,0,0,2,0,0,0,0,0,0,1,1,1,1,0,0,0,0,0
0,0,0,0,0,0,0,0,2,0,0,0,0,0,1,1,1,1,1,1,1,0,0,0
0,0,0,0,0,0,0,0,2,0,0,0,0,1,1,1,1,1,1,1,1,1,0,0
0,0,0,0,0,0,0,0,2,0,0,0,0,1,1,3,1,3,1,1,1,1,1,0
0,0,0,0,0,2,2,2,2,2,0,0,0,0,1,1,3,1,3,1,1,1,1,0
0,0,0,0,2,2,2,2,2,2,2,0,0,0,0,1,1,3,1,3,1,1,1,1
0,0,0,2,2,2,2,3,1,2,3,2,0,0,1,0,1,1,3,1,3,1,1,1
0,0,3,3,2,2,3,3,1,2,2,3,0,1,0,1,0,1,1,3,1,1,1,1
0,3,3,2,0,2,2,2,2,2,2,2,0,2,1,0,1,0,1,1,3,1,1,0
3,3,0,0,2,0,2,2,2,2,2,2,2,2,2,2,0,1,0,1,1,1,0,0
3,0,0,0,0,2,0,2,0,2,2,2,2,3,2,2,2,0,0,0,1,0,0,0
0,0,0,0,0,0,0,0,2,0,2,2,2,2,2,1,1,2,2,0,0,0,0,0
0,0,0,0,0,0,0,0,0,2,0,2,2,1,1,0,1,2,2,2,0,0,0,0
0,0,0,0,0,0,0,0,2,0,2,0,1,1,0,1,3,1,2,2,2,0,0,0
0,0,0,0,0,0,0,0,0,2,0,2,1,0,1,0,3,1,2,3,2,2,0,0
0,0,0,0,0,0,0,0,0,0,2,0,1,1,0,3,0,1,2,2,3,2,2,0
0,0,0,0,0,0,0,0,0,0,0,1,1,0,1,3,1,0,2,2,2,2,0,0
0,0,0,0,0,0,0,0,0,0,1,1,2,1,3,1,0,1,2,2,2,0,2,0
0,0,0,0,0,0,0,0,0,1,1,0,1,2,3,0,1,1,0,2,0,2,0,0
0,0,0,0,0,0,0,0,1,1,0,1,0,3,0,1,2,1,1,0,2,0,0,0
0,0,0,0,0,0,0,0,1,0,1,0,3,0,1,0,1,2,1,2,0,0,0,0
0,0,0,0,0,0,0,1,0,1,0,3,0,1,0,1,0,1,0,0,0,0,0,0
0,0,0,0,0,0,1,0,1,0,3,0,1,0,1,0,1,0,0,0,0,0,0,0
0,0,0,0,0,0,1,1,0,1,0,1,0,1,0,1,0,0,0,0,0,0,0,0
0,0,0,0,0,0,1,0,1,0,1,0,1,0,1,0,0,0,0,0,0,0,0,0
0,0,0,0,0,0,0,1,0,1,0,1,1,1,0,0,0,0,0,0,0,0,0,0
0,0,0,0,0,0,0,0,1,1,1,1,0,0,0,0,0,0,0,0,0,0,0,0
SpriteSpeccyBlock,21,4,3
7,0,1,7,0,1,7,0,1
7,0,1,7,0,1,7,0,1
7,0,1,7,0,1,7,0,1
7,0,1,7,0,1,7,0,1
SpriteAttribs,21,0,0,0
SpriteBitmapBlock,22,32,24
0,0,0,1,0,0,1,0,0,0,0,1,0,1,0,0,0,0,0,1,0,0,1,0
0,0,1,0,0,0,0,0,1,0,0,0,0,0,0,1,0,1,0,0,0,1,0,0
0,0,0,1,0,1,0,0,0,1,0,0,0,0,0,1,0,0,1,0,0,0,1,0
0,0,1,0,1,0,0,0,1,0,0,0,0,0,1,0,0,1,0,0,0,0,0,1
0,0,0,1,0,1,0,0,0,0,0,1,0,0,0,1,0,0,1,0,0,0,1,0
0,0,1,0,1,0,0,0,0,0,1,0,0,1,0,0,0,1,0,0,0,0,0,1
0,0,0,1,0,1,0,0,1,0,0,0,0,0,0,1,0,0,1,0,0,0,1,0
0,0,1,0,1,0,0,0,0,1,0,0,0,0,1,0,0,1,0,0,0,0,0,1
0,0,0,1,0,1,0,0,0,0,0,1,0,1,0,0,1,0,0,0,0,0,1,0
0,0,1,0,0,0,1,0,1,0,0,0,1,0,0,0,0,1,0,0,0,0,0,1
0,0,1,0,1,0,0,0,0,0,0,1,0,0,1,0,1,0,0,0,0,0,1,0
0,0,0,1,0,1,0,0,0,1,0,0,0,0,0,1,0,1,0,0,0,0,0,1
0,0,1,0,0,0,1,0,0,0,1,0,0,1,0,0,1,0,0,0,0,0,1,0
0,0,0,1,1,0,0,0,1,0,0,0,0,0,0,1,0,0,0,0,0,0,0,1
0,0,1,0,0,1,0,0,0,0,0,1,0,1,0,0,1,0,0,0,0,0,1,0
0,0,0,1,0,0,1,0,0,1,0,0,0,0,0,1,0,1,0,0,0,1,0,0
0,0,1,0,1,0,0,0,0,0,1,0,0,1,0,0,1,0,0,0,0,0,1,0
0,0,0,1,0,1,0,0,1,0,0,0,0,0,0,1,0,1,0,0,0,1,0,0
0,0,1,0,1,0,0,0,0,0,0,1,0,1,0,0,1,0,0,0,0,0,1,0
0,0,0,1,0,1,0,0,0,1,0,0,0,0,0,1,0,1,0,0,0,0,0,1
0,0,1,0,1,0,0,0,0,0,1,0,0,1,0,0,1,0,0,0,0,0,1,0
0,0,0,1,0,1,0,0,1,0,0,0,0,1,0,0,0,1,0,0,0,1,0,0
0,0,1,0,1,0,0,0,0,0,0,1,0,0,1,0,1,0,0,0,1,0,0,0
0,0,1,0,0,1,0,0,0,1,0,0,0,0,0,1,0,1,0,0,0,0,1,0
0,0,0,1,1,0,0,0,0,0,0,1,0,1,0,0,1,0,0,0,1,0,0,0
0,0,0,1,0,0,0,0,0,0,1,0,0,0,1,0,0,1,0,0,0,0,1,0
0,0,0,0,1,0,0,0,1,0,0,0,0,0,0,1,0,0,0,1,1,0,0,0
0,0,0,1,0,1,0,0,0,1,0,0,0,1,0,0,1,0,0,0,0,1,0,0
0,0,0,0,1,0,0,0,0,0,0,1,0,0,1,0,0,1,0,0,0,0,1,0
0,0,0,1,0,1,0,0,0,0,0,1,0,1,0,0,0,0,0,1,0,0,0,0
0,0,1,0,1,0,0,0,0,0,0,1,0,0,1,0,0,1,0,0,0,0,0,0
0,0,0,0,0,0,0,1,0,0,1,0,0,1,0,0,0,0,1,0,0,0,0,0
SpriteSpeccyBlock,22,4,3
7,0,1,7,0,1,7,0,1
7,0,1,7,0,1,7,0,1
7,0,1,7,0,1,7,0,1
7,0,1,7,0,1,7,0,1
SpriteAttribs,22,192,0,0
SpriteBitmapBlock,23,32,24
1,0,0,0,0,0,1,0,0,0,0,1,1,0,0,0,1,0,0,0,0,0,0,1
0,0,0,1,0,0,0,1,0,0,1,0,0,1,0,0,0,1,0,0,1,0,0,0
1,0,0,0,0,0,1,0,0,0,0,0,1,0,0,0,1,0,0,0,0,1,0,1
0,0,0,1,0,0,0,1,0,0,1,0,0,1,0,0,0,1,0,0,1,0,0,0
1,0,0,0,0,0,1,0,0,0,1,0,1,0,0,0,1,0,0,0,0,0,0,1
0,0,0,1,0,0,0,1,0,0,0,1,0,1,0,0,0,1,0,0,1,0,0,0
1,0,0,0,0,0,1,0,0,0,1,0,1,0,0,0,1,0,0,0,0,0,0,1
0,0,0,1,0,0,0,1,0,0,1,0,0,1,0,0,0,1,0,0,1,0,0,0
1,0,0,0,0,0,1,0,0,0,0,1,1,0,0,0,0,0,1,0,0,0,0,1
0,0,0,1,0,0,0,1,0,0,0,1,0,1,0,0,0,1,0,0,1,0,0,0
1,0,0,0,0,0,1,0,0,0,1,0,1,0,0,0,0,0,1,0,0,0,0,1
0,0,0,1,0,0,0,1,0,0,0,1,0,1,0,0,0,1,0,0,1,0,0,0
1,0,0,0,0,0,1,0,0,0,1,0,1,0,0,0,0,0,1,0,0,0,0,1
1,0,0,0,0,0,0,1,0,0,0,1,0,1,0,0,0,1,0,0,1,0,0,0
1,0,0,0,0,0,0,1,0,0,1,0,1,0,0,0,0,0,1,0,0,0,0,1
1,0,0,0,0,0,0,1,0,0,0,1,0,1,0,0,0,1,0,0,1,0,1,0
0,0,0,1,0,0,1,0,0,0,1,0,1,0,0,0,0,0,1,0,0,0,0,1
1,0,0,0,0,0,0,1,0,0,1,0,0,1,0,0,0,1,0,0,1,0,0,0
0,1,0,0,0,0,1,0,0,0,0,1,1,0,0,0,1,0,0,0,0,0,0,1
1,0,0,0,0,0,0,1,0,0,1,0,0,1,0,0,0,1,0,0,1,0,0,0
0,1,0,0,0,0,1,0,0,0,0,1,1,0,0,0,0,1,0,0,0,0,0,1
1,0,0,0,0,0,0,1,0,0,1,0,0,1,0,0,1,0,0,0,1,0,0,0
0,0,0,1,0,0,1,0,0,0,0,1,1,0,0,0,0,1,0,0,0,0,0,1
1,0,0,0,0,0,0,1,0,0,1,0,0,1,0,0,1,0,0,0,1,0,0,0
0,0,0,1,0,0,1,0,0,0,0,1,1,0,0,0,0,1,0,0,0,0,0,1
1,0,0,0,0,0,0,1,0,0,0,1,0,1,0,0,1,0,0,0,1,0,0,0
0,0,0,1,0,0,1,0,0,0,0,1,1,0,0,0,0,1,0,0,0,0,0,1
1,0,0,0,0,1,0,0,0,0,1,0,0,1,0,0,1,0,0,0,1,0,0,0
0,0,0,1,0,0,1,0,0,0,0,1,1,0,0,0,0,1,0,0,0,0,0,1
1,0,0,0,0,1,0,0,0,0,1,0,0,1,0,0,1,0,0,0,1,0,0,0
0,0,0,1,0,0,1,0,0,1,0,0,1,0,0,0,0,1,0,0,0,0,0,1
1,0,0,0,0,0,0,1,0,1,0,0,0,1,0,0,1,0,0,0,1,0,0,0
SpriteSpeccyBlock,23,4,3
7,0,1,7,0,1,7,0,1
7,0,1,7,0,1,7,0,1
7,0,1,7,0,1,7,0,1
7,0,1,7,0,1,7,0,1
SpriteAttribs,23,192,0,0
SpriteBitmapBlock,24,16,11
0,0,0,0,0,0,0,1,1,0,0
0,0,0,0,0,0,1,2,2,1,0
0,0,0,0,0,1,3,3,2,0,1
0,0,0,0,0,1,2,2,0,2,1
0,0,0,0,0,1,3,2,2,0,1
0,0,0,0,0,1,2,2,0,2,1
0,0,0,0,0,1,3,2,2,3,1
0,0,0,0,0,1,2,2,0,2,1
0,0,0,0,0,1,3,2,2,3,1
0,0,0,0,0,1,2,2,0,2,1
0,0,0,0,0,1,2,2,2,3,1
0,0,0,0,0,1,2,2,0,2,1
0,0,0,0,0,1,3,3,2,0,1
0,0,0,0,0,1,2,2,2,2,1
0,0,0,0,0,0,1,2,2,1,0
0,0,0,0,0,0,0,1,1,0,0
SpriteSpeccyBlock,24,2,2
7,0,1,7,0,1
7,0,0,7,0,0
SpriteAttribs,24,0,0,0
SpriteBitmapBlock,25,23,21
0,0,0,0,0,0,0,0,0,0,0,0,0,0,0,0,0,0,0,0,0
0,0,0,0,0,0,0,0,0,0,0,0,0,0,0,0,0,0,0,0,0
0,0,0,0,0,0,0,0,0,0,0,0,0,0,0,0,0,0,0,0,0
0,0,0,0,0,0,0,0,0,0,0,0,0,0,0,0,0,0,0,0,0
0,0,0,0,0,0,0,0,0,0,0,0,0,0,0,0,0,0,0,0,0
0,0,0,0,0,0,0,0,0,3,0,3,0,3,0,3,0,3,0,0,0
0,0,0,0,0,0,0,0,3,0,0,0,0,0,0,0,0,0,0,0,0
0,0,0,0,0,0,3,0,0,0,3,3,0,3,3,0,0,3,0,3,0
0,0,0,0,0,0,0,0,3,0,0,0,3,0,0,0,0,0,0,0,0
0,0,0,0,3,0,3,0,0,3,0,3,2,3,1,3,0,3,0,0,3
0,0,0,0,0,0,0,0,3,0,0,0,2,2,2,0,0,0,0,0,0
0,0,0,0,3,0,0,0,0,0,0,0,2,2,3,3,0,3,0,0,3
0,0,0,0,0,0,0,3,3,3,3,0,3,3,3,0,3,0,0,0,0
0,0,0,0,3,0,0,3,2,2,3,2,3,2,1,2,3,3,1,0,3
0,0,0,0,0,0,0,3,3,2,3,2,3,2,2,2,3,2,2,0,0
0,0,0,0,3,0,0,3,3,3,3,0,2,3,3,3,2,3,2,0,3
0,0,0,0,0,0,0,0,3,0,0,0,0,3,2,3,0,0,0,0,0
0,0,0,0,3,0,0,0,0,3,0,3,2,3,2,3,0,3,0,0,3
0,0,0,0,0,0,0,0,0,0,0,0,0,3,2,3,0,0,0,0,0
0,0,0,0,3,0,0,3,0,0,0,0,3,0,2,3,3,0,3,0,3
0,0,0,0,0,0,0,0,0,0,0,0,0,0,0,0,0,0,0,0,0
0,0,0,0,3,0,0,0,0,0,0,0,0,0,0,0,0,0,0,0,3
0,0,0,0,0,3,0,3,0,3,0,3,0,3,0,3,0,3,0,3,0
SpriteSpeccyBlock,25,3,3
7,0,1,7,0,1,7,0,1
7,0,1,7,0,1,7,0,1
7,0,1,7,0,1,7,0,1
SpriteAttribs,25,0,0,0
SpriteBitmapBlock,26,23,21
0,0,0,0,0,0,0,0,0,0,0,0,0,0,0,0,0,0,0,0,0
0,0,0,0,0,0,0,0,0,0,0,0,0,0,0,0,0,0,0,0,0
0,0,0,0,0,0,0,0,0,0,0,0,0,0,0,0,0,0,0,0,0
0,0,0,0,0,0,0,0,0,0,0,0,0,0,0,0,0,0,0,0,0
0,0,0,0,0,0,0,0,0,0,0,0,0,0,0,0,0,0,0,0,0
0,0,0,0,0,0,0,0,0,3,0,3,0,3,0,3,0,3,0,0,0
0,0,0,0,0,0,0,0,3,0,0,0,0,0,0,0,0,0,0,0,0
0,0,0,0,0,0,3,0,0,0,3,3,0,3,3,0,0,3,0,3,0
0,0,0,0,0,0,0,0,3,0,0,0,3,0,0,0,0,0,0,0,0
0,0,0,0,3,0,3,0,0,3,0,3,1,3,0,3,0,3,0,0,3
0,0,0,0,0,0,0,0,3,0,1,2,2,1,0,0,0,0,0,0,0
0,0,0,0,3,0,0,0,0,0,1,1,1,2,3,3,0,3,0,0,3
0,0,0,0,0,0,0,3,3,3,3,1,3,3,3,0,3,0,0,0,0
0,0,0,0,3,0,0,3,0,0,3,0,3,1,0,0,3,3,0,0,3
0,0,0,0,0,0,0,3,3,0,3,1,3,0,0,0,3,0,0,0,0
0,0,0,0,3,0,0,3,3,3,3,0,0,3,3,3,1,3,0,0,3
0,0,0,0,0,0,0,1,3,2,1,0,0,3,1,3,2,1,0,0,0
0,0,0,0,3,0,0,1,1,3,2,3,0,3,1,3,1,3,1,0,3
0,0,0,0,0,0,1,0,1,1,1,1,0,3,0,3,1,1,1,0,0
0,0,0,0,3,0,0,3,0,1,1,0,3,0,1,3,3,1,3,0,3
0,0,0,0,0,0,0,0,1,0,0,0,0,0,0,1,0,0,0,0,0
0,0,0,0,3,0,0,0,0,0,0,0,0,0,0,0,0,0,0,0,3
0,0,0,0,0,3,0,3,0,3,0,3,0,3,0,3,0,3,0,3,0
SpriteSpeccyBlock,26,3,3
7,0,1,7,0,1,7,0,1
7,0,1,7,0,1,7,0,1
7,0,1,7,0,1,7,0,1
SpriteAttribs,26,0,0,0
SpriteBitmapBlock,27,23,21
0,0,0,0,0,0,0,0,0,0,0,0,0,0,0,0,0,0,0,0,0
0,0,0,0,0,0,0,0,0,0,0,0,0,0,0,0,0,0,0,0,0
0,0,0,0,0,0,0,0,0,0,0,0,0,0,0,0,0,0,0,0,0
0,0,0,0,0,0,0,0,0,0,0,0,0,0,0,0,0,0,0,0,0
0,0,0,0,0,0,0,0,0,0,0,0,0,0,0,0,0,0,0,0,0
0,0,0,0,0,0,0,0,0,3,0,3,0,3,0,3,0,3,0,0,0
0,0,0,0,0,0,0,0,3,0,0,0,0,0,0,0,0,0,0,0,0
0,0,0,0,0,0,3,0,0,0,3,3,0,3,3,0,0,3,0,3,0
0,0,0,0,0,0,0,0,3,0,0,0,3,0,0,0,0,0,0,0,0
0,0,0,0,3,0,3,0,0,3,0,3,2,3,0,3,0,3,0,0,3
0,0,0,0,0,0,0,0,3,0,0,2,2,2,0,0,0,0,0,0,0
0,0,0,0,3,0,0,0,0,0,0,2,2,2,3,3,0,3,0,0,3
0,0,0,0,0,0,0,3,3,3,3,2,3,3,3,2,3,2,0,0,0
0,0,0,0,3,0,0,3,2,1,3,2,3,2,2,2,3,3,0,0,3
0,0,0,0,0,0,0,3,3,2,3,2,3,2,2,2,3,0,0,0,0
0,0,0,0,3,0,0,3,3,3,3,1,2,3,3,3,0,3,0,0,3
0,0,0,0,0,0,0,0,3,0,1,2,1,3,1,3,0,0,0,0,0
0,0,0,0,3,0,0,0,0,3,2,3,0,3,2,3,2,3,0,0,3
0,0,0,0,0,0,0,0,0,2,1,2,0,3,0,3,1,0,0,0,0
0,0,0,0,3,0,0,3,0,0,0,0,3,0,0,3,3,0,3,0,3
0,0,0,0,0,0,0,0,0,0,0,0,0,0,0,0,0,0,0,0,0
0,0,0,0,3,0,0,0,0,0,0,0,0,0,0,0,0,0,0,0,3
0,0,0,0,0,3,0,3,0,3,0,3,0,3,0,3,0,3,0,3,0
SpriteSpeccyBlock,27,3,3
7,0,1,7,0,1,7,0,1
7,0,1,7,0,1,7,0,1
7,0,1,7,0,1,7,0,1
SpriteAttribs,27,0,0,0
SpriteBitmapBlock,28,14,23
0,0,0,0,0,0,0,0,0,0,0,0,0,0,0,0,0,0,0,0,0,0,0
0,0,0,0,0,0,0,0,0,0,0,0,0,0,0,0,0,0,0,0,0,0,0
0,0,0,0,0,0,0,0,0,0,0,0,2,2,2,0,0,0,0,0,2,0,0
0,0,0,0,2,2,0,0,0,0,0,0,0,0,0,0,0,0,0,0,0,0,0
0,0,0,0,0,0,2,2,0,0,0,0,0,0,0,0,0,0,2,0,0,0,0
0,0,0,0,0,0,0,0,0,0,0,0,0,0,0,0,2,2,0,2,2,0,0
0,0,0,0,0,0,0,0,0,0,0,0,0,0,0,0,0,0,0,0,0,0,0
0,0,0,0,0,0,0,0,0,0,0,0,0,0,0,0,0,0,0,0,0,0,0
0,0,0,0,0,0,0,0,0,0,0,0,0,0,0,0,0,0,0,0,0,0,0
0,0,0,0,0,0,0,0,0,0,2,0,0,0,2,2,2,0,0,2,0,0,0
0,0,0,0,0,0,0,0,0,0,2,0,2,0,0,0,0,0,0,0,0,0,2
0,2,0,0,0,0,0,0,2,0,0,0,2,2,0,0,0,0,0,0,0,2,0
0,0,2,0,0,0,0,0,0,0,0,0,0,0,2,0,0,0,0,2,2,2,0
0,0,0,2,2,2,0,0,0,0,0,0,0,0,0,0,2,2,2,2,0,0,0
SpriteSpeccyBlock,28,2,3
7,0,1,7,0,1,7,0,1
7,0,1,7,0,1,7,0,1
SpriteAttribs,28,128,0,0
SpriteBitmapBlock,29,16,24
0,0,0,0,0,0,0,0,0,0,0,0,0,0,0,0,0,0,0,0,0,0,0,0
0,0,0,0,0,0,0,0,0,0,0,0,0,0,0,0,0,0,0,0,0,0,0,0
0,0,0,0,0,0,0,0,0,0,0,0,0,0,0,0,0,0,0,0,0,0,0,0
0,0,0,0,0,0,0,0,0,0,0,0,0,0,0,0,0,0,0,0,0,0,0,0
0,0,0,1,1,1,0,0,0,0,0,0,0,0,0,0,0,0,2,2,2,0,0,0
0,0,1,0,1,0,1,0,0,0,3,3,3,3,0,0,0,2,1,0,0,2,0,0
0,1,0,0,0,0,0,1,0,3,3,3,3,0,3,0,2,0,0,0,0,0,2,0
1,0,0,0,1,0,0,0,3,3,3,3,0,0,3,3,0,0,1,0,0,0,0,2
1,0,0,0,0,1,0,0,0,0,3,3,0,3,3,3,0,1,0,0,0,0,0,2
1,0,0,0,3,3,0,0,3,3,0,3,0,0,3,3,1,3,0,0,0,0,0,2
1,0,0,3,1,1,3,0,3,3,3,0,3,0,0,1,1,1,3,0,0,0,2,0
0,1,0,3,1,1,3,1,0,3,3,0,3,3,3,1,1,1,3,0,0,2,0,0
0,0,3,1,1,3,1,0,0,0,3,0,3,3,1,1,1,3,2,2,2,0,0,0
0,0,3,1,1,3,0,0,0,0,0,0,0,0,1,1,1,3,0,0,0,0,0,0
0,0,3,1,1,3,0,0,0,0,0,0,0,0,3,1,1,3,0,0,0,0,0,0
0,0,3,3,3,0,0,0,0,0,0,0,0,0,3,3,3,0,0,0,0,0,0,0
SpriteSpeccyBlock,29,2,3
7,0,1,7,0,1,7,0,1
7,0,1,7,0,1,7,0,1
SpriteAttribs,29,128,0,0
spritebank,1
SpriteStart
SpriteBitmapBlock,0,23,24
0,0,0,0,0,1,3,3,3,3,3,3,3,0,0,0,0,0,0,0,0,0,0,0
0,0,0,0,0,0,3,3,3,3,3,3,3,3,3,3,3,0,0,0,0,0,0,0
0,0,0,0,0,3,3,3,3,3,3,3,3,3,3,1,3,3,3,0,0,0,0,0
0,0,0,0,3,0,0,0,0,3,0,0,3,3,3,3,3,0,0,3,0,0,0,0
0,0,0,3,0,0,0,0,0,3,0,0,3,0,0,3,3,3,0,0,3,3,0,0
0,0,0,0,0,0,0,0,3,0,0,0,3,0,0,3,0,3,3,0,0,0,3,0
0,0,0,0,0,0,0,0,3,0,0,0,3,0,0,3,3,0,3,0,0,0,3,0
0,0,0,0,0,0,0,0,0,0,0,0,0,0,0,3,3,0,3,0,0,0,0,0
0,0,0,0,0,0,0,0,0,0,0,0,0,0,0,3,3,0,0,3,0,0,0,0
0,0,0,0,0,0,0,0,0,0,0,0,0,0,0,0,3,3,0,0,0,0,0,0
0,1,1,1,0,0,1,1,1,1,0,0,0,0,0,0,3,3,0,0,0,0,0,0
1,0,0,0,1,1,1,0,0,1,1,1,0,0,0,0,3,3,0,0,0,0,0,0
0,0,0,0,0,0,0,0,0,0,0,1,1,1,0,0,3,3,0,0,0,0,0,0
0,0,0,0,0,0,0,0,0,0,0,0,0,1,1,3,3,0,0,0,0,0,0,0
0,0,0,0,0,0,0,0,3,0,0,0,3,0,1,3,3,3,3,3,0,0,0,0
0,0,0,0,0,0,0,0,3,0,0,0,3,0,1,3,3,3,3,3,3,0,0,0
0,0,0,3,0,0,0,0,0,3,0,0,3,0,0,3,3,3,3,3,3,3,0,0
0,0,0,0,3,0,0,0,0,3,0,3,3,3,3,3,3,3,3,3,3,3,3,3
0,0,0,0,0,3,0,0,0,3,3,3,0,0,0,3,3,3,3,3,3,3,3,3
0,0,0,0,0,0,3,3,3,3,3,0,0,0,0,0,3,3,3,3,3,0,0,0
0,0,0,0,0,0,0,0,0,0,0,0,0,0,0,0,3,3,0,3,3,0,0,0
0,0,0,0,0,0,0,0,0,0,0,0,0,0,0,3,3,0,0,3,0,0,0,0
0,0,0,0,0,0,0,0,0,0,0,0,0,0,0,0,0,0,3,3,0,0,0,0
SpriteSpeccyBlock,0,3,3
7,0,1,7,0,1,7,0,1
7,0,1,7,0,1,7,0,1
7,0,1,7,0,1,7,0,1
SpriteAttribs,0,0,0,0
SpriteBitmapBlock,1,24,24
0,0,0,0,0,0,0,0,0,0,0,0,0,0,0,0,0,0,0,0,0,0,0,0
0,0,0,0,0,0,0,0,0,0,0,0,0,0,0,0,0,0,0,0,0,0,0,0
0,0,0,0,0,0,0,0,0,0,0,0,0,0,0,0,0,0,0,0,0,0,0,0
0,0,0,0,0,0,0,0,0,0,0,0,0,0,0,0,0,0,0,0,0,0,0,0
0,0,0,0,0,0,0,0,0,0,0,0,0,0,0,0,0,0,0,0,0,0,0,0
0,0,0,0,0,0,0,0,0,0,0,0,0,0,0,0,0,0,0,0,0,0,0,0
0,0,0,0,0,0,0,0,0,0,0,0,0,0,0,0,0,0,0,0,0,0,0,0
0,0,0,0,0,0,0,0,0,0,0,0,0,0,0,0,0,0,0,0,0,0,0,0
0,0,0,0,0,0,0,0,0,0,0,0,0,0,0,0,0,0,0,0,0,0,0,0
0,0,0,0,0,0,0,0,0,0,0,0,0,0,0,0,0,0,0,0,0,0,0,0
0,0,0,0,0,0,0,0,0,0,0,0,0,0,1,1,1,1,2,2,0,0,0,0
0,0,0,0,0,0,0,0,0,0,0,0,0,1,1,1,1,1,1,2,2,0,0,0
0,0,0,0,0,0,0,0,0,0,0,0,1,1,1,1,1,1,1,2,2,2,0,0
0,0,0,0,0,0,0,0,0,0,0,1,1,1,2,2,2,2,1,2,2,2,2,0
0,0,0,0,3,3,3,3,3,0,0,1,1,2,3,3,0,2,1,2,2,2,2,2
0,0,3,3,0,0,0,0,3,3,0,1,1,2,3,0,2,1,1,2,2,2,2,2
0,3,0,0,3,3,3,0,0,0,3,1,1,1,2,2,1,1,1,2,2,2,2,2
3,3,3,3,3,0,0,3,3,3,3,3,1,1,1,1,1,1,1,2,2,2,2,2
0,3,0,0,3,3,3,3,3,0,0,3,1,1,1,1,1,1,1,2,2,2,2,2
0,3,0,0,0,0,0,0,0,0,3,1,1,1,1,1,1,1,1,2,2,2,2,2
0,0,3,0,0,0,0,0,0,3,0,1,1,1,1,1,1,1,1,2,2,2,2,0
0,0,0,3,0,0,0,0,3,0,0,0,1,1,1,1,1,1,1,2,2,2,0,0
0,0,0,0,3,3,3,3,0,0,0,0,0,1,1,1,1,1,1,2,2,0,0,0
0,0,0,0,0,0,0,0,0,0,0,0,0,0,1,1,1,1,2,2,0,0,0,0
SpriteSpeccyBlock,1,3,3
7,0,1,7,0,1,7,0,1
7,0,1,7,0,1,7,0,1
7,0,1,7,0,1,7,0,1
SpriteAttribs,1,128,0,0
SpriteBitmapBlock,2,24,24
0,0,0,0,0,0,0,0,0,0,0,0,0,0,3,3,3,3,0,0,0,0,0,0
0,0,0,0,0,0,0,0,0,0,0,0,3,3,3,0,0,3,3,0,0,0,0,0
0,0,0,0,0,0,0,0,0,0,3,3,3,0,0,3,3,3,3,0,0,0,0,0
0,0,0,0,0,0,0,0,0,3,3,0,0,3,3,3,3,3,0,0,0,0,0,0
0,0,0,0,0,0,0,0,3,3,0,3,3,3,3,3,3,0,0,3,3,0,0,0
0,0,0,0,0,0,0,3,3,0,3,3,3,3,3,0,0,3,3,3,3,3,0,0
0,0,0,0,0,0,3,3,0,3,3,3,3,0,0,3,3,3,0,3,3,3,0,0
0,0,0,0,0,0,3,3,0,3,3,3,0,0,3,3,0,3,3,3,3,0,0,0
0,0,0,0,0,3,3,0,3,3,3,0,0,3,0,3,3,3,0,0,0,0,0,0
0,0,0,0,3,3,0,3,3,0,0,3,3,3,3,0,0,0,0,0,0,0,0,0
0,0,0,0,3,0,3,3,0,3,3,3,0,0,0,0,0,0,0,0,0,0,0,0
0,0,0,0,1,1,2,2,0,3,0,0,0,0,0,0,2,2,1,1,0,0,0,0
0,0,0,1,0,1,0,0,2,0,0,0,0,0,0,2,0,1,0,0,1,0,0,0
0,0,1,0,1,0,0,0,0,1,0,0,0,0,2,0,0,0,1,0,0,2,0,0
0,1,0,0,0,0,0,1,0,0,1,0,0,2,0,0,1,0,0,0,0,0,2,0
1,0,0,0,1,0,0,0,0,0,0,1,2,0,0,0,0,0,1,0,0,0,0,2
1,0,0,0,0,1,0,0,0,0,0,1,2,0,0,0,0,1,0,0,0,0,0,2
1,0,0,0,3,3,0,0,0,0,0,1,2,0,0,0,3,3,0,0,0,0,0,2
1,0,0,3,1,1,3,0,0,0,0,1,2,0,0,3,1,1,3,0,0,0,0,2
0,1,0,3,1,1,3,0,0,0,1,0,0,2,0,3,1,1,3,0,0,0,2,0
0,0,1,0,3,1,1,3,0,1,0,0,0,0,2,0,3,1,1,3,0,2,0,0
0,0,0,1,3,1,1,3,2,0,0,0,0,0,0,2,3,1,1,3,1,0,0,0
0,0,0,0,3,1,1,3,0,0,0,0,0,0,0,0,3,1,1,3,0,0,0,0
0,0,0,0,3,3,3,3,0,0,0,0,0,0,0,0,3,3,3,3,0,0,0,0
SpriteSpeccyBlock,2,3,3
7,0,1,7,0,1,7,0,1
7,0,1,7,0,1,7,0,1
7,0,1,7,0,1,7,0,1
SpriteAttribs,2,128,0,0
SpriteBitmapBlock,3,24,24
0,0,0,0,0,0,0,0,0,0,0,0,0,0,0,0,0,0,0,0,0,0,0,0
0,0,0,0,0,0,0,0,0,0,0,0,0,0,0,0,0,0,0,0,0,0,0,0
0,0,0,0,0,0,0,0,0,0,0,0,0,0,0,0,0,0,0,0,0,0,0,0
0,0,0,0,0,0,0,0,0,0,0,0,0,0,0,0,0,0,0,0,0,0,0,0
0,0,0,0,0,0,0,0,0,0,0,0,0,0,0,0,0,0,0,0,0,0,0,0
0,0,0,0,0,0,0,0,0,0,0,0,0,0,0,0,0,0,0,0,0,0,0,0
0,0,0,0,0,0,0,0,0,0,0,0,0,0,0,0,0,0,0,0,0,0,0,0
0,0,0,0,0,0,0,0,0,0,0,0,0,0,0,0,0,0,0,0,0,0,0,0
0,0,0,0,0,0,0,0,0,0,0,0,0,0,0,0,0,0,0,0,0,0,0,0
0,0,0,0,0,0,0,0,0,0,0,0,0,0,0,0,0,0,0,0,0,0,0,0
0,0,0,0,0,0,0,0,0,0,0,0,0,0,0,0,0,0,0,0,0,0,0,0
0,0,0,0,1,1,1,2,2,2,1,0,0,0,0,0,0,0,0,0,0,0,0,0
0,0,1,1,1,1,2,2,2,2,1,1,1,0,0,0,0,0,0,0,0,0,0,0
0,1,1,1,1,2,2,2,2,1,1,1,1,2,0,0,0,0,0,0,0,0,0,0
1,1,1,1,1,2,2,2,2,1,1,1,2,2,2,0,0,0,0,0,0,0,0,0
1,1,1,1,2,2,2,2,1,1,1,1,2,2,2,2,0,0,0,0,0,0,0,0
1,1,1,1,2,2,2,2,1,1,1,1,2,2,2,2,3,0,0,0,0,0,0,0
1,1,1,1,2,2,2,2,1,1,1,1,2,2,2,2,3,3,3,3,0,0,0,0
1,1,1,1,2,2,2,2,1,1,1,1,2,2,2,2,3,0,0,0,3,3,3,3
1,1,1,1,2,2,2,2,1,1,1,1,2,2,2,2,0,0,0,0,0,0,0,0
0,1,1,1,1,2,2,2,2,1,1,1,2,2,2,0,0,0,0,0,0,0,0,0
0,0,1,1,1,2,2,2,2,1,1,1,1,2,0,0,0,0,0,0,0,0,0,0
0,0,0,1,1,1,2,2,2,2,1,1,1,0,0,0,0,0,0,0,0,0,0,0
0,0,0,0,0,1,1,2,2,2,1,0,0,0,0,0,0,0,0,0,0,0,0,0
SpriteSpeccyBlock,3,3,3
7,0,1,7,0,1,7,0,1
7,0,0,7,0,0,7,0,1
7,0,0,7,0,0,7,0,1
SpriteAttribs,3,128,0,0
SpriteBitmapBlock,4,37,21
0,0,0,0,0,0,0,0,0,0,1,0,0,1,0,0,0,0,0,0,0
0,0,0,0,0,0,0,0,0,0,1,1,1,1,1,1,0,0,0,0,0
0,0,0,0,0,0,0,0,0,1,1,1,1,1,1,1,1,0,0,0,0
0,0,0,0,0,0,0,0,0,1,1,1,2,2,1,1,1,1,1,0,0
0,0,0,0,0,0,0,0,0,0,0,3,0,0,2,1,1,1,0,0,0
0,0,0,0,0,0,0,0,0,0,2,3,0,2,2,1,2,1,1,0,0
0,0,0,0,0,0,0,0,0,2,2,2,2,0,2,2,2,1,1,0,0
0,0,0,0,0,0,0,0,0,0,2,2,2,2,2,2,1,1,1,1,0
0,0,0,0,0,0,0,0,0,0,0,2,0,0,0,2,1,1,0,0,0
0,0,0,0,0,0,2,0,2,2,0,0,2,2,2,1,1,1,1,0,0
0,0,0,0,0,2,2,2,3,3,0,2,0,2,2,1,0,1,0,0,0
0,0,0,0,0,2,2,2,0,2,3,3,2,0,0,0,0,0,1,0,0
0,0,0,3,3,1,1,1,0,0,0,2,3,3,3,2,0,0,0,0,0
0,0,0,3,1,3,0,0,1,0,0,0,0,2,3,3,2,0,0,0,0
0,0,1,1,0,1,0,1,0,1,0,0,2,2,2,2,0,0,0,0,0
0,0,1,0,0,0,1,0,0,0,1,0,0,2,0,0,0,2,0,0,0
0,0,0,0,1,0,0,1,0,1,0,0,0,0,1,1,2,2,0,0,0
0,0,1,0,0,1,0,0,0,0,1,0,0,1,1,1,2,3,0,0,0
0,0,0,1,0,0,0,1,0,1,0,0,0,0,0,2,2,2,0,0,0
0,0,1,0,1,0,1,0,1,0,1,0,0,1,1,0,0,3,0,0,0
0,0,0,0,0,0,0,0,0,0,0,0,0,1,1,0,0,2,0,0,0
0,0,0,0,0,0,0,0,0,0,0,0,0,0,0,0,2,0,0,0,0
0,0,0,0,0,0,0,0,0,0,0,0,1,0,1,1,0,1,0,0,0
0,0,0,0,0,0,0,0,0,0,0,0,1,0,0,1,0,1,0,0,0
0,0,0,0,0,0,0,0,0,0,0,0,1,1,0,0,1,1,0,0,0
0,0,0,0,0,0,0,0,0,0,0,1,1,1,0,1,0,1,0,0,0
0,0,0,0,0,0,0,0,0,0,0,1,0,1,0,1,1,1,1,0,0
0,0,0,0,0,0,0,0,0,0,0,1,2,1,0,1,1,0,1,0,0
0,0,0,0,0,0,0,0,0,0,0,1,2,3,0,0,1,1,1,0,0
0,0,0,0,0,0,0,0,0,0,0,2,3,2,0,0,1,0,1,0,0
0,0,0,0,0,0,0,0,0,0,2,2,3,0,0,0,1,1,1,1,0
0,0,0,0,0,0,0,0,0,0,0,2,3,2,0,0,1,1,0,1,0
0,0,0,0,0,0,0,0,0,0,2,3,2,0,0,0,0,1,1,1,0
0,0,0,0,0,0,0,0,0,0,2,2,2,0,0,0,0,1,0,1,0
0,0,0,0,0,0,0,0,0,0,3,3,0,0,0,0,0,0,0,0,0
0,0,0,0,0,0,0,0,3,2,2,0,0,0,0,0,0,0,1,1,1
0,0,0,0,0,0,0,2,3,3,3,2,0,0,0,0,0,1,1,1,1
SpriteSpeccyBlock,4,5,3
7,0,1,7,0,1,7,0,1
7,0,1,7,0,1,7,0,1
7,0,1,7,0,1,7,0,1
7,0,1,7,0,1,7,0,1
7,0,1,7,0,1,7,0,1
SpriteAttribs,4,0,0,0
SpriteBitmapBlock,5,24,21
0,0,0,0,0,0,0,0,0,0,0,0,0,0,0,0,0,0,0,0,0
0,0,3,3,3,3,0,0,0,0,0,0,0,0,0,0,0,0,0,0,0
0,0,1,0,0,0,3,0,0,0,0,0,0,0,0,0,0,0,0,0,0
3,3,3,3,0,0,3,0,0,0,0,0,0,0,0,0,0,0,0,0,0
1,0,0,0,3,3,3,3,0,0,0,0,0,0,0,0,0,0,0,0,0
0,0,3,3,3,3,3,3,3,0,0,0,0,0,0,0,0,0,0,0,0
0,3,3,3,3,3,3,3,3,3,0,0,0,0,0,0,0,0,0,0,0
3,3,0,0,3,3,3,0,0,3,3,0,0,0,0,0,0,0,0,0,0
3,2,2,3,3,3,0,0,0,3,3,0,0,0,0,0,0,0,0,0,0
3,0,0,3,3,0,3,0,0,0,3,0,0,0,0,0,0,0,0,0,0
3,3,3,3,0,0,3,0,0,3,3,0,0,0,0,0,0,0,0,0,0
3,3,0,3,0,0,0,3,3,3,3,3,0,0,0,0,0,0,0,0,0
0,3,0,0,3,0,0,3,3,3,0,0,3,3,0,0,0,0,0,0,0
0,0,0,3,0,3,3,3,3,3,0,2,3,2,3,0,0,0,0,0,0
0,0,0,3,3,3,3,3,3,0,3,3,2,0,0,3,3,0,0,0,0
0,0,0,0,3,3,3,3,0,3,3,0,0,0,3,0,2,3,0,0,0
0,0,0,0,0,0,0,0,3,2,3,3,0,3,0,2,3,2,3,3,0
0,0,0,0,0,0,0,0,3,0,0,3,3,3,0,3,2,0,0,3,0
0,0,0,0,0,0,0,1,0,3,3,3,0,0,3,3,0,0,3,2,3
0,0,0,0,0,0,1,0,0,1,0,3,3,3,3,3,3,3,2,0,3
0,0,0,0,0,0,1,0,1,0,0,0,0,3,3,0,3,3,0,0,3
0,0,0,0,0,0,0,0,1,0,0,0,0,1,0,3,3,3,3,3,0
0,0,0,0,0,0,0,0,0,0,0,0,1,0,0,0,1,0,0,0,0
0,0,0,0,0,0,0,0,0,0,0,0,0,0,0,1,0,0,0,0,0
SpriteSpeccyBlock,5,3,3
7,0,1,7,0,1,7,0,1
7,0,1,7,0,1,7,0,1
7,0,1,7,0,1,7,0,1
SpriteAttribs,5,0,0,0
SpriteBitmapBlock,6,24,32
0,0,0,0,0,0,0,0,0,0,0,0,0,0,0,0,0,0,0,0,0,0,0,0,0,0,0,0,0,0,0,0
0,0,0,0,0,0,0,0,0,0,0,0,0,0,0,0,0,0,0,0,0,0,0,0,0,0,0,0,0,0,0,0
0,0,0,0,0,0,0,0,0,0,0,0,0,0,0,0,0,0,0,0,0,0,0,0,0,0,0,0,0,0,0,0
0,0,0,0,0,2,0,2,0,2,0,0,0,0,0,0,0,0,0,0,0,0,0,0,0,0,0,0,0,0,0,0
0,0,0,0,0,0,2,2,2,2,0,1,0,0,0,0,0,0,0,0,0,0,0,0,0,0,0,0,0,0,0,0
0,0,0,0,1,1,1,1,1,0,1,0,1,0,0,0,0,0,0,0,0,0,0,0,0,0,0,0,0,0,0,0
0,0,1,1,1,1,1,1,1,1,0,0,1,0,0,0,0,0,0,0,0,0,0,0,0,0,0,0,0,0,0,0
0,1,1,1,1,1,0,0,0,0,1,1,0,0,0,0,0,0,0,0,1,1,1,1,1,1,1,0,0,0,0,0
1,0,0,1,1,1,1,3,0,1,1,1,1,0,0,0,0,1,1,1,1,1,1,1,1,1,1,1,1,0,0,0
1,1,1,1,1,1,1,1,3,1,1,1,1,0,1,1,1,1,1,1,1,2,1,2,2,2,1,1,1,1,0,0
1,1,1,1,1,1,1,3,3,3,1,1,1,0,1,1,1,1,1,2,1,2,1,3,2,3,2,1,1,1,1,0
1,1,1,1,1,1,1,3,2,3,1,1,1,0,1,1,1,1,2,3,0,3,2,3,0,0,2,1,1,1,0,1
0,1,1,1,3,0,3,0,1,1,1,1,0,1,1,1,1,2,0,3,0,0,0,0,0,3,2,1,1,1,0,1
0,1,3,0,0,0,0,0,1,1,1,0,1,1,1,1,1,2,0,0,0,3,0,3,2,3,2,1,1,1,0,1
0,0,0,0,3,0,3,1,1,1,0,1,1,1,1,1,1,1,2,3,0,3,2,2,2,2,2,1,1,1,0,1
0,0,0,3,1,1,1,1,1,0,1,1,1,1,1,1,1,2,1,2,2,1,2,1,2,1,2,1,1,0,1,0
0,0,0,0,1,1,1,1,0,0,0,1,1,1,1,1,1,1,1,2,1,2,1,2,2,1,1,1,1,0,1,0
0,0,0,0,0,0,0,0,0,0,0,0,1,1,1,1,0,1,1,1,1,1,0,1,1,1,1,1,0,0,0,0
0,0,0,0,0,0,0,0,0,0,0,0,0,1,1,1,0,0,0,0,0,0,0,0,1,1,1,1,0,0,0,0
0,0,0,0,0,0,0,0,0,0,0,0,0,1,1,1,0,0,0,0,0,0,1,1,0,1,1,1,0,0,0,0
0,0,0,0,0,0,0,0,0,0,0,0,1,1,1,0,0,0,0,0,0,1,1,1,0,1,1,1,0,0,0,0
0,0,0,0,0,0,0,0,0,0,0,0,1,1,1,0,1,0,0,0,0,1,1,0,0,0,1,1,0,0,0,0
0,0,0,0,0,0,0,0,0,0,0,1,1,1,0,0,1,0,0,0,1,1,1,0,0,0,1,1,1,0,0,0
0,0,0,0,0,0,0,0,0,0,0,1,1,1,0,1,1,0,0,1,1,1,0,0,0,1,1,1,1,0,0,0
SpriteSpeccyBlock,6,3,4
7,0,1,7,0,1,7,0,1,7,0,1
7,0,1,7,0,1,7,0,1,7,0,1
7,0,1,7,0,1,7,0,1,7,0,1
SpriteAttribs,6,0,0,0
SpriteBitmapBlock,7,14,24
0,0,3,0,0,0,3,0,0,0,3,0,0,0,3,0,0,0,3,0,0,0,3,0
0,0,0,0,0,0,0,0,0,0,0,2,0,0,0,0,0,0,0,0,0,0,0,0
0,0,3,0,0,0,3,0,0,0,3,2,2,0,3,0,0,0,3,0,0,0,3,0
0,0,0,0,0,0,0,0,0,0,0,0,0,2,0,0,0,0,0,0,0,0,0,0
0,0,3,2,2,0,3,0,0,0,3,0,0,0,3,2,2,2,3,0,0,0,3,0
0,2,2,0,0,0,0,0,0,0,0,0,0,0,0,0,0,0,2,0,0,0,2,2
0,0,3,0,0,2,3,0,0,0,3,0,0,0,3,0,0,0,3,0,0,0,3,0
2,2,0,0,0,0,0,2,2,0,0,0,0,0,0,0,0,2,0,0,0,0,0,0
2,0,3,2,0,0,3,2,0,0,3,0,0,0,3,0,0,0,3,0,0,0,3,0
2,0,2,0,0,2,2,0,0,0,0,0,0,0,0,2,0,0,0,0,2,0,0,0
0,0,3,0,0,2,3,2,2,0,3,0,0,0,3,0,0,0,3,0,0,0,3,0
2,0,0,0,0,0,2,1,2,0,0,0,2,0,2,0,0,0,0,0,0,0,0,0
0,0,3,0,2,0,3,2,1,2,3,0,0,2,3,2,0,0,3,0,2,0,3,2
0,0,0,0,2,0,2,0,1,0,2,2,0,1,2,0,2,2,2,0,0,0,0,0
SpriteSpeccyBlock,7,2,3
7,0,1,7,0,1,7,0,1
7,0,1,7,0,1,7,0,1
SpriteAttribs,7,128,0,0
SpriteBitmapBlock,8,14,23
0,0,3,0,0,0,3,0,0,0,3,0,0,0,3,0,0,0,3,0,0,0,3
0,0,0,0,0,0,0,0,0,0,0,0,0,0,0,0,0,0,0,0,0,0,0
0,0,3,0,0,0,3,0,0,0,3,0,0,0,3,2,2,0,3,0,0,0,3
0,0,0,2,0,0,0,0,0,0,0,0,0,0,0,0,0,2,0,0,0,0,0
2,2,3,2,0,0,3,0,2,0,3,0,0,0,3,0,0,0,3,0,0,0,3
0,0,0,0,0,0,0,0,2,2,0,0,0,2,0,0,0,0,0,2,0,0,0
0,0,3,0,0,0,3,0,0,0,3,0,0,0,3,0,0,0,3,2,0,0,3
0,0,0,0,0,0,0,2,0,0,0,0,0,0,0,0,2,0,0,0,0,0,0
0,0,3,0,0,0,3,0,0,0,3,0,0,0,3,0,0,0,3,2,0,0,3
0,0,2,0,0,0,0,0,0,0,0,0,0,2,0,0,0,0,2,2,0,0,0
0,0,3,2,0,0,3,0,2,2,3,0,2,1,3,0,0,0,0,0,0,0,0
0,0,2,1,2,0,0,0,0,0,0,0,0,2,1,2,2,0,0,0,0,0,0
0,0,3,2,2,0,3,2,2,0,3,2,2,2,3,0,0,0,0,0,0,0,0
2,2,1,2,0,0,2,2,0,0,0,0,0,0,1,2,0,0,0,0,0,0,0
SpriteSpeccyBlock,8,2,3
7,0,1,7,0,1,7,0,1
7,0,1,7,0,1,7,0,1
SpriteAttribs,8,128,0,0
SpriteBitmapBlock,9,13,24
0,0,3,0,0,0,3,0,0,0,3,0,0,0,3,0,0,0,3,0,0,0,3,0
0,0,0,0,0,0,0,0,0,0,0,0,0,0,0,0,2,2,0,0,0,0,0,0
0,0,3,0,0,0,3,0,0,0,3,0,0,0,3,2,2,0,3,0,0,0,3,2
0,0,0,0,2,0,0,2,2,0,0,0,0,0,0,2,0,0,0,0,0,0,0,0
0,2,3,0,0,0,3,0,0,0,3,2,0,0,2,2,0,2,0,0,0,0,3,0
0,0,0,0,0,2,0,0,0,0,0,0,0,2,0,0,0,0,0,0,0,0,2,0
0,0,3,0,0,0,3,0,0,2,3,0,0,2,2,0,0,0,0,0,0,0,3,0
0,2,0,0,0,0,0,0,0,0,0,0,0,0,0,2,2,0,0,2,0,0,0,2
0,2,3,0,0,0,2,2,2,0,3,0,0,0,0,2,0,0,3,0,0,0,3,0
2,0,0,0,2,2,0,0,0,0,0,0,2,0,2,1,1,2,0,0,0,0,0,0
2,0,0,2,1,2,0,0,0,0,0,0,0,0,1,2,2,2,0,0,2,2,2,2
2,2,0,0,1,0,0,0,2,0,0,0,2,1,1,0,2,0,0,0,0,0,0,0
0,0,0,0,1,2,0,0,0,0,0,0,0,1,0,0,2,0,0,0,0,0,0,0
SpriteSpeccyBlock,9,2,3
7,0,1,7,0,1,7,0,1
7,0,1,7,0,1,7,0,1
SpriteAttribs,9,128,0,0
SpriteBitmapBlock,10,13,20
0,0,3,0,0,0,3,0,0,0,3,0,0,0,3,0,0,0,3,0
0,0,0,0,0,0,0,0,2,2,0,0,2,2,2,0,0,0,0,0
0,0,0,0,2,2,2,0,2,0,3,0,0,0,3,0,0,0,3,0
2,2,2,2,0,0,0,0,0,0,0,0,0,0,0,0,0,2,2,0
0,0,3,2,0,0,3,0,2,0,3,0,0,0,3,0,0,0,3,0
0,0,0,2,0,0,0,0,0,0,0,0,0,0,0,0,2,0,0,0
0,0,3,0,0,0,3,0,0,0,2,2,2,0,3,0,0,0,3,0
0,0,0,0,2,0,0,0,0,0,2,0,0,0,0,0,0,0,2,0
0,0,3,2,2,2,3,0,0,0,2,0,0,0,3,0,2,0,3,0
0,0,2,1,2,0,2,0,0,0,0,0,0,2,0,2,1,2,0,0
0,0,0,1,0,0,2,2,0,0,0,0,0,0,2,1,2,2,0,0
0,0,2,1,0,0,0,2,0,0,0,0,0,0,0,1,0,0,2,2
0,0,0,1,0,0,0,0,0,0,0,0,0,0,2,1,0,0,0,0
SpriteSpeccyBlock,10,2,3
7,0,1,7,0,1,7,0,1
7,0,1,7,0,1,7,0,1
SpriteAttribs,10,128,0,0
SpriteBitmapBlock,11,24,23
0,0,0,0,0,0,0,0,0,0,0,0,0,0,0,0,0,0,2,3,0,0,0
0,0,3,3,0,0,0,0,0,0,0,0,0,0,0,0,0,3,3,3,0,0,0
0,0,2,3,0,0,0,0,0,0,0,0,0,0,0,0,3,0,0,3,3,0,0
0,3,0,0,3,0,0,0,0,0,0,0,0,0,0,0,0,0,0,3,0,3,0
3,0,0,0,3,3,0,0,0,0,0,0,0,0,0,0,0,0,0,3,0,3,0
0,0,0,3,0,3,3,0,0,0,0,3,3,0,0,0,0,0,0,0,3,3,0
0,0,3,0,3,0,3,0,0,0,0,2,3,3,0,0,0,0,0,0,0,0,0
0,0,0,3,0,0,0,0,0,0,3,0,3,3,3,0,0,0,0,0,0,0,0
0,0,0,0,0,0,0,0,0,3,0,0,3,0,3,3,0,0,0,0,0,0,0
0,0,0,0,0,0,0,0,0,0,0,3,0,3,3,3,0,0,0,0,0,0,0
0,0,0,0,3,3,0,0,0,0,0,0,3,0,0,0,0,0,0,0,0,0,0
0,0,0,0,2,3,0,0,0,0,0,0,0,0,0,0,2,3,0,0,0,0,0
0,0,0,3,0,0,3,0,0,0,0,0,0,0,0,3,3,3,0,0,0,0,0
0,0,3,0,0,3,3,0,0,0,0,0,0,0,3,0,0,3,3,3,0,0,0
0,0,0,0,3,0,3,3,0,0,0,0,0,0,0,0,0,3,3,0,3,0,0
0,0,2,3,0,3,0,3,0,0,0,0,3,3,0,0,0,3,0,3,3,0,0
0,3,3,3,3,0,0,0,0,0,0,0,2,3,0,0,0,0,3,0,0,0,0
3,0,0,3,0,0,0,0,0,0,0,3,3,3,3,0,0,0,0,0,0,0,0
0,0,3,3,0,0,0,0,0,0,3,3,0,0,3,0,0,0,0,0,0,0,0
0,0,3,3,3,0,0,0,0,0,0,0,3,3,3,3,0,0,3,3,0,0,0
0,3,0,0,3,0,0,0,0,0,0,0,0,0,0,3,0,0,2,3,0,0,0
0,0,3,3,3,0,0,0,0,0,0,0,0,0,0,0,0,3,0,3,3,0,0
0,0,0,0,0,0,0,0,0,0,0,0,0,0,0,0,3,0,3,0,0,3,0
0,0,0,0,0,0,0,0,0,0,0,0,0,0,0,0,0,0,0,3,3,3,3
SpriteSpeccyBlock,11,3,3
7,0,1,7,0,1,7,0,1
7,0,1,7,0,1,7,0,1
7,0,1,7,0,1,7,0,1
SpriteAttribs,11,0,0,0
SpriteBitmapBlock,12,40,24
0,0,0,0,0,0,0,0,0,0,0,0,0,0,0,0,0,0,0,0,0,0,0,0
0,0,0,0,0,0,0,0,0,0,0,0,0,0,0,0,0,0,0,0,0,0,0,0
0,0,0,0,0,0,0,0,0,0,0,0,0,0,0,0,0,0,0,0,0,0,0,0
0,0,0,0,0,0,0,2,2,0,0,0,0,0,0,2,2,0,0,0,0,0,0,0
0,0,0,0,0,2,2,2,0,0,0,0,0,2,2,0,0,2,2,2,2,0,0,0
0,0,0,0,0,0,0,0,0,0,0,0,0,0,0,0,0,0,0,0,2,0,0,0
0,0,0,0,0,0,0,0,0,0,0,0,0,0,0,0,0,0,0,0,0,2,2,2
0,0,0,0,0,0,0,0,0,0,0,0,0,0,0,0,0,0,0,0,0,2,2,2
0,0,0,0,0,0,0,0,0,0,0,0,0,0,0,0,0,0,0,0,0,0,0,0
0,0,0,0,0,0,0,0,0,0,2,0,0,0,0,0,2,0,0,0,0,2,2,2
0,0,0,0,0,2,2,0,0,0,0,0,0,0,0,2,0,2,0,0,0,0,0,1
0,0,0,0,0,2,0,0,0,0,0,0,0,2,2,2,0,2,2,0,0,0,0,1
0,0,0,0,0,0,2,0,0,0,0,0,0,2,1,2,0,0,0,2,2,2,2,0
0,0,0,0,0,0,2,0,0,0,0,0,2,2,1,1,0,0,0,0,0,0,2,2
0,0,0,0,0,0,2,2,0,0,0,2,2,0,0,1,2,0,2,2,2,0,2,0
0,0,0,0,0,0,0,2,2,0,0,0,0,0,0,0,2,2,2,0,2,2,2,0
0,0,2,0,0,0,0,0,2,2,2,0,0,0,0,2,2,1,0,2,2,1,2,2
0,0,2,0,0,0,0,0,0,0,2,0,0,0,0,2,1,1,2,0,0,1,1,1
0,0,2,0,0,0,0,0,0,2,2,0,0,0,2,2,1,1,2,0,0,1,1,1
0,0,0,2,2,0,0,0,2,2,1,0,0,2,0,2,1,1,1,2,0,1,1,1
0,0,0,0,2,2,2,2,2,0,1,1,1,0,0,2,2,1,1,1,0,0,1,1
0,0,0,0,0,0,2,2,0,0,0,0,1,0,0,2,0,1,1,1,1,0,0,1
0,0,0,0,0,0,0,0,2,2,0,0,0,0,0,2,0,0,1,1,1,0,1,1
0,0,0,0,0,0,0,0,0,0,0,0,0,2,2,1,1,0,1,1,1,0,1,1
0,0,0,0,0,0,0,0,0,0,0,0,0,0,0,1,1,1,0,1,1,0,1,1
0,0,0,0,0,0,0,0,0,0,0,0,0,0,0,0,0,1,1,1,1,1,1,1
0,0,0,0,0,0,0,0,0,0,0,0,0,0,0,0,0,0,0,1,1,1,0,1
0,0,0,0,0,0,0,0,0,0,0,0,0,0,0,0,0,0,0,1,1,1,0,1
0,0,0,0,0,0,0,0,0,0,0,0,0,0,0,0,0,0,0,1,1,1,0,0
0,0,0,0,0,0,0,0,0,0,0,0,0,0,0,0,0,0,0,0,1,0,1,1
0,0,0,0,0,0,0,0,0,0,0,0,0,0,0,0,0,0,0,0,1,0,1,1
0,0,0,0,0,0,0,0,0,0,0,0,0,0,0,0,0,0,0,0,1,0,1,0
0,0,0,0,0,0,0,0,0,0,0,0,0,0,0,0,0,0,0,0,1,0,0,0
0,0,0,0,0,0,0,0,0,0,0,0,0,0,0,0,0,0,0,1,1,1,1,1
0,0,0,0,0,0,0,0,0,0,0,0,0,0,0,0,0,0,1,1,1,1,1,1
0,0,0,0,0,0,0,0,0,0,0,0,0,0,0,0,0,0,1,1,1,1,1,1
0,0,0,2,0,0,0,0,0,0,0,0,0,0,0,0,0,1,1,1,1,1,1,1
0,0,0,2,0,2,0,0,0,0,0,0,0,0,0,0,1,1,1,1,1,1,1,1
0,2,2,2,2,2,0,0,0,0,0,0,0,0,2,1,1,1,1,1,1,1,1,1
0,0,2,2,2,0,0,0,0,0,0,0,0,0,2,2,1,1,2,2,1,1,0,0
SpriteSpeccyBlock,12,5,3
7,0,1,7,0,1,7,0,1
7,0,1,7,0,1,7,0,1
7,0,1,7,0,1,7,0,1
7,0,1,7,0,1,7,0,1
7,0,1,7,0,1,7,0,1
SpriteAttribs,12,192,0,0
SpriteBitmapBlock,13,48,24
0,0,0,0,1,1,1,0,1,1,1,1,1,0,0,1,1,0,0,0,0,0,0,0
0,0,0,1,0,0,0,1,0,0,0,1,1,1,1,1,1,1,0,0,0,0,0,0
0,0,0,0,1,0,0,0,0,1,0,0,0,1,0,0,1,0,0,0,0,0,0,0
0,0,0,0,1,0,0,0,1,0,0,1,0,0,0,0,0,1,0,0,0,0,0,0
0,0,0,0,1,0,1,0,0,0,1,0,0,0,0,1,1,1,0,0,0,0,0,0
0,0,0,0,1,1,0,0,1,0,0,0,1,0,0,0,1,0,0,0,0,0,0,2
0,0,0,0,1,0,0,1,0,0,0,0,0,1,0,1,1,0,0,0,0,0,2,2
0,0,0,0,1,0,1,0,0,0,1,0,0,0,0,0,1,0,0,0,0,0,0,0
0,0,0,0,0,1,0,0,0,1,0,0,1,0,0,1,0,0,0,0,0,0,0,0
0,0,0,0,1,0,1,0,0,0,1,0,0,0,0,1,0,0,0,0,0,0,0,0
0,0,0,0,0,1,0,0,1,0,0,0,0,1,0,1,0,0,0,0,0,0,0,0
0,0,0,0,1,0,1,0,0,0,0,0,1,0,0,1,0,0,0,0,0,0,0,0
0,0,0,0,1,0,0,0,0,1,0,1,0,0,0,1,0,0,0,0,0,0,0,0
0,0,0,0,1,0,0,0,1,0,0,0,0,1,0,1,0,0,0,0,0,0,0,0
0,0,0,0,0,1,0,1,0,0,0,1,0,0,1,0,0,0,0,0,0,0,0,0
0,0,0,0,1,0,0,0,0,1,1,0,0,0,1,0,0,0,0,0,0,0,0,0
0,0,0,0,0,1,1,0,0,0,0,0,1,0,1,0,0,0,0,0,0,0,0,0
0,0,0,0,0,1,0,0,0,1,0,0,0,1,0,1,0,0,0,0,0,0,0,0
0,0,0,0,1,0,1,0,0,0,0,1,0,0,0,1,0,0,0,0,0,0,0,0
0,0,0,0,1,0,0,1,0,0,0,0,0,1,0,1,0,0,0,0,0,0,0,0
0,0,0,0,1,1,0,0,1,0,1,0,0,0,1,1,0,0,0,0,0,0,0,0
0,0,0,0,1,0,1,0,0,0,0,0,1,0,1,0,0,0,0,0,0,0,0,0
0,0,0,0,1,0,0,0,0,1,0,1,0,0,1,0,0,0,0,0,0,0,0,0
0,0,0,0,1,0,0,0,1,0,0,0,1,0,1,0,0,0,0,0,0,0,0,0
0,0,0,0,0,1,1,0,0,0,0,0,0,1,0,0,0,0,0,0,0,0,0,0
0,0,0,0,0,1,0,0,1,0,0,1,0,0,1,0,0,0,0,0,0,0,0,0
0,0,0,0,1,0,1,0,0,0,1,0,0,0,1,0,0,0,0,0,0,0,0,0
0,0,0,0,1,0,0,0,1,0,0,0,1,0,1,0,0,0,0,0,0,0,0,0
0,0,0,0,1,1,0,1,0,0,0,0,0,1,1,0,0,0,0,0,0,0,0,0
0,0,0,0,1,0,0,0,0,1,0,1,0,0,1,0,0,0,0,0,0,0,0,0
0,0,0,0,0,1,1,0,0,0,0,0,0,1,0,0,0,0,0,0,0,0,0,0
0,0,0,0,1,0,0,0,1,0,1,0,0,0,1,0,0,0,0,0,0,0,0,0
0,0,0,0,1,0,1,0,0,0,0,0,1,0,1,0,0,0,0,0,0,0,0,0
0,0,0,0,1,1,0,0,0,1,0,1,0,0,1,0,0,0,0,0,0,0,0,0
0,0,0,0,1,0,0,1,0,0,0,0,0,1,1,0,0,0,0,0,0,0,0,0
0,0,0,1,1,0,0,0,0,1,0,1,0,0,1,0,0,0,0,0,0,0,0,0
0,0,0,1,0,0,1,0,0,0,0,0,1,0,1,0,0,0,0,0,0,0,0,0
0,0,0,0,1,0,0,0,1,0,1,0,0,0,1,0,0,0,0,0,0,0,0,0
0,0,1,1,0,0,0,1,0,0,0,0,0,1,0,0,0,0,0,0,0,0,0,0
0,0,1,0,0,0,0,0,0,1,0,1,0,0,1,0,0,0,0,0,0,0,0,0
0,1,1,0,0,0,1,0,0,0,0,0,0,1,0,0,0,0,0,0,0,0,0,0
0,1,0,0,1,0,0,0,0,1,1,0,0,0,1,0,0,0,0,0,0,0,0,0
1,1,1,0,0,0,0,0,1,0,0,0,1,0,1,0,0,0,0,0,0,0,0,0
1,0,0,0,0,1,1,0,0,0,1,0,0,0,1,1,0,0,0,0,0,0,0,0
1,0,0,1,0,0,0,0,1,0,0,0,1,0,0,1,0,0,0,0,0,0,0,0
1,0,1,1,0,0,1,0,0,0,0,1,0,0,0,1,1,0,0,0,0,0,0,0
0,1,0,0,1,1,0,0,1,0,0,0,1,1,1,1,0,0,0,0,0,0,0,0
0,0,0,0,0,0,1,1,0,1,1,1,1,0,0,0,0,0,0,0,0,0,0,0
SpriteSpeccyBlock,13,6,3
7,0,1,7,0,1,7,0,1
7,0,1,7,0,1,7,0,1
7,0,1,7,0,1,7,0,1
7,0,1,7,0,1,7,0,1
7,0,1,7,0,1,7,0,1
7,0,1,7,0,1,7,0,1
SpriteAttribs,13,0,0,0
SpriteBitmapBlock,14,40,22
0,0,0,0,0,0,0,0,0,0,0,0,0,0,0,0,0,0,0,0,0,0
0,0,0,0,0,0,0,0,0,0,0,0,0,0,0,0,0,0,0,0,0,0
0,0,0,0,0,0,0,0,0,0,0,0,0,0,0,0,0,0,0,0,0,0
2,2,2,2,0,0,0,2,2,0,0,0,0,0,0,0,2,2,0,0,0,0
0,0,0,0,0,0,0,0,0,2,0,0,0,0,0,0,0,2,2,0,0,0
0,0,0,0,2,0,0,0,0,0,2,0,0,0,0,0,0,0,2,0,0,0
0,0,0,0,2,2,0,0,0,0,0,0,0,0,0,2,0,0,0,2,0,0
2,0,0,0,0,0,0,0,0,0,0,0,0,0,2,2,2,0,0,0,0,0
2,0,0,0,0,0,0,2,2,0,0,0,0,0,2,0,0,0,2,0,0,0
2,0,0,0,0,0,0,0,2,0,0,0,0,0,2,0,0,0,0,2,0,0
0,0,0,0,0,2,2,0,2,0,0,0,0,2,0,0,0,0,0,2,0,0
0,0,0,0,2,2,0,0,2,0,0,0,2,1,0,0,0,0,0,2,0,0
0,2,2,2,2,0,0,0,2,0,0,2,0,1,2,0,0,0,2,2,0,0
2,2,0,0,0,0,0,0,0,2,0,0,0,1,2,0,2,2,2,0,0,0
2,2,0,2,0,0,0,0,0,2,0,0,1,2,0,2,2,2,0,0,0,2
2,2,2,0,2,2,2,0,0,2,2,0,1,0,0,0,2,0,0,0,2,2
2,0,2,2,2,0,0,2,2,0,0,0,0,0,0,0,2,0,2,2,0,0
0,0,1,1,1,0,2,1,2,2,2,0,0,0,1,1,2,2,2,2,0,0
0,2,1,1,1,0,2,1,1,2,0,0,1,1,0,2,0,2,0,2,0,0
0,2,1,1,0,0,1,2,2,2,0,0,0,2,2,0,0,0,0,2,2,2
0,1,1,1,0,1,1,2,2,2,0,0,2,2,0,1,1,0,0,0,2,2
0,0,1,0,0,1,1,1,0,2,0,0,0,1,1,1,0,0,2,2,2,0
1,0,1,0,1,1,1,2,2,2,2,0,0,0,2,2,2,2,2,2,0,0
1,0,1,0,1,1,1,1,2,2,2,0,0,2,2,0,0,0,0,0,0,0
1,0,1,1,1,1,1,0,1,1,0,0,0,0,0,0,0,0,0,0,0,0
1,0,1,1,1,1,1,1,1,0,0,0,0,0,0,0,0,0,0,0,0,0
1,1,1,1,1,1,0,0,0,0,0,0,0,0,0,0,0,0,0,0,0,0
1,1,1,1,1,0,0,0,0,0,0,0,0,0,0,0,0,0,0,0,0,0
1,1,1,1,0,0,0,0,0,0,0,0,0,0,0,0,0,0,0,0,0,0
0,1,1,1,0,0,0,0,0,0,0,0,0,0,0,0,0,0,0,0,0,0
0,1,1,1,0,0,0,0,0,0,0,0,0,0,0,0,0,0,0,0,0,0
0,1,1,1,1,0,0,0,0,0,0,0,0,0,0,0,0,0,0,0,0,0
0,1,1,1,1,0,0,0,0,0,0,0,0,0,0,0,0,0,0,0,0,0
1,1,1,1,1,0,0,0,0,0,0,0,0,0,0,0,0,0,0,0,0,0
1,1,1,1,1,1,0,0,0,0,0,0,0,0,0,0,0,0,0,0,0,0
1,1,1,1,1,1,0,0,0,0,0,0,0,0,0,0,0,0,0,0,0,0
1,1,1,1,1,1,0,0,0,0,0,0,0,0,0,0,0,0,0,2,0,0
1,1,1,1,1,1,1,0,0,0,0,0,0,0,0,0,0,2,0,2,0,2
1,1,2,1,1,1,1,1,2,0,2,0,0,0,0,0,0,0,2,2,2,0
2,2,2,2,0,2,2,2,2,2,0,0,0,0,0,0,0,0,0,0,0,0
SpriteSpeccyBlock,14,5,3
7,0,1,7,0,1,7,0,1
7,0,1,7,0,1,7,0,1
7,0,1,7,0,1,7,0,1
7,0,1,7,0,1,7,0,1
7,0,1,7,0,1,7,0,1
SpriteAttribs,14,192,0,0
SpriteBitmapBlock,15,32,19
0,0,0,0,1,1,0,1,1,1,0,1,1,1,0,0,1,0,1
0,0,0,0,0,1,1,0,0,0,1,0,0,0,1,1,0,1,0
0,0,0,0,0,0,1,0,0,1,0,0,0,1,0,0,0,0,1
0,0,0,0,0,1,0,0,1,0,0,1,0,0,1,0,0,1,0
0,0,0,0,0,0,0,1,0,0,1,0,0,1,0,0,1,0,0
0,0,0,0,0,0,1,0,0,1,0,0,0,1,0,0,1,0,0
0,0,0,0,0,1,0,0,0,1,0,0,1,0,0,0,1,0,0
0,0,0,0,0,0,1,0,0,0,0,1,0,0,0,1,0,0,0
0,0,0,0,0,0,0,1,0,0,1,0,0,1,0,0,0,0,0
0,0,0,0,0,1,0,0,1,0,0,0,1,0,1,0,1,0,0
0,0,0,0,0,0,1,0,0,0,0,0,0,1,0,1,0,0,0
0,0,0,0,0,1,0,0,0,1,1,0,0,0,0,1,0,0,0
0,0,0,0,0,0,1,0,0,0,0,0,1,0,0,0,0,0,0
0,0,0,0,0,1,0,1,0,1,0,0,0,1,0,1,0,0,0
0,0,0,0,0,1,0,0,1,0,0,0,1,0,0,1,0,0,0
0,0,0,0,0,0,1,0,0,1,0,1,0,0,1,0,0,0,0
0,0,0,0,0,1,0,1,0,0,0,0,1,0,0,1,0,0,0
0,0,0,0,0,0,1,0,1,0,1,0,0,0,1,0,0,0,0
0,0,0,0,0,0,0,1,0,0,0,1,0,1,1,0,0,0,0
0,0,0,0,0,0,1,0,0,1,0,0,1,0,0,1,0,0,0
0,0,0,0,0,1,0,0,1,0,1,0,1,0,1,0,0,0,0
0,0,0,0,0,0,1,0,0,1,0,1,0,0,0,1,0,0,0
0,0,0,0,0,1,1,0,1,0,0,1,0,1,0,1,0,0,0
0,0,0,0,0,1,0,1,0,0,1,0,0,0,1,0,0,0,0
0,0,0,0,0,1,1,1,0,1,0,0,1,0,0,1,0,0,0
0,0,0,0,1,0,0,0,1,0,1,0,0,0,1,0,0,0,0
0,0,0,0,0,1,0,1,0,0,0,1,0,0,0,1,0,0,0
0,0,0,1,0,0,0,0,1,0,0,0,1,0,1,0,0,0,0
0,0,1,0,0,1,0,1,0,0,0,1,0,0,1,0,0,0,0
0,1,1,0,0,0,1,0,0,1,0,0,0,1,0,1,0,0,0
0,1,0,0,1,0,0,1,0,1,0,0,1,0,0,0,1,0,0
0,0,1,0,0,1,1,1,1,0,1,0,1,0,1,1,0,0,0
SpriteSpeccyBlock,15,4,3
7,0,1,7,0,1,7,0,1
7,0,1,7,0,1,7,0,1
7,0,1,7,0,1,7,0,1
7,0,1,7,0,1,7,0,1
SpriteAttribs,15,64,0,0
SpriteBitmapBlock,16,8,21
0,0,0,0,0,0,0,0,0,0,0,0,0,0,0,0,0,0,0,0,0
0,0,0,0,0,0,0,0,0,0,0,0,0,0,0,0,0,0,0,0,0
0,0,0,0,0,0,0,0,0,0,0,0,0,0,0,0,0,0,0,2,0
0,2,0,0,0,0,0,0,2,0,0,0,0,0,0,0,0,0,0,2,0
2,2,0,2,0,2,0,2,0,0,0,0,0,2,0,0,0,0,2,0,0
0,2,2,0,2,2,2,0,0,0,0,2,0,2,0,0,0,2,0,0,2
0,0,2,2,2,2,0,0,0,0,0,0,2,2,0,0,2,2,0,2,2
0,2,0,2,2,2,2,2,2,0,0,2,0,2,2,2,0,2,2,2,0
SpriteSpeccyBlock,16,1,3
7,0,0,7,0,0,7,0,1
SpriteAttribs,16,0,0,0
SpriteBitmapBlock,17,8,22
0,0,0,0,0,0,0,0,0,0,0,0,0,0,0,0,0,0,0,0,0,0
0,0,0,0,0,0,0,0,0,0,0,0,0,0,0,0,0,0,0,0,0,0
0,0,0,0,0,0,0,0,0,0,0,0,2,0,0,0,0,0,0,0,0,0
2,0,2,0,0,2,0,0,0,0,0,2,0,0,0,0,0,0,0,0,0,0
0,2,2,0,0,2,0,2,0,2,0,2,0,0,2,0,0,0,2,0,2,0
0,0,2,0,2,2,2,0,0,0,2,2,2,2,0,0,0,2,2,2,0,0
2,0,2,2,2,0,2,2,2,2,2,2,2,0,2,2,0,0,2,0,0,2
2,2,0,2,2,2,0,2,0,2,2,0,2,2,2,2,2,2,0,2,2,0
SpriteSpeccyBlock,17,1,3
7,0,1,7,0,1,7,0,1
SpriteAttribs,17,0,0,0
SpriteBitmapBlock,18,8,22
0,0,0,0,0,0,0,0,0,0,0,0,0,0,0,0,0,0,0,0,0,0
0,0,0,0,0,0,0,0,0,0,0,0,0,0,0,0,0,0,0,0,0,0
0,0,0,0,2,0,2,0,0,0,0,0,0,0,0,0,0,0,0,0,0,0
0,0,0,0,0,2,0,0,0,0,0,0,0,0,0,0,0,0,0,2,0,0
0,0,0,2,0,2,2,0,0,0,0,0,0,2,0,0,0,2,0,2,0,0
0,0,2,0,2,2,0,0,2,0,2,0,2,0,0,2,0,0,2,0,2,0
2,2,0,2,2,0,2,2,0,2,2,0,2,2,0,0,2,0,0,2,0,2
0,2,0,0,2,2,2,2,2,0,0,2,0,2,2,2,0,2,2,2,2,0
SpriteSpeccyBlock,18,1,3
7,0,1,7,0,1,7,0,1
SpriteAttribs,18,0,0,0
SpriteBitmapBlock,19,8,22
0,0,0,0,0,0,0,0,0,0,0,0,0,0,0,0,0,0,0,0,0,0
0,0,0,0,0,0,0,0,0,0,0,0,0,0,0,0,0,0,0,0,0,0
0,0,0,0,0,0,0,0,0,0,0,0,0,0,0,0,0,0,0,0,0,0
0,0,0,0,0,2,0,0,0,0,0,0,0,0,0,0,0,0,0,0,0,0
0,0,0,2,0,2,0,0,0,2,0,0,0,0,0,0,2,0,0,0,0,0
0,0,2,0,2,0,0,2,0,2,0,2,0,0,0,0,2,2,0,2,0,0
2,0,0,2,0,2,0,0,2,0,0,2,0,2,0,2,2,0,2,0,0,2
0,2,0,2,2,2,2,0,2,2,0,2,2,0,0,0,2,2,0,0,2,0
SpriteSpeccyBlock,19,1,3
7,0,1,7,0,1,7,0,1
SpriteAttribs,19,0,0,0
SpriteBitmapBlock,20,16,22
0,0,0,0,0,0,0,0,0,0,2,0,0,0,0,0,0,0,0,0,0,0
0,0,0,0,0,0,0,0,0,0,0,2,0,0,0,0,0,0,0,0,0,0
0,0,0,0,0,0,0,0,0,0,0,2,0,0,0,0,0,0,0,0,0,0
0,0,0,0,0,0,2,0,0,0,2,0,0,0,0,0,0,0,0,0,0,0
0,0,0,0,0,0,2,0,2,0,0,2,0,2,0,0,0,0,0,0,0,0
0,0,0,0,0,0,0,2,2,0,0,2,0,2,0,0,0,0,0,0,0,0
0,0,0,2,0,0,0,2,0,0,0,2,2,0,0,0,0,0,0,0,0,0
0,0,0,2,0,0,0,2,0,0,0,2,0,0,2,0,0,0,0,0,0,0
0,0,0,0,2,0,2,0,0,2,0,2,0,2,2,0,0,0,0,0,0,0
0,0,0,0,2,0,0,2,0,0,2,2,0,0,2,0,0,0,2,0,2,0
0,0,0,0,2,0,0,2,0,0,0,2,0,2,2,2,0,2,0,0,0,2
0,0,2,0,2,0,2,0,0,2,0,2,2,2,2,0,2,2,2,0,2,0
2,0,2,0,2,0,2,0,2,0,0,2,2,0,2,0,0,2,0,2,0,0
2,0,2,0,2,2,2,0,2,2,2,0,2,2,2,2,2,2,0,2,2,0
0,2,2,2,2,2,2,2,2,2,2,2,2,2,2,0,2,2,2,2,2,0
0,0,2,2,2,0,2,2,2,0,2,2,2,2,0,2,0,2,2,0,2,2
SpriteSpeccyBlock,20,2,3
7,0,1,7,0,0,7,0,1
7,0,0,7,0,0,7,0,0
SpriteAttribs,20,0,0,0
SpriteBitmapBlock,21,24,24
0,0,0,0,0,0,3,0,0,0,0,0,0,0,0,0,0,0,0,0,0,0,0,0
0,0,0,0,0,3,3,3,0,0,0,0,0,0,0,0,0,0,0,0,0,0,0,0
0,0,0,0,0,0,3,0,0,0,0,0,0,0,0,0,0,0,0,1,1,1,1,0
0,0,0,0,0,0,0,2,0,0,0,0,0,0,0,1,1,1,0,1,1,0,1,1
0,0,0,0,0,0,0,2,0,0,0,0,0,0,1,1,1,1,1,1,1,1,0,1
0,0,0,0,0,0,0,0,2,0,0,0,0,1,1,1,1,1,0,1,3,1,1,1
0,0,0,0,0,0,0,0,2,0,0,0,0,1,1,3,1,1,1,1,3,1,3,1
0,0,0,0,0,2,2,2,2,2,0,0,0,0,1,1,1,1,0,1,3,1,1,1
0,0,0,0,2,2,2,2,2,2,2,0,0,0,0,1,1,0,1,1,3,1,3,1
0,0,0,2,2,2,2,1,1,2,3,2,0,0,1,1,1,1,1,3,1,3,1,1
0,0,0,3,2,2,3,3,1,2,2,3,0,1,0,1,1,0,1,3,1,1,3,1
0,0,3,3,0,2,2,3,2,2,2,2,0,2,1,1,1,1,1,3,1,3,1,1
0,3,3,0,2,0,2,2,2,2,2,2,2,2,2,2,0,1,0,1,1,1,1,0
0,3,0,0,0,2,0,2,0,2,2,2,2,3,2,1,2,1,3,1,3,1,0,0
0,0,0,0,0,0,0,0,2,0,2,2,2,2,2,1,1,3,1,2,1,1,0,0
0,0,0,0,0,0,0,0,0,2,0,2,2,2,2,3,2,3,1,1,1,0,0,0
0,0,0,0,0,0,0,0,2,0,2,0,2,2,2,2,2,2,2,2,2,0,0,0
0,0,0,0,0,0,0,0,0,2,0,2,0,2,2,2,2,2,3,2,2,2,0,0
0,0,0,0,0,0,0,0,0,0,2,0,2,0,2,2,2,2,2,2,2,2,2,0
0,0,0,0,0,0,0,0,0,0,0,2,0,2,0,2,0,2,2,3,2,2,0,0
0,0,0,0,0,0,0,0,0,0,0,0,2,0,2,0,2,0,2,2,2,0,2,0
0,0,0,0,0,0,0,0,0,0,0,0,0,2,0,2,0,2,0,2,0,2,0,0
0,0,0,0,0,0,0,0,0,0,0,0,0,0,0,0,2,0,2,0,2,0,0,0
0,0,0,0,0,0,0,0,0,0,0,0,0,0,0,0,0,2,0,2,0,0,0,0
SpriteSpeccyBlock,21,3,3
7,0,1,7,0,1,7,0,1
7,0,1,7,0,1,7,0,1
7,0,1,7,0,1,7,0,1
SpriteAttribs,21,0,0,0
SpriteBitmapBlock,22,32,24
0,1,0,0,1,0,0,0,0,1,0,1,0,0,0,0,0,1,0,0,1,0,1,0
1,0,0,0,0,0,1,0,0,0,0,0,0,1,0,1,0,0,0,1,0,0,0,0
0,1,0,1,0,0,0,1,0,0,0,0,0,1,0,0,1,0,0,0,1,0,1,0
1,0,1,0,0,0,1,0,0,0,0,0,1,0,0,1,0,0,0,0,0,1,0,0
0,1,0,1,0,0,0,0,0,1,0,0,0,1,0,0,1,0,0,0,1,0,1,0
1,0,1,0,0,0,0,0,1,0,0,1,0,0,0,1,0,0,0,0,0,1,0,0
0,1,0,1,0,0,1,0,0,0,0,0,0,1,0,0,1,0,0,0,1,0,1,0
1,0,1,0,0,0,0,1,0,0,0,0,1,0,0,1,0,0,0,0,0,1,0,0
0,1,0,1,0,0,0,0,0,1,0,1,0,0,1,0,0,0,0,0,1,0,1,0
1,0,0,0,1,0,1,0,0,0,1,0,0,0,0,1,0,0,0,0,0,1,0,0
1,0,1,0,0,0,0,0,0,1,0,0,1,0,1,0,0,0,0,0,1,0,1,0
0,1,0,1,0,0,0,1,0,0,0,0,0,1,0,1,0,0,0,0,0,1,0,0
1,0,0,0,1,0,0,0,1,0,0,1,0,0,1,0,0,0,0,0,1,0,1,0
0,1,1,0,0,0,1,0,0,0,0,0,0,1,0,0,0,0,0,0,0,1,1,0
1,0,0,1,0,0,0,0,0,1,0,1,0,0,1,0,0,0,0,0,1,0,1,0
0,1,0,0,1,0,0,1,0,0,0,0,0,1,0,1,0,0,0,1,0,0,1,0
1,0,1,0,0,0,0,0,1,0,0,1,0,0,1,0,0,0,0,0,1,0,0,0
0,1,0,1,0,0,1,0,0,0,0,0,0,1,0,1,0,0,0,1,0,0,1,0
1,0,1,0,0,0,0,0,0,1,0,1,0,0,1,0,0,0,0,0,1,0,0,1
0,1,0,1,0,0,0,1,0,0,0,0,0,1,0,1,0,0,0,0,0,1,1,0
1,0,1,0,0,0,0,0,1,0,0,1,0,0,1,0,0,0,0,0,1,0,0,1
0,1,0,1,0,0,1,0,0,0,0,1,0,0,0,1,0,0,0,1,0,0,1,0
1,0,1,0,0,0,0,0,0,1,0,0,1,0,1,0,0,0,1,0,0,0,0,0
1,0,0,1,0,0,0,1,0,0,0,0,0,1,0,1,0,0,0,0,1,0,1,0
0,1,1,0,0,0,0,0,0,1,0,1,0,0,1,0,0,0,1,0,0,0,0,0
0,1,0,0,0,0,0,0,1,0,0,0,1,0,0,1,0,0,0,0,1,0,1,0
0,0,1,0,0,0,1,0,0,0,0,0,0,1,0,0,0,1,1,0,0,0,0,0
0,1,0,1,0,0,0,1,0,0,0,1,0,0,1,0,0,0,0,1,0,0,1,0
0,0,1,0,0,0,0,0,0,1,0,0,1,0,0,1,0,0,0,0,1,0,0,0
0,1,0,1,0,0,0,0,0,1,0,1,0,0,0,0,0,1,0,0,0,0,1,0
1,0,1,0,0,0,0,0,0,1,0,0,1,0,0,1,0,0,0,0,0,0,0,0
0,0,0,0,0,1,0,0,1,0,0,1,0,0,0,0,1,0,0,0,0,0,1,0
SpriteSpeccyBlock,22,4,3
7,0,1,7,0,1,7,0,1
7,0,1,7,0,1,7,0,1
7,0,1,7,0,1,7,0,1
7,0,1,7,0,1,7,0,1
SpriteAttribs,22,192,0,0
SpriteBitmapBlock,23,32,22
0,0,0,0,1,0,0,0,0,1,1,0,0,0,1,0,0,0,0,0,0,1
0,1,0,0,0,1,0,0,1,0,0,1,0,0,0,1,0,0,1,0,0,0
0,0,0,0,1,0,0,0,0,0,1,0,0,0,1,0,0,0,0,1,0,1
0,1,0,0,0,1,0,0,1,0,0,1,0,0,0,1,0,0,1,0,0,0
0,0,0,0,1,0,0,0,1,0,1,0,0,0,1,0,0,0,0,0,0,1
0,1,0,0,0,1,0,0,0,1,0,1,0,0,0,1,0,0,1,0,0,0
0,0,0,0,1,0,0,0,1,0,1,0,0,0,1,0,0,0,0,0,0,1
0,1,0,0,0,1,0,0,1,0,0,1,0,0,0,1,0,0,1,0,0,0
0,0,0,0,1,0,0,0,0,1,1,0,0,0,0,0,1,0,0,0,0,1
0,1,0,0,0,1,0,0,0,1,0,1,0,0,0,1,0,0,1,0,0,0
0,0,0,0,1,0,0,0,1,0,1,0,0,0,0,0,1,0,0,0,0,1
0,1,0,0,0,1,0,0,0,1,0,1,0,0,0,1,0,0,1,0,0,0
0,0,0,0,1,0,0,0,1,0,1,0,0,0,0,0,1,0,0,0,0,1
0,0,0,0,0,1,0,0,0,1,0,1,0,0,0,1,0,0,1,0,0,0
0,0,0,0,0,1,0,0,1,0,1,0,0,0,0,0,1,0,0,0,0,1
0,0,0,0,0,1,0,0,0,1,0,1,0,0,0,1,0,0,1,0,1,0
0,1,0,0,1,0,0,0,1,0,1,0,0,0,0,0,1,0,0,0,0,1
0,0,0,0,0,1,0,0,1,0,0,1,0,0,0,1,0,0,1,0,0,0
0,0,0,0,1,0,0,0,0,1,1,0,0,0,1,0,0,0,0,0,0,1
0,0,0,0,0,1,0,0,1,0,0,1,0,0,0,1,0,0,1,0,0,0
0,0,0,0,1,0,0,0,0,1,1,0,0,0,0,1,0,0,0,0,0,1
0,0,0,0,0,1,0,0,1,0,0,1,0,0,1,0,0,0,1,0,0,0
0,1,0,0,1,0,0,0,0,1,1,0,0,0,0,1,0,0,0,0,0,1
0,0,0,0,0,1,0,0,1,0,0,1,0,0,1,0,0,0,1,0,0,0
0,1,0,0,1,0,0,0,0,1,1,0,0,0,0,1,0,0,0,0,0,1
0,0,0,0,0,1,0,0,0,1,0,1,0,0,1,0,0,0,1,0,0,0
0,1,0,0,1,0,0,0,0,1,1,0,0,0,0,1,0,0,0,0,0,1
0,0,0,1,0,0,0,0,1,0,0,1,0,0,1,0,0,0,1,0,0,0
0,1,0,0,1,0,0,0,0,1,1,0,0,0,0,1,0,0,0,0,0,1
0,0,0,1,0,0,0,0,1,0,0,1,0,0,1,0,0,0,1,0,0,0
0,1,0,0,1,0,0,1,0,0,1,0,0,0,0,1,0,0,0,0,0,1
0,0,0,0,0,1,0,1,0,0,0,1,0,0,1,0,0,0,1,0,0,0
SpriteSpeccyBlock,23,4,3
7,0,1,7,0,1,7,0,1
7,0,1,7,0,1,7,0,1
7,0,1,7,0,1,7,0,1
7,0,1,7,0,1,7,0,1
SpriteAttribs,23,192,0,0
SpriteBitmapBlock,24,16,16
0,0,0,0,0,0,0,1,1,0,0,0,0,0,0,0
0,0,0,0,0,2,3,3,3,3,3,0,0,0,0,0
0,0,0,0,2,1,2,1,2,1,1,3,0,0,0,0
0,0,0,1,1,1,1,2,1,1,3,1,3,0,0,0
0,0,1,3,3,3,3,1,1,1,3,1,1,3,0,0
0,2,1,3,1,1,2,1,2,3,2,2,2,1,3,0
0,2,1,3,2,2,2,1,1,3,1,1,1,1,3,0
1,1,1,3,1,1,2,1,3,1,2,2,2,1,3,1
1,2,1,3,3,3,2,1,1,1,2,3,2,1,3,1
0,1,1,3,2,2,2,1,2,1,2,1,2,1,3,0
0,2,1,1,2,3,1,1,1,1,2,2,2,1,2,0
0,0,1,2,1,1,3,1,2,1,2,1,2,1,0,0
0,0,0,1,1,1,1,1,1,1,1,1,1,0,0,0
0,0,0,0,2,1,2,1,2,1,2,1,0,0,0,0
0,0,0,0,0,2,1,2,1,2,1,0,0,0,0,0
0,0,0,0,0,0,0,1,1,0,0,0,0,0,0,0
SpriteSpeccyBlock,24,2,2
7,0,1,7,0,1
7,0,1,7,0,1
SpriteAttribs,24,0,0,0
SpriteBitmapBlock,25,24,23
0,0,0,0,0,0,0,0,0,0,0,0,0,0,0,0,0,0,0,0,0,0,0
0,0,0,0,0,0,0,0,0,0,0,0,0,0,0,0,0,0,0,0,0,0,0
0,0,0,0,0,0,0,0,0,0,0,0,0,0,0,0,0,0,0,0,0,0,0
0,0,0,0,0,0,0,0,0,0,0,3,0,3,0,0,0,0,0,0,0,0,0
0,0,0,0,0,0,0,0,3,0,3,0,0,0,3,0,0,0,0,0,0,0,0
0,0,0,0,0,3,0,3,0,0,0,0,0,3,0,0,3,0,3,0,0,0,0
0,0,0,3,0,0,0,0,0,3,0,3,3,3,0,0,0,0,0,0,3,0,0
0,0,3,0,0,0,0,0,0,3,3,0,0,3,0,3,0,0,0,0,0,0,3
0,0,0,3,0,0,0,3,3,3,3,3,0,3,3,0,0,0,0,0,0,3,0
0,0,3,0,0,3,0,0,0,0,0,3,3,2,1,0,0,3,0,3,0,0,3
0,0,0,0,0,0,0,3,0,3,0,0,3,2,3,0,3,0,0,0,0,0,0
0,0,3,0,3,0,0,0,0,0,0,3,2,3,1,0,0,0,0,3,0,0,3
0,0,0,3,0,3,0,0,3,0,0,0,3,2,2,3,0,3,3,0,0,0,0
0,0,3,3,0,3,0,3,2,3,2,2,2,3,3,2,1,2,3,0,0,0,3
0,0,0,0,3,0,0,3,0,2,3,2,3,2,3,2,2,2,2,0,0,0,0
0,0,3,0,0,0,0,3,2,0,3,0,2,2,2,2,3,2,2,3,3,0,3
0,0,0,0,0,0,0,0,3,3,0,0,3,2,2,3,0,0,3,3,0,0,0
0,0,3,0,0,0,0,0,3,0,3,0,2,2,3,3,0,3,0,0,3,0,3
0,0,0,0,0,0,0,0,3,0,0,3,3,2,2,3,0,0,3,0,3,0,0
0,0,3,0,0,0,0,3,0,0,0,0,2,0,2,3,0,3,0,3,0,0,3
0,0,0,3,0,0,0,0,0,0,0,0,3,0,0,0,0,0,0,0,0,3,0
0,0,0,0,0,3,0,3,0,0,0,0,0,0,0,0,0,3,0,3,0,0,0
0,0,0,0,0,0,0,0,0,3,0,0,3,0,3,0,3,0,0,0,0,0,0
0,0,0,0,0,0,0,0,0,0,0,3,0,3,0,0,0,0,0,0,0,0,0
SpriteSpeccyBlock,25,3,3
7,0,1,7,0,1,7,0,1
7,0,1,7,0,1,7,0,1
7,0,1,7,0,1,7,0,1
SpriteAttribs,25,0,0,0
SpriteBitmapBlock,26,24,23
0,0,0,0,0,0,0,0,0,0,0,0,0,0,0,0,0,0,0,0,0,0,0
0,0,0,0,0,0,0,0,0,0,0,0,0,0,0,0,0,0,0,0,0,0,0
0,0,0,0,0,0,0,0,0,0,0,0,0,0,0,0,0,0,0,0,0,0,0
0,0,0,0,0,0,0,0,0,0,0,3,0,3,0,0,0,0,0,0,0,0,0
0,0,0,0,0,0,0,0,3,0,3,0,0,0,3,0,0,0,0,0,0,0,0
0,0,0,0,0,3,0,3,0,0,0,0,0,3,0,0,3,0,3,0,0,0,0
0,0,0,3,0,0,0,0,0,3,0,3,3,3,0,0,0,0,0,0,3,0,0
0,0,3,0,0,0,0,0,0,3,3,0,0,3,0,3,0,0,0,0,0,0,3
0,0,0,3,0,0,0,3,3,3,3,3,0,3,3,0,0,0,0,0,0,3,0
0,0,3,0,0,3,0,0,0,0,0,3,3,0,0,0,0,3,0,3,0,0,3
0,0,0,0,0,0,0,3,0,3,1,2,3,1,3,0,3,0,0,0,0,0,0
0,0,3,0,3,0,0,0,0,0,1,3,1,3,1,0,0,0,0,3,0,0,3
0,0,0,3,0,3,0,0,3,1,0,1,3,1,1,3,0,3,3,0,0,0,0
0,0,3,3,0,3,0,3,0,3,1,0,1,3,3,0,0,0,3,0,0,0,3
0,0,0,0,3,0,0,3,0,0,3,1,3,0,3,0,0,0,0,0,0,0,0
0,0,3,0,0,0,0,3,1,1,3,0,0,0,0,1,3,0,0,3,3,0,3
0,0,0,0,0,0,0,1,3,3,1,0,3,0,1,3,2,1,3,3,0,0,0
0,0,3,0,0,0,0,1,3,1,3,1,0,0,3,3,1,3,1,0,3,0,3
0,0,0,0,0,0,1,0,3,1,1,3,3,1,0,3,1,1,3,0,3,0,0
0,0,3,0,0,0,0,3,0,1,1,0,0,0,1,3,1,3,0,3,0,0,3
0,0,0,3,0,0,0,0,1,0,0,0,3,0,0,1,0,0,0,0,0,3,0
0,0,0,0,0,3,0,3,0,0,0,0,0,0,0,0,0,3,0,3,0,0,0
0,0,0,0,0,0,0,0,0,3,0,0,3,0,3,0,3,0,0,0,0,0,0
0,0,0,0,0,0,0,0,0,0,0,3,0,3,0,0,0,0,0,0,0,0,0
SpriteSpeccyBlock,26,3,3
7,0,1,7,0,1,7,0,1
7,0,1,7,0,1,7,0,1
7,0,1,7,0,1,7,0,1
SpriteAttribs,26,0,0,0
SpriteBitmapBlock,27,24,23
0,0,0,0,0,0,0,0,0,0,0,0,0,0,0,0,0,0,0,0,0,0,0
0,0,0,0,0,0,0,0,0,0,0,0,0,0,0,0,0,0,0,0,0,0,0
0,0,0,0,0,0,0,0,0,0,0,0,0,0,0,0,0,0,0,0,0,0,0
0,0,0,0,0,0,0,0,0,0,0,3,0,3,0,0,0,0,0,0,0,0,0
0,0,0,0,0,0,0,0,3,0,3,0,0,0,3,0,0,0,0,0,0,0,0
0,0,0,0,0,3,0,3,0,0,0,0,0,3,0,0,3,0,3,0,0,0,0
0,0,0,3,0,0,0,0,0,3,0,3,3,3,0,0,0,0,0,0,3,0,0
0,0,3,0,0,0,0,0,0,3,3,0,0,3,0,3,0,0,0,0,0,0,3
0,0,0,3,0,0,0,3,3,3,3,3,2,3,3,0,0,0,0,0,0,3,0
0,0,3,0,0,3,0,0,0,0,0,3,3,0,0,0,0,3,0,3,0,0,3
0,0,0,0,0,0,0,3,0,3,0,2,3,2,3,0,3,0,0,0,0,0,0
0,0,3,0,3,0,0,0,0,0,0,3,2,3,0,0,0,0,0,3,0,0,3
0,0,0,3,0,3,0,2,3,2,2,2,3,2,2,3,2,3,3,0,0,0,0
0,0,3,3,0,3,0,3,2,3,2,2,2,3,3,2,2,2,3,0,0,0,3
0,0,0,0,3,0,0,3,0,2,3,2,3,2,3,2,2,0,0,0,0,0,0
0,0,3,0,0,0,0,3,0,0,3,1,2,1,2,1,3,0,0,3,3,0,3
0,0,0,0,0,0,0,0,3,3,1,2,3,2,1,3,0,0,3,3,0,0,0
0,0,3,0,0,0,0,0,3,1,3,1,0,0,3,3,2,3,0,0,3,0,3
0,0,0,0,0,0,0,0,3,2,1,3,3,0,0,3,1,0,3,0,3,0,0
0,0,3,0,0,0,0,3,0,0,0,0,0,0,0,3,0,3,0,3,0,0,3
0,0,0,3,0,0,0,0,0,0,0,0,3,0,0,0,0,0,0,0,0,3,0
0,0,0,0,0,3,0,3,0,0,0,0,0,0,0,0,0,3,0,3,0,0,0
0,0,0,0,0,0,0,0,0,3,0,0,3,0,3,0,3,0,0,0,0,0,0
0,0,0,0,0,0,0,0,0,0,0,3,0,3,0,0,0,0,0,0,0,0,0
SpriteSpeccyBlock,27,3,3
7,0,1,7,0,1,7,0,1
7,0,1,7,0,1,7,0,1
7,0,1,7,0,1,7,0,1
SpriteAttribs,27,0,0,0
SpriteBitmapBlock,28,14,21
0,0,0,0,0,0,0,0,0,0,0,0,0,0,0,0,0,0,0,0,0
0,0,0,0,0,0,0,0,0,0,0,0,0,0,0,0,0,0,0,0,0
0,0,0,0,0,0,0,0,0,0,2,2,2,0,0,0,0,0,2,0,0
0,0,2,2,0,0,0,0,0,0,0,0,0,0,0,0,0,0,0,0,0
0,0,0,0,2,2,0,0,0,0,0,0,0,0,0,0,2,0,0,0,0
0,0,0,0,0,0,0,0,0,0,0,0,0,0,2,2,0,2,2,0,0
0,0,0,0,0,0,0,0,0,0,0,0,0,0,0,0,0,0,0,0,0
0,0,0,0,0,0,0,0,0,0,0,0,0,0,0,0,0,0,0,0,0
0,0,0,0,0,0,0,0,0,0,0,0,0,0,0,0,0,0,0,0,0
0,0,0,0,0,0,0,0,2,0,0,0,2,2,2,0,0,2,0,0,0
0,0,0,0,0,0,0,0,2,0,2,0,0,0,0,0,0,0,0,0,2
0,0,0,0,0,0,2,0,0,0,2,2,0,0,0,0,0,0,0,2,0
2,0,0,0,0,0,0,0,0,0,0,0,2,0,0,0,0,2,2,2,0
0,2,2,2,0,0,0,0,0,0,0,0,0,0,2,2,2,2,0,0,0
SpriteSpeccyBlock,28,2,3
7,0,1,7,0,1,7,0,1
7,0,1,7,0,1,7,0,1
SpriteAttribs,28,128,0,0
SpriteBitmapBlock,29,16,24
0,0,0,0,0,0,0,0,0,0,0,0,0,0,0,0,0,0,0,0,0,0,0,0
0,0,0,0,0,0,0,0,0,0,0,0,0,0,0,0,0,0,0,0,0,0,0,0
0,0,0,0,0,0,0,0,0,0,0,0,0,0,0,0,0,0,0,0,0,0,0,0
0,0,0,0,0,0,0,0,0,0,0,0,0,0,0,0,0,0,0,0,0,0,0,0
0,0,0,1,1,1,0,0,0,0,0,0,0,0,0,0,0,0,2,2,2,0,0,0
0,0,1,0,1,0,1,0,0,0,3,3,0,3,0,0,0,2,1,0,0,2,0,0
0,1,0,0,0,0,0,1,0,3,3,0,3,3,3,0,2,0,0,0,0,0,2,0
1,0,0,0,1,0,0,0,3,0,3,0,3,0,0,3,0,0,1,0,0,0,0,2
1,0,0,0,0,1,0,0,3,3,0,3,0,3,3,3,0,1,0,0,0,0,0,2
1,0,0,0,3,3,0,0,0,0,0,3,0,3,3,0,1,3,0,0,0,0,0,2
1,0,0,3,1,1,3,0,3,3,3,0,3,0,0,1,1,1,3,0,0,0,2,0
0,1,0,3,1,1,3,1,0,3,3,3,0,3,3,1,1,1,3,0,0,2,0,0
0,0,1,0,3,1,1,3,0,0,3,0,3,3,0,3,1,1,1,3,2,0,0,0
0,0,0,1,3,1,1,3,0,0,0,0,0,0,0,0,3,1,1,3,0,0,0,0
0,0,0,0,3,1,1,3,0,0,0,0,0,0,0,0,3,1,1,3,0,0,0,0
0,0,0,0,3,3,3,0,0,0,0,0,0,0,0,0,3,3,3,0,0,0,0,0
SpriteSpeccyBlock,29,2,3
7,0,1,7,0,1,7,0,1
7,0,1,7,0,1,7,0,1
SpriteAttribs,29,128,0,0
SpriteDataOffSet,&360
eof
