FileVersion,1
Sprites,64
Colorselector,0,0,0,0
Colorselector,1,255,255,255
Colorselector,2,0,255,0
Colorselector,3,0,255,255
Colorselector,4,64,64,64
Colorselector,5,80,80,80
Colorselector,6,96,96,96
Colorselector,7,112,112,112
Colorselector,8,128,128,128
Colorselector,9,144,144,144
Colorselector,10,160,160,160
Colorselector,11,176,176,176
Colorselector,12,192,192,192
Colorselector,13,208,208,208
Colorselector,14,224,224,224
Colorselector,15,240,240,240
Colorselector,16,255,128,0
spritebank,0
SpriteStart
SpriteBitmapBlock,0,32,32
16,16,16,16,16,16,16,16,16,16,16,16,16,16,16,16,16,16,16,16,0,0,0,0,0,1,1,0,0,0,0,0
16,16,16,16,16,16,16,16,16,16,16,16,16,16,16,16,0,0,0,0,0,0,0,1,1,0,0,3,1,0,0,0
16,16,16,16,16,16,16,16,16,16,16,16,16,16,16,16,0,0,0,0,1,1,1,1,1,0,0,0,0,1,0,0
16,16,16,16,16,16,16,16,16,16,16,16,16,16,16,16,0,0,0,1,0,0,0,0,0,1,0,0,0,0,1,0
16,16,16,16,16,16,16,16,16,16,16,16,16,16,16,16,0,1,1,0,0,3,1,3,0,0,1,0,0,0,1,0
0,0,0,0,0,0,0,0,16,16,16,16,0,0,0,0,1,0,0,0,0,0,0,0,0,3,1,1,0,0,0,0
0,0,3,3,3,3,0,0,16,16,16,16,0,0,0,1,0,0,0,0,0,1,1,0,0,0,3,1,0,0,0,0
0,3,0,0,0,0,3,3,16,16,16,16,0,0,1,0,0,1,0,1,1,0,0,0,0,0,0,0,1,0,0,0
3,0,0,0,0,0,2,0,16,16,16,16,0,0,1,0,0,0,0,0,0,0,0,1,0,0,0,0,0,0,0,0
0,2,0,0,0,3,0,2,16,16,16,16,0,1,0,0,0,0,0,0,0,0,1,1,1,1,0,0,0,0,0,0
0,0,3,0,0,0,0,0,3,0,0,0,0,1,0,1,0,0,0,1,1,0,3,0,0,0,1,0,0,0,0,0
0,0,0,3,0,0,0,0,0,0,0,0,15,1,0,1,0,0,3,1,1,3,3,0,0,2,0,0,0,0,0,0
0,0,0,3,2,0,3,0,0,15,0,0,0,1,0,1,0,0,15,1,3,3,3,3,0,2,0,0,0,0,0,0
0,0,0,0,3,3,0,2,0,0,0,0,0,1,0,0,0,0,0,1,3,3,3,3,3,3,0,0,16,16,16,16
16,16,16,16,3,0,0,0,0,0,0,3,0,1,0,0,0,0,0,2,3,3,0,3,3,1,2,0,16,16,16,16
16,16,16,16,16,16,16,16,0,15,0,0,0,0,0,0,0,0,0,0,2,3,0,0,3,2,0,0,16,16,16,16
16,16,16,16,16,16,16,16,0,0,0,0,0,0,0,0,15,0,1,0,0,0,2,2,0,0,0,0,16,16,16,16
16,16,16,16,16,16,16,16,0,0,1,0,1,0,2,0,0,0,0,0,0,0,0,0,0,0,0,0,16,16,16,16
16,16,16,16,16,16,16,16,0,0,0,0,0,3,0,0,2,2,0,2,1,0,0,0,0,0,0,0,16,16,16,16
16,16,16,16,16,16,16,16,0,0,0,2,3,0,0,0,2,2,0,0,0,1,3,0,3,3,15,0,16,16,16,16
16,16,16,16,16,16,16,16,0,2,2,0,0,0,0,0,0,0,0,0,2,1,15,0,3,3,0,0,16,16,16,16
16,16,16,16,16,16,16,16,2,0,0,0,0,2,0,3,3,0,2,2,2,0,0,0,0,0,0,0,16,16,16,16
16,16,16,16,16,16,16,16,0,15,0,0,0,0,0,3,0,0,0,3,16,16,16,16,16,16,16,16,16,16,16,16
16,16,16,16,16,16,16,16,0,0,0,2,0,0,0,0,0,0,2,0,16,16,16,16,16,16,16,16,16,16,16,16
16,16,16,16,16,16,16,16,0,3,0,0,0,3,0,0,0,0,0,2,16,16,16,16,16,16,16,16,16,16,16,16
16,16,16,16,0,0,0,0,3,0,3,0,0,0,0,2,0,3,0,2,16,16,16,16,16,16,16,16,16,16,16,16
16,16,16,16,0,0,0,2,3,3,0,0,0,3,0,0,0,0,2,0,16,16,16,16,16,16,16,16,16,16,16,16
16,16,16,16,0,0,0,2,3,2,0,0,3,0,3,0,0,0,0,0,16,16,16,16,16,16,16,16,16,16,16,16
16,16,16,16,0,0,0,2,2,2,0,2,3,3,0,0,16,16,16,16,16,16,16,16,16,16,16,16,16,16,16,16
16,16,16,16,0,0,0,2,3,3,0,2,2,2,3,0,16,16,16,16,16,16,16,16,16,16,16,16,16,16,16,16
16,16,16,16,0,0,0,0,0,0,0,0,2,2,3,0,16,16,16,16,16,16,16,16,16,16,16,16,16,16,16,16
16,16,16,16,16,16,16,16,16,16,16,16,0,0,0,0,16,16,16,16,16,16,16,16,16,16,16,16,16,16,16,16
SpriteSpeccyBlock,0,4,4
7,0,0,3,0,0,3,0,0,3,0,0
7,0,0,3,0,0,7,0,1,7,0,1
7,0,1,5,0,1,5,0,1,7,0,1
5,0,0,5,0,0,5,0,0,5,0,0
SpriteAttribs,0,0,0,0
SpriteBitmapBlock,1,32,32
16,16,16,16,16,16,16,16,16,16,16,16,16,16,16,16,16,16,16,16,0,0,0,0,0,0,0,0,0,0,0,0
16,16,16,16,16,16,16,16,16,16,16,16,16,16,16,16,0,0,0,0,0,0,0,0,3,1,3,1,1,0,0,0
16,16,16,16,16,16,16,16,16,16,16,16,16,16,16,16,0,0,0,0,0,0,1,15,0,0,0,0,0,1,0,0
16,16,16,16,16,16,16,16,16,16,16,16,16,16,16,16,0,0,0,0,1,1,0,0,0,1,1,0,0,0,1,0
16,16,16,16,16,16,16,16,16,16,16,16,16,16,16,16,0,0,1,1,0,0,1,1,0,1,0,0,0,0,0,0
16,16,16,16,16,16,16,16,16,16,16,16,0,0,0,0,0,1,0,0,0,0,0,0,0,0,1,1,0,0,0,0
16,16,16,16,16,16,16,16,16,16,16,16,0,0,0,0,1,0,0,1,0,3,0,0,3,0,0,0,1,0,0,0
16,16,16,16,16,16,16,16,16,16,16,16,0,0,0,1,0,1,0,0,1,1,1,0,0,0,3,0,0,0,0,0
16,16,16,16,16,16,16,16,16,16,16,16,0,0,1,0,0,0,0,0,0,0,0,15,0,0,0,0,0,0,0,0
16,16,16,16,16,16,16,16,16,16,16,16,0,1,0,0,0,0,0,0,0,0,1,3,3,15,0,0,0,0,0,0
16,16,16,16,16,16,16,16,16,16,16,16,0,1,0,1,0,0,0,2,1,0,3,0,0,0,15,0,0,0,0,0
16,16,16,16,16,16,16,16,16,16,16,16,1,0,1,0,0,0,3,3,3,1,3,0,0,15,0,0,0,0,0,0
0,0,0,0,0,3,0,0,16,16,16,16,1,0,1,0,0,0,1,1,3,3,3,3,0,2,0,0,0,0,0,0
0,0,0,3,3,2,3,2,3,0,0,0,1,0,0,15,0,0,0,1,3,3,3,3,3,3,0,0,16,16,16,16
0,0,3,0,0,0,0,3,0,0,15,0,0,1,0,0,0,0,0,2,3,3,0,3,3,3,2,0,16,16,16,16
0,3,0,0,0,0,0,3,0,0,0,0,1,0,0,2,0,0,0,0,2,3,0,0,3,2,0,0,16,16,16,16
3,0,0,0,0,0,3,0,0,0,0,1,0,0,2,0,0,15,0,0,0,0,2,2,0,0,0,0,16,16,16,16
3,0,0,0,0,3,0,0,0,2,0,0,0,3,2,0,0,0,2,0,1,0,0,0,0,0,0,0,16,16,16,16
3,2,3,2,3,2,15,2,0,0,0,15,3,0,0,0,1,1,0,1,0,0,0,0,0,0,0,0,16,16,16,16
3,0,0,0,3,0,0,0,0,0,0,2,0,0,0,0,1,1,0,0,0,3,3,0,3,3,3,0,16,16,16,16
16,16,16,16,0,0,0,0,0,15,2,0,0,0,0,1,0,0,2,0,0,3,3,0,3,3,0,0,16,16,16,16
16,16,16,16,0,0,0,0,15,0,0,0,0,0,0,3,3,0,0,0,2,0,0,0,0,0,0,0,16,16,16,16
16,16,16,16,0,0,0,0,0,0,2,0,0,2,0,15,0,0,0,3,16,16,16,16,16,16,16,16,16,16,16,16
16,16,16,16,16,16,16,16,0,0,0,2,0,0,0,0,0,0,0,0,16,16,16,16,16,16,16,16,16,16,16,16
16,16,16,16,16,16,16,16,0,3,0,0,0,0,3,0,0,0,0,2,16,16,16,16,16,16,16,16,16,16,16,16
16,16,16,16,0,0,0,0,3,0,3,0,0,0,0,0,2,0,2,0,16,16,16,16,16,16,16,16,16,16,16,16
16,16,16,16,0,0,0,2,3,3,0,0,0,3,0,0,0,2,0,0,16,16,16,16,16,16,16,16,16,16,16,16
16,16,16,16,0,0,0,2,3,2,0,0,3,0,3,0,0,0,0,0,16,16,16,16,16,16,16,16,16,16,16,16
16,16,16,16,0,0,0,2,2,2,0,2,3,3,0,0,16,16,16,16,16,16,16,16,16,16,16,16,16,16,16,16
16,16,16,16,0,0,0,2,3,3,0,2,2,2,3,0,16,16,16,16,16,16,16,16,16,16,16,16,16,16,16,16
16,16,16,16,0,0,0,0,0,0,0,0,2,2,3,0,16,16,16,16,16,16,16,16,16,16,16,16,16,16,16,16
16,16,16,16,16,16,16,16,16,16,16,16,0,0,0,0,16,16,16,16,16,16,16,16,16,16,16,16,16,16,16,16
SpriteSpeccyBlock,1,4,4
7,0,1,3,0,0,3,0,0,3,0,0
7,0,0,3,0,0,7,0,1,7,0,1
7,0,0,5,0,1,5,0,1,7,0,1
5,0,0,5,0,0,5,0,0,5,0,0
SpriteAttribs,1,0,0,0
SpriteBitmapBlock,2,32,32
0,0,0,0,0,1,1,0,0,0,0,0,16,16,16,16,16,16,16,16,16,16,16,16,16,16,16,16,16,16,16,16
0,0,0,1,3,0,0,1,1,0,0,0,0,0,0,0,16,16,16,16,16,16,16,16,16,16,16,16,16,16,16,16
0,0,1,0,0,0,0,1,1,1,1,1,0,0,0,0,16,16,16,16,16,16,16,16,16,16,16,16,16,16,16,16
0,1,0,0,0,0,1,0,0,0,0,0,1,0,0,0,16,16,16,16,16,16,16,16,16,16,16,16,16,16,16,16
0,1,0,0,0,1,0,0,3,1,3,0,0,1,1,0,16,16,16,16,16,16,16,16,16,16,16,16,16,16,16,16
0,0,0,0,1,1,3,0,0,0,0,0,0,0,0,1,0,0,0,0,16,16,16,16,0,0,0,0,0,0,0,0
0,0,0,0,1,3,0,0,0,1,1,0,0,0,0,0,1,0,0,0,16,16,16,16,0,0,3,3,3,3,0,0
0,0,0,1,0,0,0,0,0,0,0,1,1,0,1,0,0,1,0,0,16,16,16,16,3,3,0,0,0,0,3,0
0,0,0,0,0,0,0,0,1,0,0,0,0,0,0,0,0,1,0,0,16,16,16,16,0,2,0,0,0,0,0,3
0,0,0,0,0,0,1,1,1,1,0,0,0,0,0,0,0,0,1,0,16,16,16,16,2,0,3,0,0,0,2,0
0,0,0,0,0,1,0,0,0,3,0,1,1,0,0,0,1,0,1,0,0,0,0,3,0,0,0,0,0,3,0,0
0,0,0,0,0,0,2,0,0,3,3,1,1,3,0,0,1,0,1,15,0,0,0,0,0,0,0,0,3,0,0,0
0,0,0,0,0,0,2,0,3,3,3,3,1,15,0,0,1,0,1,0,0,0,15,0,0,3,0,2,3,0,0,0
16,16,16,16,0,0,3,3,3,3,3,3,1,0,0,0,0,0,1,0,0,0,0,0,2,0,3,3,0,0,0,0
16,16,16,16,0,2,1,3,3,0,3,3,2,0,0,0,0,0,1,0,3,0,0,0,0,0,0,3,16,16,16,16
16,16,16,16,0,0,2,3,0,0,3,2,0,0,0,0,0,0,0,0,0,0,15,0,16,16,16,16,16,16,16,16
16,16,16,16,0,0,0,0,2,2,0,0,0,1,0,15,0,0,0,0,0,0,0,0,16,16,16,16,16,16,16,16
16,16,16,16,0,0,0,0,0,0,0,0,0,0,0,0,0,2,0,1,0,1,0,0,16,16,16,16,16,16,16,16
16,16,16,16,0,0,0,0,0,0,0,1,2,0,2,2,0,0,3,0,0,0,0,0,16,16,16,16,16,16,16,16
16,16,16,16,0,15,3,3,0,3,1,0,0,0,2,2,0,0,0,3,2,0,0,0,16,16,16,16,16,16,16,16
16,16,16,16,0,0,3,3,0,15,1,2,0,0,0,0,0,0,0,0,0,2,2,0,16,16,16,16,16,16,16,16
16,16,16,16,0,0,0,0,0,0,0,2,2,2,0,3,3,0,2,0,0,0,0,2,16,16,16,16,16,16,16,16
16,16,16,16,16,16,16,16,16,16,16,16,3,0,0,0,3,0,0,0,0,0,15,0,16,16,16,16,16,16,16,16
16,16,16,16,16,16,16,16,16,16,16,16,0,2,0,0,0,0,0,0,2,0,0,0,16,16,16,16,16,16,16,16
16,16,16,16,16,16,16,16,16,16,16,16,2,0,0,0,0,0,3,0,0,0,3,0,16,16,16,16,16,16,16,16
16,16,16,16,16,16,16,16,16,16,16,16,2,0,3,0,2,0,0,0,0,3,0,3,0,0,0,0,16,16,16,16
16,16,16,16,16,16,16,16,16,16,16,16,0,2,0,0,0,0,3,0,0,0,3,3,2,0,0,0,16,16,16,16
16,16,16,16,16,16,16,16,16,16,16,16,0,0,0,0,0,3,0,3,0,0,2,3,2,0,0,0,16,16,16,16
16,16,16,16,16,16,16,16,16,16,16,16,16,16,16,16,0,0,3,3,2,0,2,2,2,0,0,0,16,16,16,16
16,16,16,16,16,16,16,16,16,16,16,16,16,16,16,16,0,3,2,2,2,0,3,3,2,0,0,0,16,16,16,16
16,16,16,16,16,16,16,16,16,16,16,16,16,16,16,16,0,3,2,2,0,0,0,0,0,0,0,0,16,16,16,16
16,16,16,16,16,16,16,16,16,16,16,16,16,16,16,16,0,0,0,0,16,16,16,16,16,16,16,16,16,16,16,16
SpriteSpeccyBlock,2,4,4
3,0,0,3,0,0,3,0,0,7,0,0
7,0,1,7,0,1,3,0,0,7,0,0
7,0,1,5,0,1,5,0,1,7,0,1
5,0,0,5,0,0,5,0,0,5,0,0
SpriteAttribs,2,0,0,0
SpriteBitmapBlock,3,32,32
0,0,0,0,0,0,0,0,0,0,0,0,16,16,16,16,16,16,16,16,16,16,16,16,16,16,16,16,16,16,16,16
0,0,0,1,1,3,1,3,0,0,0,0,0,0,0,0,16,16,16,16,16,16,16,16,16,16,16,16,16,16,16,16
0,0,1,0,0,0,0,0,15,1,0,0,0,0,0,0,16,16,16,16,16,16,16,16,16,16,16,16,16,16,16,16
0,1,0,0,0,1,1,0,0,0,1,1,0,0,0,0,16,16,16,16,16,16,16,16,16,16,16,16,16,16,16,16
0,0,0,0,0,0,1,0,1,1,0,0,1,1,0,0,16,16,16,16,16,16,16,16,16,16,16,16,16,16,16,16
0,0,0,0,1,1,0,0,0,0,0,0,0,0,1,0,0,0,0,0,16,16,16,16,16,16,16,16,16,16,16,16
0,0,0,1,0,0,0,3,0,0,3,0,1,0,0,1,0,0,0,0,16,16,16,16,16,16,16,16,16,16,16,16
0,0,0,0,0,3,0,0,0,1,1,1,0,0,1,0,1,0,0,0,16,16,16,16,16,16,16,16,16,16,16,16
0,0,0,0,0,0,0,0,15,0,0,0,0,0,0,0,0,1,0,0,16,16,16,16,16,16,16,16,16,16,16,16
0,0,0,0,0,0,15,3,3,1,0,0,0,0,0,0,0,0,1,0,16,16,16,16,16,16,16,16,16,16,16,16
0,0,0,0,0,15,0,0,0,3,0,1,2,0,0,0,1,0,1,0,16,16,16,16,16,16,16,16,16,16,16,16
0,0,0,0,0,0,15,0,0,3,1,3,3,3,0,0,0,1,0,1,16,16,16,16,16,16,16,16,16,16,16,16
0,0,0,0,0,0,2,0,3,3,3,3,1,1,0,0,0,1,0,1,16,16,16,16,0,0,3,0,0,0,0,0
16,16,16,16,0,0,3,3,3,3,3,3,1,0,0,0,15,0,0,1,0,0,0,3,2,3,2,3,3,0,0,0
16,16,16,16,0,2,3,3,3,0,3,3,2,0,0,0,0,0,1,0,0,15,0,0,3,0,0,0,0,3,0,0
16,16,16,16,0,0,2,3,0,0,3,2,0,0,0,0,2,0,0,1,0,0,0,0,3,0,0,0,0,0,3,0
16,16,16,16,0,0,0,0,2,2,0,0,0,0,15,0,0,2,0,0,1,0,0,0,0,3,0,0,0,0,0,3
16,16,16,16,0,0,0,0,0,0,0,1,0,2,0,0,0,2,3,0,0,0,2,0,0,0,3,0,0,0,0,3
16,16,16,16,0,0,0,0,0,0,0,0,1,0,1,1,0,0,0,3,15,0,0,0,2,15,2,3,2,3,2,3
16,16,16,16,0,3,3,3,0,3,3,0,0,0,1,1,0,0,0,0,2,0,0,0,0,0,0,3,0,0,0,3
16,16,16,16,0,0,3,3,0,3,3,2,0,2,0,0,1,0,0,0,0,2,15,0,0,0,0,0,16,16,16,16
16,16,16,16,0,0,0,0,0,0,0,2,0,0,0,3,3,0,0,0,0,0,0,15,0,0,0,0,16,16,16,16
16,16,16,16,16,16,16,16,16,16,16,16,3,0,0,0,15,0,2,0,0,2,3,2,0,0,0,0,16,16,16,16
16,16,16,16,16,16,16,16,16,16,16,16,2,0,0,0,0,0,0,3,2,0,0,0,16,16,16,16,16,16,16,16
16,16,16,16,16,16,16,16,16,16,16,16,2,0,0,0,0,3,0,0,0,0,3,0,16,16,16,16,16,16,16,16
16,16,16,16,16,16,16,16,16,16,16,16,0,2,0,2,0,0,0,0,0,3,0,3,0,0,0,0,16,16,16,16
16,16,16,16,16,16,16,16,16,16,16,16,0,0,2,0,0,0,3,0,0,0,3,3,2,0,0,0,16,16,16,16
16,16,16,16,16,16,16,16,16,16,16,16,0,0,0,0,0,3,0,3,0,0,2,3,2,0,0,0,16,16,16,16
16,16,16,16,16,16,16,16,16,16,16,16,16,16,16,16,0,0,3,3,2,0,2,2,2,0,0,0,16,16,16,16
16,16,16,16,16,16,16,16,16,16,16,16,16,16,16,16,0,3,2,2,2,0,3,3,2,0,0,0,16,16,16,16
16,16,16,16,16,16,16,16,16,16,16,16,16,16,16,16,0,3,2,2,0,0,0,0,0,0,0,0,16,16,16,16
16,16,16,16,16,16,16,16,16,16,16,16,16,16,16,16,0,0,0,0,16,16,16,16,16,16,16,16,16,16,16,16
SpriteSpeccyBlock,3,4,4
3,0,0,3,0,0,3,0,0,3,0,1
7,0,1,7,0,1,3,0,0,7,0,0
7,0,1,5,0,1,5,0,1,7,0,0
5,0,0,5,0,0,5,0,0,5,0,0
SpriteAttribs,3,0,0,0
SpriteBitmapBlock,4,32,32
16,16,16,16,16,16,16,16,16,16,16,16,16,16,16,16,0,1,1,1,3,1,1,0,16,16,16,16,16,16,16,16
16,16,16,16,16,16,16,16,16,16,16,16,0,0,0,0,1,1,0,0,0,0,0,1,3,0,0,0,16,16,16,16
16,16,16,16,16,16,16,16,16,16,16,16,0,1,1,1,1,1,1,1,1,0,0,0,0,1,0,0,16,16,16,16
16,16,16,16,16,16,16,16,0,0,0,1,1,0,0,0,0,0,0,0,0,1,0,0,0,0,1,0,16,16,16,16
16,16,16,16,16,16,16,16,0,0,1,0,0,0,0,0,3,1,0,0,0,0,1,1,0,0,0,1,16,16,16,16
16,16,16,16,16,16,16,16,0,1,0,0,0,1,3,1,0,0,3,1,0,0,0,1,1,0,0,1,16,16,16,16
0,0,0,3,0,0,0,0,1,0,1,0,0,0,0,0,0,0,0,0,0,0,0,0,1,0,0,0,16,16,16,16
0,3,3,2,3,0,0,1,0,1,0,1,1,0,0,0,15,15,0,0,0,1,1,0,0,1,0,0,0,3,0,0
3,2,0,0,0,3,0,1,0,0,0,3,0,1,1,3,0,0,3,1,1,0,1,0,0,0,0,0,2,0,3,0
3,0,0,0,3,0,0,1,0,3,0,3,0,0,0,1,3,0,0,0,2,0,2,1,0,0,0,3,0,0,0,3
3,2,0,0,3,0,0,1,0,3,0,3,0,0,0,15,0,3,0,0,1,0,2,1,0,15,0,3,0,0,0,3
0,0,2,3,0,0,0,0,0,0,3,3,3,0,0,0,3,3,3,0,0,3,2,0,0,15,0,0,3,0,0,3
0,0,0,3,3,0,0,1,0,0,0,2,3,3,3,3,3,0,3,3,3,3,0,0,0,0,15,0,3,0,0,3
0,0,3,0,2,3,0,0,1,0,0,0,3,0,15,0,3,3,15,0,3,0,0,0,3,3,0,0,0,3,3,3
0,0,0,0,0,0,3,0,0,0,0,0,0,15,0,0,0,0,0,3,0,0,0,0,3,0,0,3,2,3,0,3
16,16,16,16,16,16,16,15,0,0,0,0,0,0,15,15,1,15,2,0,0,0,0,0,0,0,2,0,3,0,0,0
16,16,16,16,16,16,16,16,0,1,0,2,0,0,0,0,0,0,0,0,0,0,15,15,0,3,0,0,3,0,0,0
16,16,16,16,16,16,16,16,0,0,2,0,0,2,0,1,0,0,0,2,0,15,15,15,0,0,0,0,16,16,16,16
16,16,16,16,0,0,0,0,0,0,2,0,0,2,0,0,2,2,0,0,0,0,2,0,1,0,0,0,16,16,16,16
16,16,16,16,16,16,16,16,0,0,0,2,0,2,0,0,2,2,0,0,0,2,0,0,0,0,16,16,16,16,16,16
16,16,16,16,16,16,16,16,0,0,3,0,2,0,0,0,0,0,0,2,2,0,0,0,0,0,0,0,16,16,16,16
16,16,16,16,16,16,16,16,0,0,3,3,0,0,0,0,0,0,0,0,3,0,0,0,0,0,0,0,16,16,16,16
16,16,16,16,16,16,16,16,0,0,15,15,0,0,2,0,0,0,0,0,2,0,0,0,16,16,16,16,16,16,16,16
16,16,16,16,16,16,16,16,0,0,15,3,0,15,0,0,3,2,0,0,0,3,0,0,16,16,16,16,16,16,16,16
16,16,16,16,16,16,16,16,0,0,15,0,0,0,0,0,0,0,0,0,0,0,0,0,16,16,16,16,16,16,16,16
16,16,16,16,16,16,16,16,0,0,0,0,0,0,2,0,0,0,0,0,2,0,0,0,16,16,16,16,16,16,16,16
16,16,16,16,16,16,16,16,0,0,0,0,0,0,0,0,3,0,2,0,16,16,16,16,16,16,16,16,16,16,16,16
16,16,16,16,16,16,16,16,0,0,0,0,0,3,3,0,0,0,0,0,16,16,16,16,16,16,16,16,16,16,16,16
16,16,16,16,16,16,16,16,0,0,0,0,2,3,3,0,0,3,3,0,16,16,16,16,16,16,16,16,16,16,16,16
16,16,16,16,16,16,16,16,0,0,0,3,2,2,2,0,0,2,2,3,16,16,16,16,16,16,16,16,16,16,16,16
16,16,16,16,16,16,16,16,0,0,3,2,2,2,0,0,0,2,2,2,3,0,0,0,16,16,16,16,16,16,16,16
16,16,16,16,16,16,16,16,0,0,0,2,2,0,0,0,0,0,2,2,2,0,0,0,16,16,16,16,16,16,16,16
SpriteSpeccyBlock,4,4,4
7,0,0,3,0,0,3,0,0,3,0,0
7,0,0,7,0,1,7,0,1,7,0,0
7,0,0,5,0,1,5,0,1,7,0,0
7,0,1,5,0,0,5,0,0,7,0,1
SpriteAttribs,4,0,0,0
SpriteBitmapBlock,5,32,32
16,16,16,16,16,16,16,16,16,16,16,16,16,16,16,16,0,1,1,3,1,1,0,0,16,16,16,16,16,16,16,16
16,16,16,16,16,16,16,16,16,16,16,16,0,0,0,0,1,1,0,0,0,0,1,0,16,16,16,16,16,16,16,16
16,16,16,16,16,16,16,16,16,16,16,16,0,1,1,1,1,1,1,1,1,0,0,1,3,0,0,0,16,16,16,16
16,16,16,16,16,16,16,16,0,0,0,0,1,0,0,0,0,0,0,0,0,1,0,0,0,1,0,0,16,16,16,16
16,16,16,16,16,16,16,16,0,0,1,1,0,1,0,0,3,0,0,1,0,0,1,0,0,0,1,0,16,16,16,16
16,16,16,16,0,0,0,0,0,1,0,0,0,0,3,1,0,1,3,0,0,0,0,1,0,0,0,1,16,16,16,16
16,16,16,16,0,0,0,0,1,0,0,1,1,0,0,0,0,0,0,1,0,1,0,0,1,0,0,1,16,16,16,16
16,16,16,16,0,0,0,1,0,1,0,15,0,1,0,0,0,0,0,0,1,0,1,0,0,1,0,0,16,16,16,16
16,16,16,16,0,0,0,0,0,0,0,0,0,0,1,3,0,0,3,1,15,0,0,0,0,0,0,0,16,16,16,16
16,16,16,16,0,0,0,0,0,0,2,3,0,3,0,0,3,0,1,0,0,0,1,0,0,0,0,0,16,16,16,16
0,0,3,0,0,0,0,0,0,3,2,3,0,2,0,0,0,3,0,0,0,0,2,0,0,0,0,0,16,16,16,16
0,0,3,3,2,0,3,0,0,0,3,3,3,0,0,0,3,3,3,0,0,3,2,0,0,0,0,3,0,0,3,0
0,3,0,0,0,3,0,0,15,0,0,2,3,3,3,3,3,0,3,3,3,3,0,0,0,0,0,3,3,2,3,0
3,0,0,0,0,3,0,0,0,0,0,1,3,0,15,15,3,3,3,3,3,0,0,0,0,2,15,3,0,0,3,0
3,0,0,0,0,3,3,2,0,0,0,0,1,0,0,0,0,3,3,3,0,0,0,0,0,15,0,3,0,0,0,3
3,0,0,0,0,3,0,0,0,0,0,0,0,1,2,2,2,3,2,0,0,0,0,0,3,0,0,3,0,0,0,3
3,0,3,0,3,0,0,0,15,0,0,2,0,0,0,0,0,0,0,0,15,15,0,0,0,0,0,3,2,3,2,3
3,2,0,2,3,2,3,0,0,0,15,0,0,0,0,1,0,0,0,0,0,15,15,0,0,2,3,3,0,0,0,3
3,0,0,0,3,0,0,0,0,2,0,0,0,2,0,0,1,1,0,15,0,0,0,0,3,0,0,3,16,16,16,16
16,16,16,16,0,0,0,0,0,3,0,0,2,0,0,0,1,1,0,0,0,0,0,0,16,16,16,16,16,16,16,16
16,16,16,16,0,0,0,0,0,0,3,3,0,0,0,0,0,0,0,2,0,0,0,0,16,16,16,16,16,16,16,16
16,16,16,16,16,16,16,16,15,15,0,0,0,0,0,0,0,0,0,0,3,0,0,0,16,16,16,16,16,16,16,16
16,16,16,16,16,16,16,16,15,15,15,0,15,0,0,0,0,2,0,0,0,0,0,0,16,16,16,16,16,16,16,16
16,16,16,16,16,16,16,16,3,3,0,15,0,0,2,0,0,0,15,0,0,15,0,0,16,16,16,16,16,16,16,16
16,16,16,16,16,16,16,16,3,0,0,0,0,0,0,0,0,0,0,0,0,0,0,0,16,16,16,16,16,16,16,16
16,16,16,16,16,16,16,16,0,0,0,0,15,0,2,0,0,0,0,0,0,15,0,0,16,16,16,16,16,16,16,16
16,16,16,16,16,16,16,16,0,0,0,0,0,0,0,0,3,0,2,0,2,0,0,0,16,16,16,16,16,16,16,16
16,16,16,16,16,16,16,16,16,16,16,16,0,3,3,0,0,0,0,0,16,16,16,16,16,16,16,16,16,16,16,16
16,16,16,16,16,16,16,16,0,0,0,0,2,3,3,0,0,3,3,0,16,16,16,16,16,16,16,16,16,16,16,16
16,16,16,16,16,16,16,16,0,0,3,3,2,2,2,0,0,2,2,3,3,0,0,0,16,16,16,16,16,16,16,16
16,16,16,16,16,16,16,16,0,0,2,2,2,2,0,0,0,0,2,2,2,0,0,0,16,16,16,16,16,16,16,16
16,16,16,16,16,16,16,16,0,0,0,2,0,0,0,0,0,0,0,2,16,16,16,16,16,16,16,16,16,16,16,16
SpriteSpeccyBlock,5,4,4
3,0,0,3,0,0,3,0,0,3,0,0
7,0,0,7,0,1,7,0,1,7,0,0
7,0,0,5,0,1,5,0,1,7,0,0
5,0,0,5,0,0,5,0,0,7,0,1
SpriteAttribs,5,0,0,0
SpriteBitmapBlock,6,32,32
16,16,16,16,16,16,16,16,0,0,1,1,3,1,1,0,16,16,16,16,16,16,16,16,16,16,16,16,16,16,16,16
16,16,16,16,16,16,16,16,0,1,0,0,0,0,1,1,0,0,0,0,16,16,16,16,16,16,16,16,16,16,16,16
16,16,16,16,0,0,0,3,1,0,0,1,1,1,1,1,1,1,1,0,16,16,16,16,16,16,16,16,16,16,16,16
16,16,16,16,0,0,1,0,0,0,1,0,0,0,0,0,0,0,0,1,16,16,16,16,16,16,16,16,16,16,16,16
16,16,16,16,0,1,0,0,0,1,0,0,1,0,0,0,0,0,1,0,1,1,0,0,16,16,16,16,16,16,16,16
16,16,16,16,1,0,0,0,1,0,0,0,0,0,0,0,0,0,0,0,0,0,1,0,16,16,16,16,16,16,16,16
16,16,16,16,1,0,0,1,0,0,1,0,0,0,0,0,0,1,0,0,1,0,0,1,0,0,0,0,16,16,16,16
16,16,16,16,0,0,1,0,0,1,0,0,0,0,0,0,1,0,0,0,0,0,1,0,1,0,0,0,16,16,16,16
16,16,16,16,0,0,0,0,0,0,0,0,0,0,0,0,0,1,0,0,0,0,0,1,0,0,0,0,16,16,16,16
16,16,16,16,0,0,0,0,0,0,0,1,0,0,0,0,1,0,0,0,0,0,0,1,0,0,0,0,16,16,16,16
16,16,16,16,0,0,1,0,0,0,0,0,1,0,0,0,0,0,0,0,0,0,0,0,1,0,3,0,0,3,0,0
0,3,0,0,3,0,0,0,0,0,0,0,1,0,0,0,0,0,0,1,0,0,0,0,0,3,0,2,3,3,0,0
0,0,2,3,3,3,2,0,0,0,0,0,0,0,0,0,0,0,0,0,0,0,0,0,3,0,3,0,0,0,3,0
0,2,0,0,3,0,0,2,0,0,0,0,0,1,0,0,0,0,1,1,0,0,3,0,0,0,3,0,3,0,0,3
3,0,0,0,3,0,0,0,15,3,0,0,0,1,0,1,0,0,0,0,0,2,0,0,0,0,3,0,3,0,0,3
3,0,0,0,3,0,0,2,0,0,2,0,0,0,0,1,0,1,0,0,3,0,0,0,15,0,3,0,0,0,0,3
3,2,3,2,0,0,0,0,0,0,0,0,0,0,0,0,0,0,0,0,0,0,2,0,0,0,0,3,0,3,0,3
3,0,0,0,3,3,2,0,0,0,0,3,0,0,0,0,0,0,0,3,0,0,0,0,0,3,2,0,2,0,2,3
16,16,16,16,3,0,0,2,0,15,0,0,3,0,1,0,2,2,0,0,3,0,3,0,15,0,0,3,0,0,0,3
16,16,16,16,16,16,16,16,0,0,0,0,0,0,0,0,2,2,0,0,0,0,0,0,15,0,0,0,16,16,16,16
16,16,16,16,0,0,0,1,1,0,0,1,0,0,0,0,0,0,1,0,1,0,1,0,0,0,0,0,16,16,16,16
16,16,16,16,16,16,16,16,1,0,0,0,1,0,0,0,0,1,0,0,0,0,1,0,16,16,16,16,16,16,16,16
16,16,16,16,16,16,16,16,0,1,0,1,0,0,1,0,0,0,0,0,0,1,0,0,16,16,16,16,16,16,16,16
16,16,16,16,16,16,16,16,0,2,0,0,0,0,0,1,0,0,0,1,0,0,0,0,16,16,16,16,16,16,16,16
16,16,16,16,16,16,16,16,0,0,0,0,0,0,0,0,0,0,0,0,0,15,0,0,16,16,16,16,16,16,16,16
16,16,16,16,16,16,16,16,0,0,2,0,3,0,0,0,0,0,0,0,2,0,0,0,16,16,16,16,16,16,16,16
16,16,16,16,16,16,16,16,0,0,0,0,0,0,15,0,3,0,15,0,16,16,16,16,16,16,16,16,16,16,16,16
16,16,16,16,16,16,16,16,16,16,16,16,0,0,0,0,0,0,0,0,16,16,16,16,16,16,16,16,16,16,16,16
16,16,16,16,16,16,16,16,16,16,16,16,0,3,3,0,0,3,3,0,16,16,16,16,16,16,16,16,16,16,16,16
16,16,16,16,16,16,16,16,16,16,16,16,0,3,3,0,0,3,3,2,16,16,16,16,16,16,16,16,16,16,16,16
16,16,16,16,16,16,16,16,16,16,16,16,2,2,2,2,0,2,2,2,2,0,0,0,16,16,16,16,16,16,16,16
16,16,16,16,16,16,16,16,0,0,0,2,2,2,2,0,0,0,2,2,2,2,0,0,16,16,16,16,16,16,16,16
SpriteSpeccyBlock,6,4,4
3,0,0,3,0,0,3,0,0,3,0,0
7,0,0,3,0,0,3,0,0,7,0,0
7,0,0,5,0,1,5,0,1,7,0,0
7,0,1,5,0,0,5,0,0,7,0,1
SpriteAttribs,6,0,0,0
SpriteBitmapBlock,7,32,32
16,16,16,16,16,16,16,16,0,1,1,3,1,1,1,0,16,16,16,16,16,16,16,16,16,16,16,16,16,16,16,16
16,16,16,16,0,0,0,3,1,0,0,0,0,0,1,1,0,0,0,0,16,16,16,16,16,16,16,16,16,16,16,16
16,16,16,16,0,0,1,0,0,0,0,1,1,1,1,1,1,1,1,0,16,16,16,16,16,16,16,16,16,16,16,16
16,16,16,16,0,1,0,0,0,0,1,0,0,0,0,0,0,0,0,1,1,2,1,0,16,16,16,16,16,16,16,16
16,16,16,16,1,0,0,0,1,1,0,0,0,0,0,0,0,0,0,0,0,1,0,0,16,16,16,16,16,16,16,16
16,16,16,16,1,0,0,1,1,0,0,0,1,0,0,0,0,0,1,0,0,0,1,0,16,16,16,16,16,16,16,16
16,16,16,16,0,0,0,1,0,0,0,0,0,0,0,0,0,0,0,0,0,1,0,1,16,16,16,16,0,2,0,0
0,0,0,0,0,0,1,0,0,1,0,0,0,0,0,0,1,0,0,0,0,0,1,0,0,0,0,2,3,2,3,0
0,3,15,2,0,0,0,0,0,0,0,0,0,0,0,0,1,1,1,0,0,0,0,0,0,0,3,0,0,0,2,3
3,0,0,0,3,0,1,0,0,0,0,15,0,0,0,0,0,1,0,0,0,0,0,0,3,2,0,0,0,0,0,3
3,0,0,0,0,0,0,0,0,0,0,0,0,0,0,0,0,0,0,0,0,0,0,0,0,0,3,0,0,0,2,3
3,0,0,3,0,0,3,0,0,0,0,1,0,0,0,0,0,0,0,1,0,0,15,0,0,0,3,0,3,2,0,2
3,0,0,3,0,0,0,2,0,0,0,0,0,0,0,0,0,0,0,0,0,2,0,0,0,0,0,3,0,0,0,0
3,2,3,0,0,0,0,0,0,0,0,0,0,1,0,0,0,0,1,0,0,0,0,2,0,0,3,2,3,0,0,0
3,0,3,2,3,0,2,0,0,0,3,0,0,1,0,1,0,0,0,0,2,0,0,0,0,3,0,0,3,0,0,0
0,0,0,3,0,2,0,0,0,0,0,2,0,0,0,1,0,1,0,3,0,0,0,0,2,0,0,0,16,16,16,16
0,0,0,0,0,0,0,0,0,0,0,0,0,1,0,0,0,1,0,0,0,0,0,0,16,16,16,16,16,16,16,16
16,16,16,16,0,0,0,2,0,2,0,2,0,0,0,0,0,0,0,2,0,0,0,0,16,16,16,16,16,16,16,16
16,16,16,16,16,16,16,16,0,0,0,0,0,0,0,0,1,1,0,0,15,0,0,1,1,0,0,0,16,16,16,16
16,16,16,16,16,16,16,16,1,0,15,0,1,0,1,0,1,1,0,0,0,15,0,1,0,0,0,0,16,16,16,16
16,16,16,16,0,0,0,1,1,0,15,0,0,0,0,0,0,0,1,0,0,15,1,0,16,16,16,16,16,16,16,16
16,16,16,16,16,16,16,16,1,0,15,0,0,0,0,0,0,0,0,0,0,0,1,0,16,16,16,16,16,16,16,16
16,16,16,16,16,16,16,16,0,15,0,0,0,0,0,0,1,0,0,0,0,1,0,0,16,16,16,16,16,16,16,16
16,16,16,16,16,16,16,16,0,0,0,0,15,0,15,0,0,0,1,0,1,0,0,0,16,16,16,16,16,16,16,16
16,16,16,16,16,16,16,16,0,0,15,0,0,0,0,0,0,0,0,0,0,2,0,0,16,16,16,16,16,16,16,16
16,16,16,16,16,16,16,16,0,0,0,2,0,0,0,0,0,0,0,15,0,0,0,0,16,16,16,16,16,16,16,16
16,16,16,16,16,16,16,16,16,16,16,16,0,2,0,2,0,15,0,0,16,16,16,16,16,16,16,16,16,16,16,16
16,16,16,16,16,16,16,16,16,16,16,16,0,0,0,0,0,0,0,0,16,16,16,16,16,16,16,16,16,16,16,16
16,16,16,16,16,16,16,16,16,16,16,16,0,3,3,0,0,3,3,0,16,16,16,16,16,16,16,16,16,16,16,16
16,16,16,16,16,16,16,16,16,16,16,16,0,3,3,0,0,3,3,2,0,0,0,0,16,16,16,16,16,16,16,16
16,16,16,16,16,16,16,16,16,16,16,16,2,2,2,2,0,2,2,2,2,0,0,0,16,16,16,16,16,16,16,16
16,16,16,16,16,16,16,16,16,16,16,16,2,2,2,2,0,2,2,2,2,0,0,0,16,16,16,16,16,16,16,16
SpriteSpeccyBlock,7,4,4
3,0,0,3,0,0,3,0,0,7,0,0
7,0,0,3,0,0,3,0,0,7,0,0
5,0,1,5,0,1,5,0,1,5,0,1
7,0,1,5,0,0,5,0,0,7,0,1
SpriteAttribs,7,0,0,0
SpriteBitmapBlock,8,32,32
16,16,16,16,16,16,16,16,16,16,16,16,16,16,16,16,0,0,0,0,1,1,1,0,0,0,0,0,0,0,0,0
16,16,16,16,16,16,16,16,16,16,16,16,16,16,16,16,16,16,16,16,0,0,1,1,1,0,1,1,1,0,0,0
16,16,16,16,16,16,16,16,16,16,16,16,16,16,16,16,16,16,16,16,0,0,0,0,0,1,0,0,1,1,1,0
16,16,16,16,16,16,16,16,16,16,16,16,16,16,16,16,0,0,2,2,2,2,0,0,15,0,0,0,16,16,16,16
16,16,16,16,16,16,16,16,16,16,16,16,0,0,0,0,2,2,2,2,2,0,3,0,0,3,0,0,16,16,16,16
16,16,16,16,16,16,16,16,16,16,16,16,0,0,0,0,0,1,0,1,0,3,3,0,3,0,2,2,16,16,16,16
16,16,16,16,16,16,16,16,16,16,16,16,0,15,15,0,1,0,1,0,1,0,3,3,0,2,0,2,16,16,16,16
16,16,16,16,16,16,16,16,0,0,0,0,3,15,0,0,0,2,2,2,0,15,0,1,0,0,15,0,1,0,0,0
16,16,16,16,16,16,16,16,16,16,16,16,0,0,3,0,0,0,0,0,0,0,0,0,1,0,0,15,0,3,3,0
16,16,16,16,16,16,16,16,0,1,0,0,0,3,0,1,3,3,0,0,2,2,0,0,0,3,15,0,3,3,0,0
16,16,16,16,0,0,0,1,3,3,0,0,0,0,1,0,1,3,3,3,0,0,15,0,2,2,0,15,0,1,0,0
16,16,16,16,0,0,1,3,3,0,0,0,0,0,1,1,3,1,1,1,1,3,1,0,0,2,0,0,15,0,0,0
16,16,16,16,0,1,3,3,0,1,1,0,0,0,0,1,1,1,0,0,1,1,0,2,0,15,2,0,0,16,16,16
16,16,16,16,16,16,16,16,1,1,1,1,1,0,0,1,1,3,0,3,1,0,2,2,0,15,15,15,0,0,0,0
16,16,16,16,16,16,16,16,0,0,1,0,0,2,2,0,1,0,0,1,1,0,2,0,0,0,0,2,2,0,0,0
16,16,16,16,16,16,16,16,0,0,0,2,2,2,0,0,0,1,0,0,1,1,0,3,0,0,0,0,0,0,0,0
16,16,16,16,16,16,16,16,0,0,0,15,0,0,0,0,1,0,1,3,0,1,1,1,16,16,16,16,16,16,16,16
16,16,16,16,16,16,16,16,0,0,15,0,2,0,0,0,0,0,0,1,1,1,0,0,16,16,16,16,16,16,16,16
16,16,16,16,0,0,0,3,3,0,0,0,0,0,1,0,2,2,0,0,16,16,16,16,0,0,1,3,1,0,0,0
16,16,16,16,0,3,3,3,0,3,0,2,0,0,0,0,2,2,0,1,1,1,0,0,0,1,3,1,3,3,3,0
16,16,16,16,0,3,3,3,3,0,3,0,1,0,0,15,0,0,2,2,2,0,3,3,0,3,1,3,1,0,0,0
0,0,0,0,3,3,3,3,3,3,3,3,0,0,3,0,0,0,0,0,0,3,3,3,15,1,3,1,3,3,3,3
0,0,0,0,3,3,3,3,15,0,3,0,3,0,3,0,0,15,2,2,0,1,3,0,3,3,1,3,1,0,0,0
0,0,0,0,0,0,3,0,0,3,0,3,0,0,0,3,16,16,16,16,16,16,16,16,0,1,3,1,3,3,3,0
0,15,15,1,1,1,0,0,3,0,3,0,16,16,16,16,16,16,16,16,16,16,16,16,0,0,1,3,1,0,0,0
15,15,15,15,1,0,0,0,0,3,3,3,16,16,16,16,16,16,16,16,16,16,16,16,16,16,16,16,16,16,16,16
15,15,15,16,0,0,0,1,0,0,3,0,16,16,16,16,16,16,16,16,16,16,16,16,16,16,16,16,16,16,16,16
16,15,16,16,0,0,1,0,0,0,0,0,16,16,16,16,16,16,16,16,16,16,16,16,16,16,16,16,16,16,16,16
16,16,16,16,0,1,1,1,0,0,16,16,16,16,16,16,16,16,16,16,16,16,16,16,16,16,16,16,16,16,16,16
16,16,16,16,0,15,1,1,0,0,0,0,16,16,16,16,16,16,16,16,16,16,16,16,16,16,16,16,16,16,16,16
16,16,16,16,0,0,15,1,0,0,0,0,16,16,16,16,16,16,16,16,16,16,16,16,16,16,16,16,16,16,16,16
16,16,16,16,16,16,15,15,16,16,16,16,16,16,16,16,16,16,16,16,16,16,16,16,16,16,16,16,16,16,16,16
SpriteSpeccyBlock,8,4,4
7,0,0,4,0,0,2,0,0,3,0,0
7,0,0,7,0,0,7,0,0,2,0,0
4,0,1,4,0,1,7,0,0,7,0,1
7,0,0,4,0,0,7,0,0,7,0,0
SpriteAttribs,8,0,0,0
SpriteBitmapBlock,9,32,32
16,16,16,16,16,16,16,16,16,16,16,16,16,16,16,16,16,16,16,16,16,16,16,16,16,16,16,16,16,16,16,16
16,16,16,16,16,16,16,16,16,16,16,16,16,16,16,16,16,16,16,16,0,0,0,0,0,15,0,0,16,16,16,16
16,16,16,16,16,16,16,16,16,16,16,16,16,16,16,16,16,16,16,16,16,16,16,16,0,0,15,15,16,16,16,16
16,16,16,16,16,16,16,16,16,16,16,16,16,16,16,16,0,0,2,2,2,2,0,15,0,0,15,0,15,16,16,16
16,16,16,16,16,16,16,16,16,16,16,16,0,0,0,0,2,2,2,2,2,3,0,0,15,3,2,0,16,16,16,16
16,16,16,16,16,16,16,16,16,16,16,16,0,0,15,15,0,1,0,1,0,3,3,0,15,15,0,2,16,16,16,16
16,16,16,16,16,16,16,16,16,16,16,16,0,15,2,0,1,0,1,0,1,0,3,0,0,2,15,0,16,16,16,16
16,16,16,16,16,16,16,16,0,0,0,0,0,0,0,0,0,15,3,2,0,1,0,1,0,0,0,0,1,0,0,0
16,16,16,16,16,16,16,16,0,0,2,1,0,3,3,3,1,0,0,0,0,0,0,0,0,15,0,1,0,3,0,0
16,16,16,16,16,16,16,16,0,1,3,3,0,3,3,1,0,3,15,15,0,15,15,0,0,0,1,0,3,3,0,0
16,16,16,16,0,0,0,0,1,3,3,0,0,0,1,0,1,3,3,15,15,15,0,15,0,0,0,3,3,0,0,0
16,16,16,16,0,0,0,1,3,3,1,1,0,0,1,1,1,3,1,3,1,0,15,15,0,0,0,0,0,0,0,0
16,16,16,16,16,16,16,16,0,0,1,1,0,0,0,1,1,1,0,0,15,0,15,0,0,0,2,2,2,0,0,0
16,16,16,16,16,16,16,16,0,0,1,1,1,0,0,1,1,3,0,0,3,1,0,15,0,0,0,2,2,2,0,0
16,16,16,16,16,16,16,16,0,0,0,0,0,2,0,0,1,0,0,0,0,1,2,0,0,0,0,0,15,2,2,0
16,16,16,16,16,16,16,16,0,0,0,15,2,2,2,0,0,1,0,0,0,1,1,1,0,0,0,0,0,0,0,0
16,16,16,16,16,16,16,16,0,2,0,0,0,0,0,0,1,0,1,3,0,0,1,1,16,16,16,16,16,16,16,16
16,16,16,16,16,16,16,16,15,0,0,2,0,0,0,0,0,0,0,1,1,1,0,0,16,16,16,16,16,16,16,16
16,16,16,16,0,0,0,0,0,0,3,0,1,0,0,0,1,1,0,0,16,16,16,16,0,0,0,0,16,16,16,16
0,0,0,0,0,3,3,3,0,3,0,1,0,1,0,0,1,1,0,1,0,0,0,0,0,0,1,3,1,0,0,0
0,0,0,0,3,3,3,3,3,3,3,0,1,0,0,3,0,0,0,1,1,1,0,0,0,1,3,1,3,3,3,0
0,0,0,15,15,3,3,3,3,3,0,3,0,0,3,0,0,0,0,0,1,3,3,0,2,3,1,3,1,0,0,0
0,0,15,15,15,3,3,3,3,3,3,3,3,0,3,0,3,15,15,0,3,3,15,0,0,1,3,1,3,3,3,3
0,0,0,0,0,0,3,0,0,3,3,3,0,0,0,15,0,0,0,0,0,15,1,0,2,3,1,3,1,0,0,0
0,0,1,15,15,15,0,0,0,0,0,0,0,0,0,0,0,0,0,0,0,0,0,0,0,1,3,1,3,3,3,0
16,15,15,15,16,16,16,16,0,15,0,0,16,16,16,16,16,16,16,16,16,16,16,16,0,0,1,3,1,0,0,0
15,15,15,15,16,16,16,16,1,15,0,0,16,16,16,16,16,16,16,16,16,16,16,16,16,16,16,16,16,16,16,16
15,15,15,15,15,16,16,16,1,1,1,0,16,16,16,16,16,16,16,16,16,16,16,16,16,16,16,16,16,16,16,16
16,15,15,15,15,15,16,16,0,1,0,3,16,16,16,16,16,16,16,16,16,16,16,16,16,16,16,16,16,16,16,16
16,15,15,0,15,15,16,16,1,0,1,1,16,16,16,16,16,16,16,16,16,16,16,16,16,16,16,16,16,16,16,16
16,16,16,15,0,16,16,16,0,1,1,0,16,16,16,16,16,16,16,16,16,16,16,16,16,16,16,16,16,16,16,16
16,16,16,16,16,16,16,16,16,16,16,16,16,16,16,16,16,16,16,16,16,16,16,16,16,16,16,16,16,16,16,16
SpriteSpeccyBlock,9,4,4
7,0,0,4,0,0,2,0,0,3,0,0
7,0,0,7,0,0,7,0,0,2,0,0
4,0,1,4,0,1,7,0,0,7,0,1
7,0,0,7,0,0,7,0,0,7,0,0
SpriteAttribs,9,0,0,0
SpriteBitmapBlock,10,32,32
0,0,0,0,0,0,0,0,0,1,1,1,0,0,0,0,16,16,16,16,16,16,16,16,16,16,16,16,16,16,16,16
0,0,0,1,1,1,0,1,1,1,0,0,16,16,16,16,16,16,16,16,16,16,16,16,16,16,16,16,16,16,16,16
0,1,1,1,0,0,1,0,0,0,0,0,16,16,16,16,16,16,16,16,16,16,16,16,16,16,16,16,16,16,16,16
16,16,16,16,0,0,0,15,0,0,2,2,2,2,0,0,16,16,16,16,16,16,16,16,16,16,16,16,16,16,16,16
16,16,16,16,0,0,3,0,0,3,0,2,2,2,2,2,0,0,0,0,16,16,16,16,16,16,16,16,16,16,16,16
16,16,16,16,2,2,0,3,0,3,3,0,1,0,1,0,0,0,0,0,16,16,16,16,16,16,16,16,16,16,16,16
16,16,16,16,2,0,2,0,3,3,0,1,0,1,0,1,0,15,15,0,16,16,16,16,16,16,16,16,16,16,16,16
0,0,0,1,0,15,0,0,1,0,15,0,2,2,2,0,0,0,15,3,0,0,0,0,16,16,16,16,16,16,16,16
0,3,3,0,15,0,0,1,0,0,0,0,0,0,0,0,0,3,0,0,16,16,16,16,16,16,16,16,16,16,16,16
0,0,3,3,0,15,3,0,0,0,2,2,0,0,3,3,1,0,3,0,0,0,1,0,16,16,16,16,16,16,16,16
0,0,1,0,15,0,2,2,0,15,0,0,3,3,3,1,0,1,0,0,0,0,3,3,1,0,0,0,16,16,16,16
0,0,0,15,0,0,2,0,0,1,3,1,1,1,1,3,1,1,0,0,0,0,0,3,3,1,0,0,16,16,16,16
16,16,16,0,0,2,15,0,2,0,1,1,0,0,1,1,1,0,0,0,0,1,1,0,3,3,1,0,16,16,16,16
0,0,0,0,15,15,15,0,2,2,0,1,3,0,3,1,1,0,0,1,1,1,1,1,16,16,16,16,16,16,16,16
0,0,0,2,2,0,0,0,0,2,0,1,1,0,0,1,0,2,2,0,0,1,0,0,16,16,16,16,16,16,16,16
0,0,0,0,0,0,0,0,3,0,1,1,0,0,1,0,0,0,2,2,2,0,0,0,16,16,16,16,16,16,16,16
16,16,16,16,16,16,16,16,1,1,1,0,3,1,0,1,0,0,0,0,15,0,0,0,16,16,16,16,16,16,16,16
16,16,16,16,16,16,16,16,0,0,1,1,1,0,0,0,0,0,0,2,0,15,0,0,16,16,16,16,16,16,16,16
0,0,0,1,3,1,0,0,16,16,16,16,0,0,2,2,0,1,0,0,0,0,0,3,3,0,0,0,16,16,16,16
0,3,3,3,1,3,1,0,0,0,1,1,1,0,2,2,0,0,0,0,2,0,3,0,3,3,3,0,16,16,16,16
0,0,0,1,3,1,3,0,3,3,0,2,2,2,0,0,15,0,0,1,0,3,0,3,3,3,3,0,16,16,16,16
3,3,3,3,1,3,1,15,3,3,3,0,0,0,0,0,0,3,0,0,3,3,3,3,3,3,3,3,0,0,0,0
0,0,0,1,3,1,3,3,0,3,1,0,2,2,15,0,0,3,0,3,0,3,0,15,3,3,3,3,0,0,0,0
0,3,3,3,1,3,1,0,16,16,16,16,16,16,16,16,3,0,0,0,3,0,3,0,0,3,0,0,0,0,0,0
0,0,0,1,3,1,0,0,16,16,16,16,16,16,16,16,16,16,16,16,0,3,0,3,0,0,1,1,1,15,15,0
16,16,16,16,16,16,16,16,16,16,16,16,16,16,16,16,16,16,16,16,3,3,3,0,0,0,0,1,15,15,15,15
16,16,16,16,16,16,16,16,16,16,16,16,16,16,16,16,16,16,16,16,0,3,0,0,1,0,0,0,16,15,15,15
16,16,16,16,16,16,16,16,16,16,16,16,16,16,16,16,16,16,16,16,0,0,0,0,0,1,0,0,16,16,15,16
16,16,16,16,16,16,16,16,16,16,16,16,16,16,16,16,16,16,16,16,16,16,0,0,1,1,1,0,16,16,16,16
16,16,16,16,16,16,16,16,16,16,16,16,16,16,16,16,16,16,16,16,0,0,0,0,1,1,15,0,16,16,16,16
16,16,16,16,16,16,16,16,16,16,16,16,16,16,16,16,16,16,16,16,0,0,0,0,1,15,0,0,16,16,16,16
16,16,16,16,16,16,16,16,16,16,16,16,16,16,16,16,16,16,16,16,16,16,16,16,15,15,16,16,16,16,16,16
SpriteSpeccyBlock,10,4,4
3,0,0,2,0,0,4,0,0,3,0,1
2,0,0,7,0,0,7,0,0,7,0,0
7,0,1,7,0,0,4,0,1,4,0,1
7,0,0,7,0,0,4,0,0,7,0,0
SpriteAttribs,10,0,0,0
SpriteBitmapBlock,11,32,32
16,16,16,16,16,16,16,16,16,16,16,16,16,16,16,16,16,16,16,16,16,16,16,16,16,16,16,16,16,16,16,16
16,16,16,16,0,0,15,0,0,0,0,0,16,16,16,16,16,16,16,16,16,16,16,16,16,16,16,16,16,16,16,16
16,16,16,16,15,15,0,0,16,16,16,16,16,16,16,16,16,16,16,16,16,16,16,16,16,16,16,16,16,16,16,16
16,16,16,15,0,15,0,0,15,0,2,2,2,2,0,0,16,16,16,16,16,16,16,16,16,16,16,16,16,16,16,16
16,16,16,16,0,2,3,15,0,0,3,2,2,2,2,2,0,0,0,0,16,16,16,16,16,16,16,16,16,16,16,16
16,16,16,16,2,0,15,15,0,3,3,0,1,0,1,0,15,15,0,0,16,16,16,16,16,16,16,16,16,16,16,16
16,16,16,16,0,15,2,0,0,3,0,1,0,1,0,1,0,2,15,0,16,16,16,16,16,16,16,16,16,16,16,16
0,0,0,1,0,0,0,0,1,0,1,0,2,3,3,0,0,0,0,0,0,0,0,0,16,16,16,16,16,16,16,16
0,0,3,0,1,0,15,0,0,0,0,0,0,0,0,1,3,3,3,0,1,2,0,0,16,16,16,16,16,16,16,16
0,0,3,3,0,1,0,0,0,15,15,0,15,15,3,0,1,3,3,0,3,3,1,0,16,16,16,16,16,16,16,16
0,0,0,3,3,0,0,0,15,0,15,15,15,3,3,1,0,1,0,0,0,3,3,1,0,0,0,0,16,16,16,16
0,0,0,0,0,0,0,0,15,15,0,1,3,1,3,1,1,1,0,0,1,1,3,3,1,0,0,0,16,16,16,16
0,0,0,2,2,2,0,0,0,15,0,15,0,0,1,1,1,0,0,0,1,1,0,0,16,16,16,16,16,16,16,16
0,0,2,2,2,0,0,0,15,0,1,3,0,0,3,1,1,0,0,1,1,1,0,0,16,16,16,16,16,16,16,16
0,2,2,15,0,0,0,0,0,2,1,0,0,0,0,1,0,0,2,0,0,0,0,0,16,16,16,16,16,16,16,16
0,0,0,0,0,0,0,0,1,1,1,0,0,0,1,0,0,2,2,2,15,0,0,0,16,16,16,16,16,16,16,16
16,16,16,16,16,16,16,16,1,1,0,0,3,1,0,1,0,0,0,0,0,0,2,0,16,16,16,16,16,16,16,16
16,16,16,16,16,16,16,16,0,0,1,1,1,0,0,0,0,0,0,0,2,0,0,15,16,16,16,16,16,16,16,16
16,16,16,16,0,0,0,0,16,16,16,16,0,0,1,1,0,0,0,1,0,3,0,0,0,0,0,0,16,16,16,16
0,0,0,1,3,1,0,0,0,0,0,0,1,0,1,1,0,0,1,0,1,0,3,0,3,3,3,0,0,0,0,0
0,3,3,3,1,3,1,0,0,0,1,1,1,0,0,0,3,0,0,1,0,3,3,3,3,3,3,3,0,0,0,0
0,0,0,1,3,1,3,2,0,3,3,1,0,0,0,0,0,3,0,0,3,0,3,3,3,3,3,15,15,0,0,0
3,3,3,3,1,3,1,0,0,15,3,3,0,15,15,3,0,3,0,3,3,3,3,3,3,3,3,15,15,15,0,0
0,0,0,1,3,1,3,2,0,1,15,0,0,0,0,0,15,0,0,0,3,3,3,0,0,3,0,0,0,0,0,0
0,3,3,3,1,3,1,0,0,0,0,0,0,0,0,0,0,0,0,0,0,0,0,0,0,0,15,15,15,1,0,0
0,0,0,1,3,1,0,0,16,16,16,16,16,16,16,16,16,16,16,16,0,0,15,0,16,16,16,16,15,15,15,16
16,16,16,16,16,16,16,16,16,16,16,16,16,16,16,16,16,16,16,16,0,0,15,1,16,16,16,16,15,15,15,15
16,16,16,16,16,16,16,16,16,16,16,16,16,16,16,16,16,16,16,16,0,1,1,1,16,16,16,15,15,15,15,15
16,16,16,16,16,16,16,16,16,16,16,16,16,16,16,16,16,16,16,16,3,0,1,0,16,16,15,15,15,15,15,16
16,16,16,16,16,16,16,16,16,16,16,16,16,16,16,16,16,16,16,16,1,1,0,1,16,16,15,15,0,15,15,16
16,16,16,16,16,16,16,16,16,16,16,16,16,16,16,16,16,16,16,16,0,1,1,0,16,16,16,0,15,16,16,16
16,16,16,16,16,16,16,16,16,16,16,16,16,16,16,16,16,16,16,16,16,16,16,16,16,16,16,16,16,16,16,16
SpriteSpeccyBlock,11,4,4
3,0,0,2,0,0,4,0,0,7,0,0
2,0,0,7,0,0,7,0,0,7,0,0
7,0,1,7,0,0,4,0,1,4,0,1
7,0,0,7,0,0,7,0,0,7,0,0
SpriteAttribs,11,0,0,0
SpriteBitmapBlock,12,32,32
16,16,16,16,16,16,16,16,16,16,16,16,0,1,1,1,1,0,1,1,16,16,16,16,16,16,16,16,16,16,16,16
16,16,16,16,16,16,16,16,16,16,16,16,16,16,16,16,0,1,0,0,0,0,0,0,16,16,16,16,16,16,16,16
16,16,16,16,16,16,16,16,16,16,16,16,0,0,2,0,2,0,3,0,2,0,0,0,16,16,16,16,16,16,16,16
16,16,16,16,16,16,16,16,0,0,0,0,2,3,3,0,0,3,3,3,0,2,0,0,16,16,16,16,16,16,16,16
16,16,16,16,16,16,16,16,0,0,0,2,3,3,0,0,1,0,3,3,3,0,15,0,16,16,16,16,16,16,16,16
16,16,16,16,16,16,16,16,0,15,1,0,3,0,0,3,3,3,0,0,1,0,1,0,0,15,0,0,16,16,16,16
16,16,16,16,16,16,0,15,15,15,15,1,15,15,0,0,3,0,0,1,0,1,0,15,15,0,0,0,16,16,16,16
16,16,16,16,0,0,0,0,0,15,15,15,0,0,2,0,0,3,3,3,3,0,15,0,15,2,0,0,16,16,16,16
16,16,16,16,0,0,0,0,0,0,0,0,2,2,0,0,1,0,0,0,3,0,0,0,0,0,0,0,16,16,16,16
16,16,16,16,16,16,16,16,0,0,0,2,0,0,2,1,0,0,2,0,0,3,3,15,0,2,0,0,16,16,16,16
16,16,16,16,16,16,16,16,0,0,0,2,0,15,0,1,0,2,0,0,0,1,3,15,1,0,0,0,16,16,16,16
16,16,16,16,16,16,16,16,0,0,0,1,2,0,1,1,1,0,0,0,1,1,0,15,1,0,0,0,16,16,16,16
16,16,16,16,16,16,16,16,0,0,0,0,1,1,0,1,1,1,1,1,0,0,0,1,0,1,0,1,16,16,16,16
16,16,16,16,16,16,16,16,0,0,0,0,1,1,1,1,15,15,0,0,0,0,1,0,0,3,3,3,1,0,0,0
16,16,16,16,16,16,16,16,16,16,16,0,0,15,15,15,15,0,0,0,0,1,1,0,0,0,3,3,16,16,16,16
16,16,16,16,16,16,16,16,16,16,16,16,0,0,15,15,15,15,15,1,1,1,0,1,1,0,3,3,1,0,0,0
16,16,16,16,16,16,16,16,16,16,16,16,0,0,0,0,0,0,0,1,0,0,15,0,1,0,0,0,16,16,16,16
16,16,16,16,16,16,16,16,16,16,16,16,1,0,0,2,0,0,1,15,0,1,0,1,16,16,16,16,16,16,16,16
16,16,16,16,16,16,16,16,0,0,0,15,0,15,0,0,2,2,0,15,15,0,0,0,16,16,16,16,16,16,16,16
16,16,16,16,16,16,16,16,0,0,15,0,15,0,15,0,2,2,0,0,15,16,16,16,16,16,16,16,16,16,16,16
16,16,16,16,16,16,16,16,15,0,0,15,0,0,0,1,0,0,2,0,0,15,16,16,16,16,16,16,16,16,16,16
16,16,16,16,16,16,16,16,0,15,15,15,0,0,2,0,0,15,15,15,15,15,15,0,16,16,16,16,16,16,16,16
16,16,16,16,16,16,16,16,15,0,0,0,15,0,0,3,3,3,15,15,15,15,15,15,16,16,16,16,16,16,16,16
16,16,16,16,16,16,16,0,0,15,15,15,0,0,15,0,3,3,0,0,15,15,15,0,16,16,16,16,16,16,16,16
16,16,16,16,16,16,16,16,0,0,15,0,0,0,0,0,0,0,0,0,0,0,0,0,16,16,16,16,16,16,16,16
16,16,16,16,16,16,16,16,0,0,15,0,0,0,0,15,15,0,0,0,15,15,0,0,16,16,16,16,16,16,16,16
16,16,16,16,16,16,16,16,0,0,15,0,0,0,0,15,15,0,0,0,0,15,15,0,16,16,16,16,16,16,16,16
16,16,16,16,16,16,16,16,0,0,15,0,0,0,15,15,0,0,0,0,0,15,15,15,16,16,16,16,16,16,16,16
16,16,16,16,16,16,16,16,3,3,3,3,3,0,15,15,15,15,0,0,15,15,15,15,16,16,16,16,16,16,16,16
16,16,16,16,16,16,16,16,3,0,15,0,3,0,0,15,15,15,0,15,0,15,15,0,0,16,16,16,16,16,16,16
16,16,16,16,16,16,16,16,0,3,0,3,0,0,0,0,15,15,0,0,15,15,0,0,0,16,16,16,16,16,16,16
16,16,16,16,16,16,16,16,0,0,3,3,0,0,0,0,15,0,0,0,0,0,0,0,16,16,16,16,16,16,16,16
SpriteSpeccyBlock,12,4,4
2,0,0,2,0,0,3,0,0,4,0,0
7,0,0,7,0,0,7,0,0,7,0,0
7,0,1,4,0,0,4,0,1,7,0,0
7,0,0,7,0,0,7,0,0,7,0,0
SpriteAttribs,12,0,0,0
SpriteBitmapBlock,13,32,32
16,16,16,16,16,16,16,16,16,16,16,16,16,16,16,16,1,1,1,0,16,16,16,16,16,16,16,16,16,16,16,16
16,16,16,16,16,16,16,16,16,16,16,16,16,16,16,16,0,1,0,0,16,16,16,16,16,16,16,16,16,16,16,16
16,16,16,16,16,16,16,16,16,16,16,16,0,0,2,3,0,0,3,0,2,0,0,0,16,16,16,16,16,16,16,16
16,16,16,16,16,16,16,16,0,0,0,0,2,3,0,0,1,0,3,3,0,2,2,0,16,16,16,16,16,16,16,16
16,16,16,16,16,16,16,16,0,0,0,2,2,0,3,3,0,1,0,3,3,0,2,0,16,16,16,16,16,16,16,16
16,16,16,16,16,16,16,16,0,0,1,0,1,0,3,3,3,0,1,0,1,0,1,0,1,0,0,0,16,16,16,16
16,16,16,16,0,0,2,2,2,1,0,1,0,0,3,3,0,0,0,1,0,1,0,0,15,15,0,0,16,16,16,16
16,16,16,16,0,0,0,2,2,0,15,3,0,0,0,0,0,3,3,0,0,2,2,0,2,0,0,0,16,16,16,16
16,16,16,16,16,16,16,16,0,0,0,0,2,2,0,3,1,0,0,0,3,0,0,0,0,0,0,0,16,16,16,16
16,16,16,16,16,16,16,16,0,0,0,2,3,0,2,3,0,3,2,0,0,3,3,1,0,2,0,0,16,16,16,16
16,16,16,16,16,16,16,16,0,0,1,2,0,0,2,1,0,2,2,0,0,3,1,0,1,3,0,0,16,16,16,16
16,16,16,16,16,16,16,16,0,0,1,1,2,2,1,1,1,0,0,0,1,1,1,0,1,0,0,0,16,16,16,16
16,16,16,16,16,16,16,16,0,0,0,1,1,1,0,1,1,1,1,1,0,1,1,1,16,16,16,16,16,16,16,16
16,16,16,16,16,16,16,16,0,0,0,0,1,1,1,1,1,0,0,0,1,1,1,0,0,1,0,1,16,16,16,16
16,16,16,16,16,16,16,16,16,16,16,16,0,3,0,0,0,0,0,1,1,15,0,0,0,3,3,3,1,0,0,0
16,16,16,16,16,16,16,16,16,16,16,16,0,0,15,15,15,1,1,1,15,0,0,0,0,0,3,3,16,16,16,16
16,16,16,16,16,16,16,16,16,16,16,16,0,0,0,0,0,0,0,0,0,0,0,1,15,0,3,3,1,0,0,0
16,16,16,16,16,16,16,16,16,16,16,16,0,0,0,2,0,0,2,0,0,1,0,0,1,0,0,0,16,16,16,16
16,16,16,16,16,16,16,16,0,0,0,0,1,0,0,0,1,1,0,0,1,0,15,15,16,16,16,16,16,16,16,16
16,16,16,16,16,16,16,16,0,0,15,15,0,0,2,0,1,1,0,2,0,1,0,0,16,16,16,16,16,16,16,16
16,16,16,16,16,16,16,16,0,0,0,0,15,0,0,15,0,0,2,2,16,16,16,16,16,16,16,16,16,16,16,16
16,16,16,16,16,16,16,16,0,15,15,15,0,0,15,0,0,15,0,0,16,16,16,16,16,16,16,16,16,16,16,16
16,16,16,16,16,16,16,16,15,0,0,0,15,0,0,15,0,0,15,15,15,15,16,16,16,16,16,16,16,16,16,16
16,16,16,16,16,16,16,16,0,15,15,15,0,0,3,0,0,15,15,15,15,15,15,0,16,16,16,16,16,16,16,16
16,16,16,16,16,16,16,16,0,0,15,0,0,0,0,0,0,0,0,0,0,0,0,0,16,16,16,16,16,16,16,16
16,16,16,16,16,16,16,16,0,0,15,0,0,0,15,15,0,0,15,15,15,0,0,0,16,16,16,16,16,16,16,16
16,16,16,16,16,16,16,16,0,0,15,0,0,0,15,0,0,0,0,15,0,0,0,0,16,16,16,16,16,16,16,16
16,16,16,16,16,16,16,16,0,0,15,0,0,0,0,0,0,0,15,0,0,0,0,0,16,16,16,16,16,16,16,16
16,16,16,16,0,0,0,3,3,3,3,3,0,0,1,1,0,15,15,0,0,16,0,0,16,16,16,16,16,16,16,16
16,16,16,16,0,0,0,3,0,3,0,3,0,15,15,1,0,15,1,15,0,0,0,16,16,16,16,16,16,16,16,16
16,16,16,16,0,0,0,0,3,0,3,0,0,15,15,0,0,0,15,15,0,0,16,16,16,16,16,16,16,16,16,16
16,16,16,16,0,0,0,0,0,3,3,0,0,0,0,0,0,0,0,0,0,0,0,0,16,16,16,16,16,16,16,16
SpriteSpeccyBlock,13,4,4
2,0,0,2,0,0,3,0,0,4,0,0
7,0,1,7,0,0,7,0,0,7,0,0
4,0,1,4,0,0,4,0,1,7,0,0
7,0,0,7,0,0,7,0,0,7,0,0
SpriteAttribs,13,0,0,0
SpriteBitmapBlock,14,32,32
16,16,16,16,16,16,16,16,16,16,16,16,0,0,1,1,0,1,1,1,1,0,0,0,16,16,16,16,16,16,16,16
16,16,16,16,16,16,16,16,16,16,16,16,1,15,0,0,1,0,0,0,16,16,16,16,16,16,16,16,16,16,16,16
16,16,16,16,16,16,16,16,16,16,16,16,0,0,0,15,0,2,0,2,16,16,16,16,16,16,16,16,16,16,16,16
16,16,16,16,16,16,16,16,0,0,0,2,2,0,3,15,0,2,0,3,0,2,0,0,16,16,16,16,16,16,16,16
16,16,16,16,16,16,16,16,0,0,2,2,0,3,3,0,2,2,0,3,3,0,2,0,16,16,16,16,16,16,16,16
16,16,16,16,16,16,16,16,0,2,2,2,0,3,3,0,2,0,2,0,3,0,1,0,16,16,16,16,16,16,16,16
16,16,16,16,16,16,16,16,0,1,0,1,0,1,0,1,0,1,0,1,0,1,0,1,0,0,0,0,16,16,16,16
16,16,16,16,16,16,16,16,2,15,15,0,15,15,15,0,15,15,15,0,15,15,2,2,2,2,2,2,16,16,16,16
16,16,16,16,16,16,16,16,0,15,0,0,0,15,0,3,0,2,0,0,15,0,15,0,2,2,2,0,16,16,16,16
16,16,16,16,16,16,16,16,2,0,2,2,2,0,2,0,2,0,2,2,0,2,0,0,16,16,16,16,16,16,16,16
16,16,16,16,16,16,16,16,0,3,0,0,0,0,0,3,0,0,0,0,0,0,3,0,16,16,16,16,16,16,16,16
16,16,16,16,16,16,16,16,0,0,3,0,3,3,0,3,0,0,15,15,3,3,3,3,16,16,16,16,16,16,16,16
16,16,16,16,0,0,1,0,1,0,3,3,3,3,3,0,3,3,3,3,0,3,3,0,16,16,16,16,16,16,16,16
16,16,16,16,0,1,3,3,3,0,0,3,0,3,3,3,3,3,3,3,3,3,0,0,16,16,16,16,16,16,16,16
16,16,16,16,0,0,3,3,0,3,0,0,3,3,3,3,3,3,3,3,3,0,0,0,16,16,16,16,16,16,16,16
16,16,16,16,0,1,3,3,0,0,0,0,0,3,3,0,0,3,0,3,0,0,0,0,16,16,16,16,16,16,16,16
16,16,16,16,16,16,16,16,0,0,1,0,0,0,0,0,1,0,0,0,0,0,0,0,16,16,16,16,16,16,16,16
16,16,16,16,16,16,16,16,0,0,0,15,0,1,0,2,0,0,2,0,3,1,0,0,16,16,16,16,16,16,16,16
16,16,16,16,16,16,16,16,16,16,16,16,1,0,0,0,2,2,0,2,0,0,15,0,16,16,16,16,16,16,16,16
16,16,16,16,16,16,16,16,16,16,16,16,0,0,2,0,2,2,0,2,0,15,0,15,0,0,0,0,16,16,16,16
16,16,16,16,16,16,16,16,16,16,16,16,0,0,0,2,0,0,2,0,0,0,0,0,0,0,0,0,16,16,16,16
16,16,16,16,16,16,16,16,16,16,16,16,0,2,15,0,15,15,15,15,0,0,15,15,15,0,0,0,16,16,16,16
16,16,16,16,16,16,16,16,16,16,16,16,0,15,15,15,0,15,15,15,0,15,0,0,0,1,0,0,16,16,16,16
16,16,16,16,16,16,16,16,16,16,16,16,15,3,3,0,0,3,3,3,0,0,15,0,15,0,0,0,16,16,16,16
16,16,16,16,16,16,16,16,16,16,16,0,0,0,0,0,0,0,0,0,0,0,0,15,0,0,0,0,16,16,16,16
16,16,16,16,16,16,16,16,16,16,16,0,0,15,15,0,0,0,15,15,0,0,0,15,0,0,0,0,16,16,16,16
16,16,16,16,16,16,16,16,16,0,0,16,0,15,15,0,0,0,0,15,0,0,0,15,0,0,0,0,16,16,16,16
16,16,16,16,16,16,16,16,16,16,0,15,15,0,15,0,0,15,15,0,0,0,0,15,0,0,0,0,16,16,16,16
16,16,16,16,16,16,16,16,16,15,15,15,15,1,0,0,15,15,1,1,0,3,15,3,3,3,0,0,16,16,16,16
16,16,16,16,16,16,16,16,16,16,15,15,15,1,0,0,15,15,15,15,0,3,0,3,0,3,0,0,16,16,16,16
16,16,16,16,16,16,16,16,0,0,0,0,1,0,0,0,0,0,0,0,0,0,3,0,3,0,0,0,16,16,16,16
16,16,16,16,16,16,16,16,0,0,0,0,0,0,0,0,0,0,0,0,0,0,0,3,15,0,0,0,16,16,16,16
SpriteSpeccyBlock,14,4,4
2,0,1,3,0,0,2,0,0,2,0,0
7,0,0,7,0,0,7,0,0,2,0,0
4,0,0,4,0,0,4,0,1,4,0,1
7,0,0,7,0,0,7,0,0,7,0,0
SpriteAttribs,14,0,0,0
SpriteBitmapBlock,15,32,32
16,16,16,16,16,16,16,16,16,16,16,16,0,0,0,1,1,1,0,0,16,16,16,16,16,16,16,16,16,16,16,16
16,16,16,16,16,16,16,16,16,16,16,16,16,16,16,16,1,0,0,0,16,16,16,16,16,16,16,16,16,16,16,16
16,16,16,16,16,16,16,16,16,16,16,16,0,2,0,3,0,2,0,2,16,16,16,16,16,16,16,16,16,16,16,16
16,16,16,16,16,16,16,16,0,0,0,2,2,0,3,3,0,2,0,3,0,2,0,0,16,16,16,16,16,16,16,16
16,16,16,16,16,16,16,16,0,0,2,2,0,3,3,0,0,2,0,3,3,0,2,0,16,16,16,16,16,16,16,16
16,16,16,16,16,16,16,16,0,2,2,2,0,0,3,0,2,0,2,0,3,0,3,0,0,0,0,0,16,16,16,16
16,16,16,16,16,16,16,16,0,1,0,1,0,1,0,15,0,15,0,1,0,1,0,1,2,2,2,0,16,16,16,16
16,16,16,16,16,16,16,16,2,0,1,15,1,0,1,0,1,0,15,15,15,15,2,0,2,2,0,0,16,16,16,16
16,16,16,16,16,16,16,16,0,0,0,0,0,0,0,0,0,0,0,0,0,0,0,0,16,16,16,16,16,16,16,16
16,16,16,16,16,16,16,16,0,2,0,2,2,0,2,0,0,2,0,3,0,2,0,0,16,16,16,16,16,16,16,16
16,16,16,16,16,16,16,16,0,0,3,0,0,3,0,3,0,0,3,0,3,0,3,0,16,16,16,16,16,16,16,16
16,16,16,16,16,16,16,16,0,3,3,3,0,3,0,3,0,3,3,0,3,3,3,0,16,16,16,16,16,16,16,16
16,16,16,16,16,16,16,16,0,3,3,3,3,3,3,3,0,3,3,0,3,3,3,0,16,16,16,16,16,16,16,16
16,16,16,16,16,16,16,16,0,0,3,0,3,3,3,3,3,3,3,3,3,3,0,0,16,16,16,16,16,16,16,16
16,16,16,16,0,0,1,0,1,0,0,3,3,3,3,3,3,3,3,3,3,0,0,0,16,16,16,16,16,16,16,16
16,16,16,16,0,1,3,3,3,0,0,0,3,0,0,0,3,0,3,0,0,0,0,0,16,16,16,16,16,16,16,16
16,16,16,16,0,0,3,3,0,0,0,0,0,0,1,1,0,1,0,3,0,16,16,16,16,16,16,16,16,16,16,16
16,16,16,16,0,1,3,3,0,0,1,0,0,0,0,2,0,0,2,0,0,0,0,0,16,16,16,16,16,16,16,16
16,16,16,16,16,16,16,16,0,1,0,15,0,1,0,0,1,1,0,2,0,1,0,0,16,16,16,16,16,16,16,16
16,16,16,16,16,16,16,16,0,0,0,0,1,0,2,0,1,1,0,15,0,0,0,15,0,16,16,16,16,16,16,16
16,16,16,16,16,16,16,16,16,16,16,16,0,0,0,2,0,0,2,2,0,0,15,0,0,0,0,0,16,16,16,16
16,16,16,16,16,16,16,16,16,16,16,16,0,0,2,0,2,2,2,0,0,0,0,15,15,15,0,0,16,16,16,16
16,16,16,16,16,16,16,16,16,16,16,16,0,15,15,15,0,15,15,15,15,0,15,0,0,0,15,0,16,16,16,16
16,16,16,16,16,16,16,16,16,16,16,16,0,15,15,0,15,15,3,3,0,0,0,15,15,15,0,0,16,16,16,16
16,16,16,16,16,16,16,16,16,16,16,16,0,0,0,0,0,0,0,0,0,0,0,0,15,0,0,0,16,16,16,16
16,16,16,16,16,16,16,16,16,16,16,0,0,0,15,0,0,0,15,0,0,0,0,0,15,0,0,0,16,16,16,16
16,16,16,16,16,16,16,16,16,16,16,0,0,0,15,15,0,0,15,15,0,0,0,0,15,0,0,0,16,16,16,16
16,16,16,16,16,16,16,16,16,16,16,0,15,0,0,0,0,0,15,0,0,0,0,0,15,0,0,0,16,16,16,16
16,16,16,16,16,16,16,16,16,16,16,16,15,15,15,0,0,0,0,1,0,0,15,3,3,3,3,0,16,16,16,16
16,16,16,16,16,16,16,16,16,16,0,16,15,15,0,15,0,0,1,0,1,0,15,0,15,0,3,0,16,16,16,16
16,16,16,16,16,16,16,16,0,0,0,0,0,15,15,0,0,1,0,1,1,0,0,15,0,3,0,0,16,16,16,16
16,16,16,16,16,16,16,16,0,0,0,0,0,0,0,0,0,1,1,1,0,0,0,15,15,0,0,0,16,16,16,16
SpriteSpeccyBlock,15,4,4
2,0,1,3,0,0,2,0,0,2,0,0
7,0,0,7,0,0,7,0,0,7,0,1
7,0,0,4,0,0,4,0,1,4,0,1
7,0,1,7,0,0,7,0,0,7,0,0
SpriteAttribs,15,0,0,0
SpriteBitmapBlock,16,16,16
0,0,0,0,0,0,0,0,0,0,0,0,0,0,0,0
0,0,0,0,0,15,0,1,0,1,1,0,0,0,0,0
0,0,0,0,1,0,0,2,0,0,0,3,0,0,0,0
0,0,0,3,0,0,0,2,0,0,1,0,1,0,0,0
0,0,1,0,15,0,2,0,15,0,0,1,0,1,0,0
0,0,0,0,0,0,2,0,2,0,0,0,0,0,0,0
0,0,15,2,2,2,2,0,2,2,2,2,2,15,0,0
0,0,0,2,0,0,2,0,0,0,0,0,2,0,0,0
0,1,0,0,2,0,0,0,0,2,0,2,0,0,1,0
0,1,0,0,0,2,2,0,0,2,2,0,0,0,3,0
0,0,3,0,0,2,0,2,0,0,2,0,0,1,0,0
0,0,1,0,2,0,2,0,0,2,0,2,0,1,0,0
0,0,0,0,2,2,2,0,0,0,2,2,0,0,0,0
0,0,0,15,0,0,0,0,0,0,0,0,15,0,0,0
0,0,0,0,0,15,1,0,3,1,1,0,0,0,0,0
0,0,0,0,0,0,0,0,0,0,0,0,0,0,0,0
SpriteSpeccyBlock,16,2,2
2,0,1,3,0,1
3,0,1,2,0,1
SpriteAttribs,16,0,1,0
SpriteBitmapBlock,17,16,16
0,0,0,0,0,0,0,0,15,0,0,0,0,0,0,0
0,0,0,0,15,0,0,1,0,1,1,0,0,0,0,0
0,0,0,0,0,2,0,0,1,0,0,1,0,0,0,0
0,0,0,0,0,2,2,0,0,0,2,2,0,0,0,0
0,0,1,0,2,0,0,2,2,2,0,2,0,1,0,0
0,0,1,0,2,0,2,0,2,0,0,2,0,3,0,0
0,3,0,0,2,2,2,0,0,2,2,0,0,0,1,0
0,1,0,2,0,0,0,0,0,0,2,0,15,0,0,0
0,0,2,0,0,2,0,0,0,2,0,2,0,0,1,0
0,1,2,2,2,2,0,0,0,2,0,0,2,0,1,0
0,0,0,0,0,0,2,2,0,2,2,2,2,1,0,0
0,0,1,0,1,0,2,0,0,2,0,0,0,0,0,0
0,0,0,3,0,0,2,0,2,0,0,0,1,0,0,0
0,0,0,0,1,0,2,2,0,0,0,3,0,0,0,0
0,0,0,0,0,0,1,0,1,1,15,0,0,0,0,0
0,0,0,0,0,0,0,0,0,0,0,0,0,0,0,0
SpriteSpeccyBlock,17,2,2
2,0,1,3,0,1
3,0,1,2,0,1
SpriteAttribs,17,0,1,0
SpriteBitmapBlock,18,16,16
0,1,1,15,0,0,0,0,15,0,0,0,0,0,0,0
1,1,0,15,15,0,0,0,15,0,0,0,0,0,0,0
1,0,0,1,15,15,0,0,15,15,0,0,0,0,0,0
1,0,1,1,1,3,15,0,15,15,0,0,0,0,0,0
0,1,0,1,1,1,15,0,15,3,0,0,0,0,0,0
0,0,15,0,15,15,15,0,0,15,2,0,0,0,0,0
0,0,0,0,1,1,1,0,15,15,2,0,0,0,0,0
0,0,0,0,0,0,0,0,15,2,2,2,0,0,0,0
0,0,0,0,2,2,3,15,0,0,0,0,0,0,0,0
0,0,0,0,0,2,15,15,0,1,3,1,1,0,0,0
0,0,0,0,0,2,15,0,0,0,1,3,3,1,0,0
0,0,0,0,0,0,2,15,0,15,0,1,1,3,1,0
0,0,0,0,0,0,15,15,0,0,15,0,1,1,1,0
0,0,0,0,0,0,15,15,0,0,0,1,0,1,1,15
0,0,0,0,0,0,0,15,0,0,0,0,1,0,1,0
0,0,0,0,0,0,0,15,0,0,0,0,0,15,0,0
SpriteSpeccyBlock,18,2,2
6,0,1,4,0,1
4,0,1,6,0,1
SpriteAttribs,18,0,0,0
SpriteBitmapBlock,19,16,16
0,0,0,0,8,8,8,0,8,8,8,0,0,0,0,0
0,0,0,0,8,6,6,0,6,10,0,0,0,0,0,0
0,0,0,0,8,6,0,0,10,0,8,0,0,0,0,0
0,0,0,0,8,0,6,0,0,15,0,0,8,0,8,8
0,0,0,0,0,6,0,0,8,0,0,8,0,5,0,8
0,0,0,0,6,0,6,0,0,0,10,0,8,0,8,0
0,0,0,0,0,6,0,0,0,0,0,0,0,0,0,0
0,0,0,0,0,0,0,0,10,0,15,0,15,0,0,0
0,0,8,5,15,0,0,15,0,15,0,11,15,8,0,0
0,0,15,15,0,0,10,0,10,10,10,10,11,10,8,0
0,0,0,0,0,10,0,10,0,10,10,10,11,10,8,0
0,0,0,8,0,0,10,0,10,10,10,10,11,10,8,0
0,0,0,0,8,14,0,10,0,10,0,10,10,8,0,0
0,0,0,0,0,8,8,0,10,0,15,0,10,8,0,0
0,0,0,0,0,0,0,8,0,8,0,10,0,15,0,0
0,0,0,0,0,0,0,0,0,0,8,0,15,0,0,0
SpriteSpeccyBlock,19,2,2
3,0,1,3,0,1
2,0,0,2,0,1
SpriteAttribs,19,0,0,0
SpriteBitmapBlock,20,32,36
0,0,0,0,16,16,16,16,16,16,16,16,16,16,16,16,16,16,16,16,16,16,16,16,0,0,0,0,0,1,1,0,0,0,0,0
0,0,0,0,16,16,16,16,16,16,16,16,16,16,16,16,16,16,16,16,0,0,0,0,0,0,0,1,1,0,0,3,1,0,0,0
0,0,0,0,16,16,16,16,16,16,16,16,16,16,16,16,16,16,16,16,0,0,0,0,1,1,1,1,1,0,0,0,0,1,0,0
0,0,0,0,16,16,16,16,16,16,16,16,16,16,16,16,16,16,16,16,0,0,0,1,0,0,0,0,0,1,0,0,0,0,1,0
0,0,0,0,16,16,16,16,16,16,16,16,16,16,16,16,16,16,16,16,0,1,1,0,0,3,1,3,0,0,1,0,0,0,1,0
0,0,0,0,0,0,0,0,0,0,0,0,16,16,16,16,0,0,0,0,1,0,0,0,0,0,0,0,0,3,0,1,0,0,0,0
0,0,0,0,0,0,3,3,3,3,0,0,16,16,16,16,0,0,0,1,0,0,0,0,0,1,1,0,0,0,3,1,0,0,0,0
0,0,0,0,0,3,0,0,0,0,3,3,16,16,16,16,0,0,1,0,0,1,0,1,1,0,0,0,0,0,0,0,1,0,0,0
0,0,0,0,3,0,0,0,0,0,2,0,16,16,16,16,0,0,1,0,0,0,0,0,0,0,0,1,0,0,0,0,1,0,0,0
0,0,0,0,0,2,0,0,0,3,0,2,16,0,16,16,0,1,0,0,0,0,0,0,0,0,1,1,1,1,0,0,0,0,0,0
0,0,0,0,0,0,3,0,0,0,0,0,0,15,3,3,0,1,0,1,0,0,15,0,1,0,3,0,0,0,0,0,0,1,0,0
0,0,0,0,0,0,0,3,0,0,0,0,0,0,2,0,0,1,0,1,0,0,15,0,1,3,3,0,0,2,0,0,0,0,0,0
0,0,0,0,0,0,0,3,2,0,0,3,0,0,0,3,0,1,0,1,0,0,0,0,3,3,3,3,0,2,0,0,1,0,0,0
0,0,0,0,0,0,0,0,3,3,2,0,0,0,0,0,15,0,0,0,0,1,0,0,3,3,3,3,3,3,0,0,16,16,16,16
0,0,0,0,16,16,16,16,3,0,0,0,3,2,0,3,0,1,0,0,1,0,0,0,0,3,0,3,3,1,2,0,16,16,16,16
0,0,0,0,16,16,16,16,16,16,16,16,0,3,0,0,1,0,0,1,2,0,0,0,0,3,0,0,3,2,0,0,16,16,16,16
0,0,0,0,16,16,16,16,16,16,16,16,0,0,0,1,0,0,0,2,0,0,1,0,0,2,2,2,0,0,0,0,16,16,16,16
0,0,0,0,16,16,16,16,16,16,16,16,0,0,0,0,0,0,2,0,0,0,0,0,0,0,0,0,0,0,0,0,16,16,16,16
0,0,0,0,16,16,16,16,16,16,16,16,0,0,0,0,0,3,0,0,2,2,0,2,0,0,0,0,0,0,0,0,16,16,16,16
0,0,0,0,16,16,16,16,16,16,16,16,0,0,0,2,3,0,0,0,2,2,0,0,0,15,0,0,3,3,15,0,16,16,16,16
0,0,0,0,16,16,16,16,16,16,16,16,0,2,2,0,0,0,0,0,0,0,0,0,0,0,0,0,3,3,0,0,16,16,16,16
0,0,0,0,16,16,16,16,16,16,16,16,2,0,0,0,0,2,0,3,3,0,2,2,0,0,0,0,0,0,0,0,16,16,16,16
0,0,0,0,16,16,16,16,16,16,16,16,0,3,2,0,0,0,0,3,0,0,0,3,16,16,16,16,16,16,16,16,16,16,16,16
0,0,0,0,16,16,16,16,16,16,16,16,0,0,0,2,0,0,0,0,0,0,2,0,16,16,16,16,16,16,16,16,16,16,16,16
0,0,0,0,16,16,16,16,16,16,16,16,0,3,0,0,0,3,0,0,0,0,0,0,0,16,16,16,16,16,16,16,16,16,16,16
0,0,0,0,16,16,16,16,0,0,0,0,3,0,3,0,0,0,0,2,0,3,0,0,16,16,16,16,16,16,16,16,16,16,16,16
0,0,0,0,16,16,16,16,0,0,0,2,3,3,0,0,0,3,0,0,0,0,0,15,16,16,16,16,16,16,16,16,16,16,16,16
0,0,0,0,16,16,16,16,0,0,0,2,3,2,0,0,3,0,3,0,0,0,0,0,16,16,16,16,16,16,16,16,16,16,16,16
0,0,0,0,16,16,16,16,0,0,0,2,2,2,0,2,3,3,0,0,16,16,16,16,16,16,16,16,16,16,16,16,16,16,16,16
0,0,0,0,16,16,16,16,0,0,0,2,3,3,0,2,2,2,3,0,16,16,16,16,16,16,16,16,16,16,16,16,16,16,16,16
0,0,0,0,16,16,16,16,0,0,0,0,0,0,0,0,2,2,3,0,16,16,16,16,16,16,16,16,16,16,16,16,16,16,16,16
0,0,0,0,16,16,16,16,16,16,16,16,16,16,16,16,0,0,0,0,16,16,16,16,16,16,16,16,16,16,16,16,16,16,16,16
SpriteSpeccyBlock,20,4,5
7,0,0,7,0,0,3,0,0,3,0,0,3,0,0
7,0,0,7,0,0,3,0,0,7,0,1,3,0,0
7,0,1,5,0,1,5,0,1,7,0,1,0,0,0
5,0,0,5,0,0,5,0,0,7,0,0,7,0,0
SpriteAttribs,20,0,0,0
SpriteBitmapBlock,21,32,36
0,0,0,0,16,16,16,16,16,16,16,16,16,16,16,16,16,16,16,16,16,16,16,16,0,0,0,0,0,1,1,0,0,0,0,0
0,0,0,0,16,16,16,16,16,16,16,16,16,16,16,16,16,16,16,16,0,0,0,0,0,0,0,1,3,1,3,1,1,0,0,0
0,0,0,0,16,16,16,16,16,16,16,16,16,16,16,16,16,16,16,16,0,0,0,0,0,0,1,0,0,0,0,0,0,1,0,0
0,0,0,0,16,16,16,16,16,16,16,16,16,16,16,16,16,16,16,16,0,0,0,0,1,1,0,0,1,1,1,0,0,0,1,0
0,0,0,0,16,16,16,16,16,16,16,16,16,16,16,16,16,16,16,16,0,0,1,1,0,0,1,1,0,1,0,0,0,0,0,0
0,0,0,0,16,16,16,16,16,16,16,16,16,16,16,16,0,0,0,0,0,1,0,0,0,0,0,0,0,0,1,1,0,0,0,0
0,0,0,0,16,16,16,16,16,16,16,16,16,16,16,16,0,0,0,0,1,0,0,1,0,3,0,0,3,0,0,0,1,0,0,0
0,0,0,0,16,16,16,16,16,16,16,16,16,16,16,16,0,0,0,1,0,1,0,0,1,1,1,0,0,0,3,0,1,0,0,0
0,0,0,0,16,16,16,16,16,16,16,16,16,16,16,16,0,0,1,0,0,0,0,0,0,0,0,0,0,0,0,0,0,1,0,0
0,0,0,0,16,16,16,16,16,16,16,16,16,16,16,16,0,0,15,0,1,0,0,0,0,0,1,3,3,0,0,0,0,0,0,0
0,0,0,0,16,16,16,16,16,16,16,16,16,16,16,16,0,15,0,1,0,0,15,0,15,0,3,0,0,1,0,0,0,1,0,0
0,0,0,0,16,16,16,16,16,16,16,16,16,16,16,16,0,15,0,0,0,0,0,0,15,1,3,0,0,2,0,0,1,0,0,0
0,0,0,0,0,0,0,0,0,3,0,0,16,16,16,16,0,0,15,0,0,15,0,0,15,3,3,3,0,2,0,0,0,1,0,0
0,0,0,0,0,0,0,3,3,2,3,2,3,0,0,0,0,0,15,0,15,0,0,0,3,3,3,3,3,3,0,0,16,16,16,16
0,0,0,0,0,0,3,0,0,0,0,3,2,3,2,3,0,1,0,0,0,0,0,0,0,15,0,3,3,3,2,0,16,16,16,16
0,0,0,0,0,3,0,0,0,0,0,3,0,0,0,0,1,0,0,0,0,0,0,0,0,3,0,0,3,2,0,0,16,16,16,16
0,0,0,0,3,0,0,0,0,0,3,0,0,0,3,15,0,0,0,15,0,0,0,0,0,2,2,2,0,0,0,0,16,16,16,16
0,0,0,0,3,0,0,0,0,3,0,0,3,2,1,0,0,0,15,0,0,0,2,0,0,0,0,0,0,0,0,0,16,16,16,16
0,0,0,0,3,2,3,2,3,2,3,15,0,0,1,0,0,15,0,0,1,1,0,1,0,0,0,0,0,0,0,0,16,16,16,16
0,0,0,0,3,0,0,0,3,0,0,0,0,0,0,0,15,0,0,0,1,1,0,15,0,0,15,0,3,3,3,0,16,16,16,16
0,0,0,0,16,16,16,16,0,0,2,0,0,0,0,0,0,0,0,0,0,0,0,15,0,3,3,0,3,3,0,0,16,16,16,16
0,0,0,0,16,16,16,16,0,0,0,0,0,0,15,0,0,0,15,0,0,0,0,0,0,0,0,0,0,0,0,0,16,16,16,16
0,0,0,0,16,16,16,16,0,0,0,0,0,0,0,0,0,0,0,0,0,0,0,15,0,16,16,16,16,16,16,16,16,16,16,16
0,0,0,0,16,16,16,16,16,16,16,16,0,0,0,15,0,0,0,0,15,0,0,0,16,16,16,16,16,16,16,16,16,16,16,16
0,0,0,0,16,16,16,16,16,16,16,16,0,15,0,0,15,0,15,0,0,0,0,0,16,16,16,16,16,16,16,16,16,16,16,16
0,0,0,0,16,16,16,16,0,0,0,0,3,0,3,0,0,0,0,0,2,0,15,0,16,16,16,16,16,16,16,16,16,16,16,16
0,0,0,0,16,16,16,16,0,0,0,2,3,3,0,0,0,3,0,0,0,0,0,0,16,16,16,16,16,16,16,16,16,16,16,16
0,0,0,0,16,16,16,16,0,0,0,2,3,2,0,0,3,0,3,0,0,0,0,0,16,16,16,16,16,16,16,16,16,16,16,16
0,0,0,0,16,16,16,16,0,0,0,2,2,2,0,2,3,3,0,0,16,16,16,16,16,16,16,16,16,16,16,16,16,16,16,16
0,0,0,0,16,16,16,16,0,0,0,2,3,3,0,2,2,2,3,0,16,16,16,16,16,16,16,16,16,16,16,16,16,16,16,16
0,0,0,0,16,16,16,16,0,0,0,0,0,0,0,0,2,2,3,0,16,16,16,16,16,16,16,16,16,16,16,16,16,16,16,16
0,0,0,0,16,16,16,16,16,16,16,16,16,16,16,16,0,0,0,0,16,16,16,16,16,16,16,16,16,16,16,16,16,16,16,16
SpriteSpeccyBlock,21,4,5
7,0,0,3,0,1,3,0,0,3,0,0,3,0,0
7,0,0,7,0,0,3,0,0,7,0,1,3,0,0
7,0,0,7,0,0,5,0,1,7,0,1,0,0,0
5,0,0,5,0,0,5,0,0,7,0,0,7,0,0
SpriteAttribs,21,0,0,0
SpriteBitmapBlock,22,32,36
0,0,0,0,0,0,0,0,0,1,1,0,0,0,0,0,16,16,16,16,16,16,16,16,16,16,16,16,16,16,16,16,16,16,16,16
0,0,0,0,0,0,0,1,3,0,0,1,1,0,0,0,0,0,0,0,16,16,16,16,16,16,16,16,16,16,16,16,16,16,16,16
0,0,0,0,0,0,1,0,0,0,0,1,1,1,1,1,0,0,0,0,16,16,16,16,16,16,16,16,16,16,16,16,16,16,16,16
0,0,0,0,0,1,0,0,0,0,1,0,0,0,0,0,1,0,0,0,16,16,16,16,16,16,16,16,16,16,16,16,16,16,16,16
0,0,0,0,0,1,0,0,0,1,0,0,3,1,3,0,0,1,1,0,16,16,16,16,16,16,16,16,16,16,16,16,16,16,16,16
0,0,0,0,0,0,0,0,1,0,3,0,0,0,0,0,0,0,0,1,0,0,0,0,16,16,16,16,0,0,0,0,0,0,0,0
0,0,0,0,0,0,0,0,1,3,0,0,0,1,1,0,0,0,0,0,1,0,0,0,16,16,16,16,0,0,3,3,3,3,0,0
0,0,0,0,0,0,0,1,0,0,0,0,0,0,0,1,1,0,1,0,0,1,0,0,16,16,16,16,3,3,0,0,0,0,3,0
0,0,0,0,0,0,0,1,0,0,0,0,1,0,0,0,0,0,0,0,0,1,0,0,16,16,16,16,0,2,0,0,0,0,0,3
0,0,0,0,0,0,0,0,0,0,1,1,1,1,0,0,0,0,0,0,0,0,1,0,16,16,0,16,2,0,3,0,0,0,2,0
0,0,0,0,0,0,1,0,0,0,0,0,0,3,0,1,0,15,0,0,1,0,1,0,3,3,15,0,0,0,0,0,0,3,0,0
0,0,0,0,0,0,0,0,0,0,2,0,0,3,3,1,0,15,0,0,1,0,1,0,0,2,0,0,0,0,0,0,3,0,0,0
0,0,0,0,0,0,0,1,0,0,2,0,3,3,3,3,0,0,0,0,1,0,1,0,3,0,0,0,3,0,0,2,3,0,0,0
0,0,0,0,16,16,16,16,0,0,3,3,3,3,3,3,0,0,1,0,0,0,0,15,0,0,0,0,0,2,3,3,0,0,0,0
0,0,0,0,16,16,16,16,0,2,1,3,3,0,3,0,0,0,0,1,0,0,1,0,3,0,2,3,0,0,0,3,16,16,16,16
0,0,0,0,16,16,16,16,0,0,2,3,0,0,3,0,0,0,0,2,1,0,0,1,0,0,3,0,16,16,16,16,16,16,16,16
0,0,0,0,16,16,16,16,0,0,0,0,2,2,2,0,0,1,0,0,2,0,0,0,1,0,0,0,16,16,16,16,16,16,16,16
0,0,0,0,16,16,16,16,0,0,0,0,0,0,0,0,0,0,0,0,0,2,0,0,0,0,0,0,16,16,16,16,16,16,16,16
0,0,0,0,16,16,16,16,0,0,0,0,0,0,0,0,2,0,2,2,0,0,3,0,0,0,0,0,16,16,16,16,16,16,16,16
0,0,0,0,16,16,16,16,0,15,3,3,0,0,15,0,0,0,2,2,0,0,0,3,2,0,0,0,16,16,16,16,16,16,16,16
0,0,0,0,16,16,16,16,0,0,3,3,0,0,0,0,0,0,0,0,0,0,0,0,0,2,2,0,16,16,16,16,16,16,16,16
0,0,0,0,16,16,16,16,0,0,0,0,0,0,0,0,2,2,0,3,3,0,2,0,0,0,0,2,16,16,16,16,16,16,16,16
0,0,0,0,16,16,16,16,16,16,16,16,16,16,16,16,3,0,0,0,3,0,0,0,0,2,3,0,16,16,16,16,16,16,16,16
0,0,0,0,16,16,16,16,16,16,16,16,16,16,16,16,0,2,0,0,0,0,0,0,2,0,0,0,16,16,16,16,16,16,16,16
0,0,0,0,16,16,16,16,16,16,16,16,16,16,16,0,0,0,0,0,0,0,3,0,0,0,3,0,16,16,16,16,16,16,16,16
0,0,0,0,16,16,16,16,16,16,16,16,16,16,16,16,0,0,3,0,2,0,0,0,0,3,0,3,0,0,0,0,16,16,16,16
0,0,0,0,16,16,16,16,16,16,16,16,16,16,16,16,15,0,0,0,0,0,3,0,0,0,3,3,2,0,0,0,16,16,16,16
0,0,0,0,16,16,16,16,16,16,16,16,16,16,16,16,0,0,0,0,0,3,0,3,0,0,2,3,2,0,0,0,16,16,16,16
0,0,0,0,16,16,16,16,16,16,16,16,16,16,16,16,16,16,16,16,0,0,3,3,2,0,2,2,2,0,0,0,16,16,16,16
0,0,0,0,16,16,16,16,16,16,16,16,16,16,16,16,16,16,16,16,0,3,2,2,2,0,3,3,2,0,0,0,16,16,16,16
0,0,0,0,16,16,16,16,16,16,16,16,16,16,16,16,16,16,16,16,0,3,2,2,0,0,0,0,0,0,0,0,16,16,16,16
0,0,0,0,16,16,16,16,16,16,16,16,16,16,16,16,16,16,16,16,0,0,0,0,16,16,16,16,16,16,16,16,16,16,16,16
SpriteSpeccyBlock,22,4,5
3,0,0,3,0,0,3,0,0,7,0,0,7,0,0
3,0,0,7,0,1,3,0,0,7,0,0,7,0,0
7,0,1,7,0,1,5,0,1,5,0,1,0,0,0
7,0,0,7,0,0,5,0,0,5,0,0,0,0,0
SpriteAttribs,22,0,0,0
SpriteBitmapBlock,23,32,36
0,0,0,0,0,0,0,0,0,1,1,0,0,0,0,0,16,16,16,16,16,16,16,16,16,16,16,16,16,16,16,16,16,16,16,16
0,0,0,0,0,0,0,1,1,3,1,3,1,0,0,0,0,0,0,0,16,16,16,16,16,16,16,16,16,16,16,16,16,16,16,16
0,0,0,0,0,0,1,0,0,0,0,0,0,1,0,0,0,0,0,0,16,16,16,16,16,16,16,16,16,16,16,16,16,16,16,16
0,0,0,0,0,1,0,0,0,1,1,1,0,0,1,1,0,0,0,0,16,16,16,16,16,16,16,16,16,16,16,16,16,16,16,16
0,0,0,0,0,0,0,0,0,0,1,0,1,1,0,0,1,1,0,0,16,16,16,16,16,16,16,16,16,16,16,16,16,16,16,16
0,0,0,0,0,0,0,0,1,1,0,0,0,0,0,0,0,0,1,0,0,0,0,0,16,16,16,16,16,16,16,16,16,16,16,16
0,0,0,0,0,0,0,1,0,0,0,3,0,0,3,0,1,0,0,1,0,0,0,0,16,16,16,16,16,16,16,16,16,16,16,16
0,0,0,0,0,0,0,1,0,3,0,0,0,1,1,1,0,0,1,0,1,0,0,0,16,16,16,16,16,16,16,16,16,16,16,16
0,0,0,0,0,0,1,0,0,0,0,0,0,0,0,0,0,0,0,0,0,1,0,0,16,16,16,16,16,16,16,16,16,16,16,16
0,0,0,0,0,0,0,0,0,0,0,3,3,1,0,0,0,0,0,1,0,15,0,0,16,16,16,16,16,16,16,16,16,16,16,16
0,0,0,0,0,0,1,0,0,0,1,0,0,3,0,15,0,15,0,0,1,0,15,0,16,16,16,16,16,16,16,16,16,16,16,16
0,0,0,0,0,0,0,1,0,0,2,0,0,3,1,15,0,0,0,0,0,0,15,0,16,16,16,16,16,16,16,16,16,16,16,16
0,0,0,0,0,0,1,0,0,0,2,0,3,3,3,15,0,0,15,0,0,15,0,0,16,16,16,16,0,0,3,0,0,0,0,0
0,0,0,0,16,16,16,16,0,0,3,3,3,3,3,3,0,0,0,15,0,15,0,0,0,0,0,3,2,3,2,3,3,0,0,0
0,0,0,0,16,16,16,16,0,2,3,3,3,0,15,0,0,0,0,0,0,0,1,0,3,2,3,2,3,0,0,0,0,3,0,0
0,0,0,0,16,16,16,16,0,0,2,3,0,0,3,0,0,0,0,0,0,0,0,1,0,0,0,0,3,0,0,0,0,0,3,0
0,0,0,0,16,16,16,16,0,0,0,0,2,2,2,0,0,0,0,0,15,0,0,0,15,3,0,0,0,3,0,0,0,0,0,3
0,0,0,0,16,16,16,16,0,0,0,0,0,0,0,0,0,2,0,0,0,15,0,0,0,1,2,3,0,0,3,0,0,0,0,3
0,0,0,0,16,16,16,16,0,0,0,0,0,0,0,0,1,0,1,1,0,0,15,0,0,1,0,0,15,3,2,3,2,3,2,3
0,0,0,0,16,16,16,16,0,3,3,3,0,15,0,0,15,0,1,1,0,0,0,15,0,0,0,0,0,0,0,3,0,0,0,3
0,0,0,0,16,16,16,16,0,0,3,3,0,3,3,0,15,0,0,0,0,0,0,0,0,0,0,0,0,2,0,0,16,16,16,16
0,0,0,0,16,16,16,16,0,0,0,0,0,0,0,0,0,0,0,0,0,15,0,0,0,15,0,0,0,0,0,0,16,16,16,16
0,0,0,0,16,16,16,16,16,16,16,16,16,16,16,0,15,0,0,0,0,0,0,0,0,0,0,0,0,0,0,0,16,16,16,16
0,0,0,0,16,16,16,16,16,16,16,16,16,16,16,16,0,0,0,15,0,0,0,0,15,0,0,0,16,16,16,16,16,16,16,16
0,0,0,0,16,16,16,16,16,16,16,16,16,16,16,16,0,0,0,0,0,15,0,15,0,0,15,0,16,16,16,16,16,16,16,16
0,0,0,0,16,16,16,16,16,16,16,16,16,16,16,16,0,15,0,2,0,0,0,0,0,3,0,3,0,0,0,0,16,16,16,16
0,0,0,0,16,16,16,16,16,16,16,16,16,16,16,16,0,0,0,0,0,0,3,0,0,0,3,3,2,0,0,0,16,16,16,16
0,0,0,0,16,16,16,16,16,16,16,16,16,16,16,16,0,0,0,0,0,3,0,3,0,0,2,3,2,0,0,0,16,16,16,16
0,0,0,0,16,16,16,16,16,16,16,16,16,16,16,16,16,16,16,16,0,0,3,3,2,0,2,2,2,0,0,0,16,16,16,16
0,0,0,0,16,16,16,16,16,16,16,16,16,16,16,16,16,16,16,16,0,3,2,2,2,0,3,3,2,0,0,0,16,16,16,16
0,0,0,0,16,16,16,16,16,16,16,16,16,16,16,16,16,16,16,16,0,3,2,2,0,0,0,0,0,0,0,0,16,16,16,16
0,0,0,0,16,16,16,16,16,16,16,16,16,16,16,16,16,16,16,16,0,0,0,0,16,16,16,16,16,16,16,16,16,16,16,16
SpriteSpeccyBlock,23,4,5
3,0,0,3,0,0,3,0,0,7,0,0,7,0,0
3,0,0,7,0,1,3,0,0,7,0,0,7,0,0
7,0,0,7,0,1,5,0,1,7,0,0,7,0,0
7,0,0,7,0,0,5,0,0,5,0,0,0,0,0
SpriteAttribs,23,0,0,0
SpriteBitmapBlock,24,32,36
0,0,0,0,16,16,16,16,16,16,16,16,16,16,16,16,16,16,16,16,0,1,1,1,3,1,1,0,16,16,16,16,16,16,16,16
0,0,0,0,16,16,16,16,16,16,16,16,16,16,16,16,0,0,0,0,1,1,0,0,0,0,0,1,3,0,0,0,16,16,16,16
0,0,0,0,16,16,16,16,16,16,16,16,16,16,16,16,0,1,1,1,1,1,1,1,1,0,0,0,0,1,0,0,16,16,16,16
0,0,0,0,16,16,16,16,16,16,16,16,0,0,0,1,1,0,0,0,0,0,0,0,0,1,0,0,0,0,1,0,16,16,16,16
0,0,0,0,16,16,16,16,16,16,16,16,0,0,1,0,0,0,0,0,3,1,0,0,0,0,1,1,0,0,0,1,16,16,16,16
0,0,0,0,16,16,16,16,16,16,16,16,0,1,0,0,0,1,3,1,0,0,3,1,0,0,0,1,1,0,0,1,16,16,16,16
0,0,0,0,0,0,0,3,0,0,0,0,1,0,1,0,0,0,0,0,0,0,0,0,0,0,0,0,1,0,0,0,16,16,16,16
0,0,0,0,0,3,3,2,0,0,0,1,0,1,0,1,1,0,0,0,0,0,0,0,0,0,0,0,0,1,0,0,0,3,0,0
0,0,0,0,3,0,0,0,0,0,0,1,0,0,0,3,0,1,1,3,0,0,3,1,1,0,1,0,0,0,0,0,2,0,3,0
0,0,0,0,3,0,0,15,0,15,0,1,0,3,0,0,0,2,0,0,3,0,1,3,0,0,2,1,0,0,0,0,15,0,0,3
0,0,0,0,3,2,0,0,0,0,0,1,0,3,0,0,0,2,0,0,0,3,0,0,0,0,2,1,0,0,0,0,0,0,0,3
0,0,0,0,0,0,2,0,0,0,0,0,1,0,3,0,3,0,0,0,3,3,3,0,0,3,2,0,0,0,0,0,3,0,0,3
0,0,0,0,0,0,0,3,0,0,0,1,0,0,0,0,3,3,3,3,3,0,3,3,3,3,0,0,0,0,0,0,3,0,0,3
0,0,0,0,0,0,3,0,0,3,0,0,1,0,0,0,3,0,0,0,3,3,3,0,3,2,0,0,3,0,0,0,0,0,3,3
0,0,0,0,0,0,0,0,0,0,0,0,1,0,0,0,2,15,0,0,0,0,0,15,2,0,0,15,3,3,0,0,0,3,0,3
0,0,0,0,16,16,16,16,16,16,16,16,0,1,0,1,0,2,2,15,1,15,2,1,0,0,0,0,0,0,0,0,3,0,0,0
0,0,0,0,16,16,16,16,16,16,16,16,0,0,0,0,0,0,0,0,0,0,0,0,2,0,3,3,0,3,0,0,3,0,0,0
0,0,0,0,16,16,16,16,16,16,16,16,0,0,0,15,0,2,0,1,0,0,0,2,0,2,0,0,0,0,0,0,16,16,16,16
0,0,0,0,16,16,16,16,0,0,0,1,0,0,2,0,0,2,0,0,2,2,0,0,0,0,2,0,1,0,0,0,16,16,16,16
0,0,0,0,16,16,16,16,16,16,16,16,0,0,0,2,0,2,0,0,2,2,0,0,0,2,0,1,16,16,16,16,16,16,16,16
0,0,0,0,16,16,16,16,16,16,16,16,0,0,3,0,2,0,0,0,0,0,0,2,2,0,0,0,1,0,0,0,16,16,16,16
0,0,0,0,16,16,16,16,16,16,16,16,0,0,0,0,0,0,0,0,0,0,0,0,3,0,0,1,0,0,0,0,16,16,16,16
0,0,0,0,16,16,16,16,16,16,16,16,1,0,15,15,15,0,2,3,0,0,0,0,2,0,0,0,16,16,16,16,16,16,16,16
0,0,0,0,16,16,16,16,16,16,16,16,0,0,3,3,15,0,0,0,3,2,0,0,0,0,0,0,16,16,16,16,16,16,16,16
0,0,0,0,16,16,16,16,16,16,16,16,0,0,0,3,0,0,0,0,0,0,0,0,0,2,0,0,16,16,16,16,16,16,16,16
0,0,0,0,16,16,16,16,16,16,16,16,0,0,0,0,0,0,2,0,0,0,0,0,2,0,0,0,16,16,16,16,16,16,16,16
0,0,0,0,16,16,16,16,16,16,16,16,0,0,0,0,0,0,0,0,15,0,2,0,16,16,16,16,16,16,16,16,16,16,16,16
0,0,0,0,16,16,16,16,16,16,16,16,0,0,0,0,0,3,3,0,0,0,0,0,16,16,16,16,16,16,16,16,16,16,16,16
0,0,0,0,16,16,16,16,16,16,16,16,0,0,0,0,2,3,3,0,0,3,3,0,16,16,16,16,16,16,16,16,16,16,16,16
0,0,0,0,16,16,16,16,16,16,16,16,0,0,0,3,2,2,2,0,0,2,2,3,16,16,16,16,16,16,16,16,16,16,16,16
0,0,0,0,16,16,16,16,16,16,16,16,0,0,3,2,2,2,0,0,0,2,2,2,3,0,0,0,16,16,16,16,16,16,16,16
0,0,0,0,16,16,16,16,16,16,16,16,0,0,0,2,2,0,0,0,0,0,2,2,2,0,0,0,16,16,16,16,16,16,16,16
SpriteSpeccyBlock,24,4,5
7,0,0,3,0,1,3,0,1,3,0,1,0,0,0
7,0,0,3,0,1,7,0,1,7,0,1,7,0,0
7,0,0,5,0,1,5,0,1,5,0,1,0,0,0
7,0,1,5,0,0,5,0,0,5,0,0,0,0,0
SpriteAttribs,24,0,0,0
SpriteBitmapBlock,25,32,36
0,0,0,0,16,16,16,16,16,16,16,16,16,16,16,16,16,16,16,16,0,1,1,3,1,1,0,0,16,16,16,16,16,16,16,16
0,0,0,0,16,16,16,16,16,16,16,16,16,16,16,16,0,0,0,0,1,1,0,0,0,0,1,0,16,16,16,16,16,16,16,16
0,0,0,0,16,16,16,16,16,16,16,16,16,16,16,16,0,1,1,1,1,1,1,1,1,0,0,1,3,0,0,0,16,16,16,16
0,0,0,0,16,16,16,16,16,16,16,16,0,0,0,0,1,0,0,0,0,0,0,0,0,1,0,0,0,1,0,0,16,16,16,16
0,0,0,0,16,16,16,16,16,16,16,16,0,0,0,1,0,1,0,0,3,0,0,1,0,0,1,0,0,0,1,0,16,16,16,16
0,0,0,0,16,16,16,16,0,0,0,0,0,0,15,0,0,0,3,1,0,1,3,0,0,0,0,1,0,0,0,1,16,16,16,16
0,0,0,0,16,16,16,16,0,0,0,0,0,0,15,0,0,0,0,0,0,0,0,1,0,1,0,0,1,0,0,1,16,16,16,16
0,0,0,0,16,16,16,16,0,0,0,0,0,1,0,0,0,1,0,0,0,0,0,0,1,0,1,0,0,1,0,0,16,16,16,16
0,0,0,0,16,16,16,16,0,0,0,0,0,0,0,0,0,0,1,3,0,0,3,1,0,0,0,0,0,0,0,0,16,16,16,16
0,0,0,0,16,16,16,16,0,0,0,0,1,0,0,3,0,3,15,0,3,0,1,0,0,0,0,0,0,0,0,0,16,16,16,16
0,0,0,0,0,0,3,0,0,0,0,0,0,0,0,0,0,2,0,0,0,3,0,0,0,15,0,0,0,0,0,0,16,16,16,16
0,0,0,0,0,0,3,3,0,0,15,0,1,0,3,0,15,0,0,0,3,3,3,0,15,15,0,0,0,0,0,3,0,0,3,0
0,0,0,0,0,3,0,0,0,0,0,0,1,0,0,0,15,3,3,3,3,0,3,3,3,3,0,0,0,0,0,0,3,2,3,0
0,0,0,0,3,0,0,0,0,15,0,0,0,15,0,0,3,0,0,15,3,3,3,3,3,0,0,0,0,15,0,15,0,0,3,0
0,0,0,0,3,0,0,0,0,0,0,0,0,0,0,0,1,0,0,0,0,3,3,3,0,0,0,15,15,0,0,0,0,0,0,3
0,0,0,0,3,0,0,0,0,0,15,0,0,1,0,1,0,1,2,2,2,3,0,0,0,0,3,15,15,0,0,3,0,0,0,3
0,0,0,0,3,0,3,0,3,0,0,0,0,0,0,2,0,0,0,0,0,0,0,0,15,0,0,0,0,0,0,3,2,3,2,3
0,0,0,0,3,2,0,2,3,2,3,0,0,0,0,0,0,0,0,1,0,0,0,0,0,0,15,0,0,2,3,3,0,0,0,3
0,0,0,0,3,0,0,0,3,0,0,0,0,15,0,0,0,2,0,0,1,1,0,0,0,0,0,0,3,0,0,3,16,16,16,16
0,0,0,0,16,16,16,16,0,0,0,0,0,0,0,0,0,0,0,0,1,1,0,0,0,0,2,0,16,16,16,16,16,16,16,16
0,0,0,0,16,16,16,16,0,0,0,0,15,0,0,0,15,0,0,0,0,0,0,2,0,2,0,1,16,16,16,16,16,16,16,16
0,0,0,0,16,16,16,16,16,16,16,0,0,0,15,0,0,0,0,0,0,0,0,0,3,0,0,0,16,16,16,16,16,16,16,16
0,0,0,0,16,16,16,16,16,16,16,16,0,15,15,0,0,0,15,0,0,0,0,0,0,0,1,0,16,16,16,16,16,16,16,16
0,0,0,0,16,16,16,16,16,16,16,16,0,3,3,0,0,0,0,0,15,0,0,15,0,0,0,0,16,16,16,16,16,16,16,16
0,0,0,0,16,16,16,16,16,16,16,16,0,0,0,15,0,0,0,0,0,0,0,0,0,2,0,0,16,16,16,16,16,16,16,16
0,0,0,0,16,16,16,16,16,16,16,16,0,0,0,0,0,3,0,0,0,0,0,3,0,0,0,0,16,16,16,16,16,16,16,16
0,0,0,0,16,16,16,16,16,16,16,16,0,0,0,0,0,0,0,2,0,15,0,0,2,0,0,0,16,16,16,16,16,16,16,16
0,0,0,0,16,16,16,16,16,16,16,16,16,16,16,16,0,3,0,0,0,0,0,0,16,16,16,16,16,16,16,16,16,16,16,16
0,0,0,0,16,16,16,16,16,16,16,16,0,0,0,0,2,3,3,0,0,3,3,0,16,16,16,16,16,16,16,16,16,16,16,16
0,0,0,0,16,16,16,16,16,16,16,16,0,0,3,3,2,2,2,0,0,2,2,3,3,0,0,0,16,16,16,16,16,16,16,16
0,0,0,0,16,16,16,16,16,16,16,16,0,0,2,2,2,2,0,0,0,0,2,2,2,0,0,0,16,16,16,16,16,16,16,16
0,0,0,0,16,16,16,16,16,16,16,16,0,0,0,2,0,0,0,0,0,0,0,2,16,16,16,16,16,16,16,16,16,16,16,16
SpriteSpeccyBlock,25,4,5
3,0,1,3,0,1,3,0,1,3,0,1,0,0,0
7,0,0,3,0,1,7,0,1,7,0,1,7,0,0
7,0,0,7,0,0,5,0,1,7,0,0,7,0,0
5,0,0,5,0,0,5,0,0,5,0,0,0,0,0
SpriteAttribs,25,0,0,0
SpriteBitmapBlock,26,32,36
0,0,0,0,16,16,16,16,16,16,16,16,0,0,1,1,3,1,1,0,16,16,16,16,16,16,16,16,16,16,16,16,16,16,16,16
0,0,0,0,16,16,16,16,16,16,16,16,0,1,0,0,0,0,1,1,0,0,0,0,16,16,16,16,16,16,16,16,16,16,16,16
0,0,0,0,16,16,16,16,0,0,0,3,1,0,0,1,1,1,1,1,1,1,1,0,16,16,16,16,16,16,16,16,16,16,16,16
0,0,0,0,16,16,16,16,0,0,1,0,0,0,1,0,0,0,0,0,0,0,0,1,16,16,16,16,16,16,16,16,16,16,16,16
0,0,0,0,16,16,16,16,0,1,0,0,0,1,0,0,1,0,0,0,0,0,1,0,1,1,0,0,16,16,16,16,16,16,16,16
0,0,0,0,16,16,16,16,1,0,0,0,1,0,0,0,0,0,0,0,0,0,0,0,0,0,1,0,16,16,16,16,16,16,16,16
0,0,0,0,16,16,16,16,1,0,0,1,0,0,0,0,0,0,0,0,0,1,0,0,1,0,0,1,0,0,0,0,16,16,16,16
0,0,0,0,16,16,16,16,0,0,0,0,0,1,0,0,0,0,0,0,1,0,0,0,0,0,1,0,1,0,0,0,16,16,16,16
0,0,0,0,16,16,16,16,0,0,0,0,0,0,0,0,0,0,15,0,0,1,0,15,0,0,0,0,0,0,0,0,16,16,16,16
0,0,0,0,16,16,16,16,0,0,0,1,0,0,0,0,0,0,0,0,0,0,0,0,0,0,0,0,0,0,0,0,16,16,16,16
0,0,0,0,16,16,16,16,0,0,1,0,0,0,0,0,0,0,0,0,0,0,0,0,0,0,0,0,1,0,3,0,0,3,0,0
0,0,0,0,0,3,0,0,3,0,0,0,0,0,0,0,1,0,0,0,0,0,0,1,0,0,0,0,0,3,3,2,3,3,0,0
0,0,0,0,0,3,2,3,3,3,2,0,0,0,0,0,0,0,0,15,0,0,0,0,0,0,0,0,3,0,3,0,0,0,3,0
0,0,0,0,0,2,0,0,3,0,0,2,0,0,0,0,0,0,0,0,0,0,0,1,0,0,3,2,0,0,3,0,3,0,0,3
0,0,0,0,3,0,0,0,3,0,0,0,2,3,0,0,0,1,0,0,0,0,0,0,0,2,0,0,0,0,3,0,3,0,0,3
0,0,0,0,3,0,0,0,3,0,0,2,0,0,2,0,0,0,0,1,0,1,0,0,3,0,0,0,0,0,3,0,0,0,0,3
0,0,0,0,3,2,3,2,3,0,0,0,0,0,0,2,0,0,0,0,0,0,0,0,0,0,2,0,0,0,0,3,0,3,0,3
0,0,0,0,3,0,0,0,3,3,2,0,0,0,0,3,0,0,0,0,0,0,0,3,0,0,0,0,0,3,2,3,2,0,2,3
0,0,0,0,16,16,16,16,3,0,0,2,3,2,3,0,0,0,0,0,2,2,0,0,0,15,0,2,3,0,0,3,0,0,0,3
0,0,0,0,16,16,16,16,16,16,16,16,0,0,0,0,0,15,0,0,2,2,0,0,0,0,0,0,0,0,0,0,16,16,16,16
0,0,0,0,16,16,16,16,0,0,0,0,0,15,0,0,0,0,0,0,0,0,1,0,1,0,0,0,1,0,0,0,16,16,16,16
0,0,0,0,16,16,16,16,16,16,16,16,0,0,15,0,1,0,0,0,0,0,0,0,0,0,0,0,16,16,16,16,16,16,16,16
0,0,0,0,16,16,16,16,16,16,16,16,0,1,15,0,0,0,1,0,0,0,0,0,0,1,0,0,16,16,16,16,16,16,16,16
0,0,0,0,16,16,16,16,16,16,16,16,0,2,1,0,1,0,0,1,1,0,0,0,0,0,0,0,16,16,16,16,16,16,16,16
0,0,0,0,16,16,16,16,16,16,16,16,0,0,0,0,0,0,0,0,0,0,0,0,0,15,0,0,16,16,16,16,16,16,16,16
0,0,0,0,16,16,16,16,16,16,16,16,0,0,2,0,0,0,0,0,0,0,0,3,0,0,0,0,16,16,16,16,16,16,16,16
0,0,0,0,16,16,16,16,16,16,16,16,0,0,0,2,0,15,0,2,0,2,0,0,16,16,16,16,16,16,16,16,16,16,16,16
0,0,0,0,16,16,16,16,16,16,16,16,16,16,16,16,0,0,0,0,0,0,0,0,16,16,16,16,16,16,16,16,16,16,16,16
0,0,0,0,16,16,16,16,16,16,16,16,16,16,16,16,0,0,15,0,0,0,3,0,16,16,16,16,16,16,16,16,16,16,16,16
0,0,0,0,16,16,16,16,16,16,16,16,16,16,16,16,0,3,3,0,0,3,3,2,16,16,16,16,16,16,16,16,16,16,16,16
0,0,0,0,16,16,16,16,16,16,16,16,16,16,16,16,2,2,2,2,0,2,2,2,2,0,0,0,16,16,16,16,16,16,16,16
0,0,0,0,16,16,16,16,16,16,16,16,0,0,0,2,2,2,2,0,0,0,2,2,2,2,0,0,16,16,16,16,16,16,16,16
SpriteSpeccyBlock,26,4,5
3,0,1,3,0,1,3,0,1,3,0,1,7,0,0
7,0,0,7,0,0,3,0,1,7,0,0,7,0,0
7,0,0,7,0,0,5,0,1,7,0,0,7,0,0
7,0,1,5,0,0,5,0,0,5,0,0,0,0,0
SpriteAttribs,26,0,0,0
SpriteBitmapBlock,27,32,36
0,0,0,0,16,16,16,16,16,16,16,16,0,1,1,3,1,1,1,0,16,16,16,16,16,16,16,16,16,16,16,16,16,16,16,16
0,0,0,0,16,16,16,16,0,0,0,3,1,0,0,0,0,0,1,1,0,0,0,0,16,16,16,16,16,16,16,16,16,16,16,16
0,0,0,0,16,16,16,16,0,0,1,0,0,0,0,1,1,1,1,1,1,1,1,0,16,16,16,16,16,16,16,16,16,16,16,16
0,0,0,0,16,16,16,16,0,1,0,0,0,0,1,0,0,0,0,0,0,0,0,1,0,0,1,0,16,16,16,16,16,16,16,16
0,0,0,0,16,16,16,16,1,0,0,0,1,1,0,0,0,0,0,0,0,0,0,0,0,15,0,0,16,16,16,16,16,16,16,16
0,0,0,0,16,16,16,16,1,0,0,1,1,0,0,0,1,0,0,0,0,0,1,0,0,0,1,0,16,16,16,16,16,16,16,16
0,0,0,0,16,16,16,16,0,0,0,1,0,0,0,0,0,0,0,0,0,0,0,0,0,1,0,1,16,16,16,0,0,2,0,0
0,0,0,0,0,0,3,0,0,0,1,0,0,1,0,0,0,0,0,0,1,0,0,0,0,0,1,0,0,0,0,0,3,0,3,0
0,0,0,0,0,3,0,2,0,0,0,1,0,0,0,0,0,0,0,0,1,1,1,0,0,0,0,0,0,0,3,0,0,0,0,3
0,0,0,0,3,0,0,15,0,0,1,0,0,0,0,1,0,0,0,0,0,1,0,0,0,0,0,0,3,2,0,0,0,0,0,3
0,0,0,0,3,0,0,0,0,15,0,0,0,0,0,1,0,0,0,0,0,0,0,0,0,0,0,2,0,15,0,0,0,0,2,3
0,0,0,0,3,0,0,3,0,0,3,0,0,0,0,1,0,0,0,0,0,0,0,1,0,0,3,0,0,0,3,0,3,2,0,2
0,0,0,0,3,0,15,0,0,0,0,2,3,0,0,0,0,0,0,0,0,0,0,0,0,2,0,0,0,0,0,3,0,0,0,0
0,0,0,0,3,2,0,0,0,0,0,0,0,2,0,0,0,1,0,0,0,0,1,0,0,0,0,0,0,0,3,0,3,0,0,0
0,0,0,0,3,0,15,0,0,0,2,0,0,0,3,0,0,1,0,1,0,0,0,0,15,0,0,0,15,0,0,0,0,0,0,0
0,0,0,0,0,0,0,3,15,0,0,0,0,0,0,2,0,0,0,1,0,1,0,0,0,0,15,0,0,0,0,0,0,0,16,16
0,0,0,0,0,0,0,0,0,0,0,0,0,0,15,0,15,0,0,0,0,0,0,15,0,0,0,0,16,16,16,16,16,16,16,16
0,0,0,0,16,16,16,16,0,0,0,0,0,0,0,0,0,0,0,0,0,0,0,15,0,15,0,0,16,16,16,16,16,16,16,16
0,0,0,0,16,16,16,16,16,16,16,16,15,0,0,15,0,0,0,0,1,1,0,0,0,0,0,0,0,0,0,0,16,16,16,16
0,0,0,0,16,16,16,16,16,16,16,16,0,0,0,0,15,0,0,0,1,1,0,0,15,0,0,0,0,0,0,0,16,16,16,16
0,0,0,0,16,16,16,16,0,0,0,1,0,0,15,0,0,0,0,0,0,0,0,0,15,0,0,0,16,16,16,16,16,16,16,16
0,0,0,0,16,16,16,16,16,16,16,15,1,0,0,0,0,0,15,0,0,0,0,0,0,0,0,0,16,16,16,16,16,16,16,16
0,0,0,0,16,16,16,16,16,16,16,15,0,0,0,0,0,0,0,0,0,0,0,0,0,1,0,0,16,16,16,16,16,16,16,16
0,0,0,0,16,16,16,16,16,16,16,16,0,15,0,0,0,0,15,0,0,0,0,0,1,0,0,0,16,16,16,16,16,16,16,16
0,0,0,0,16,16,16,16,16,16,16,16,0,0,0,0,0,0,0,0,0,0,0,0,0,2,0,0,16,16,16,16,16,16,16,16
0,0,0,0,16,16,16,16,16,16,16,16,0,0,0,2,0,0,0,0,0,0,0,3,0,0,0,0,16,16,16,16,16,16,16,16
0,0,0,0,16,16,16,16,16,16,16,16,16,16,16,16,0,2,0,2,0,2,0,0,16,16,16,16,16,16,16,16,16,16,16,16
0,0,0,0,16,16,16,16,16,16,16,16,16,16,16,16,0,0,0,0,0,0,0,0,16,16,16,16,16,16,16,16,16,16,16,16
0,0,0,0,16,16,16,16,16,16,16,16,16,16,16,16,0,3,0,0,0,0,0,0,16,16,16,16,16,16,16,16,16,16,16,16
0,0,0,0,16,16,16,16,16,16,16,16,16,16,16,16,0,3,3,0,0,3,3,0,0,0,0,0,16,16,16,16,16,16,16,16
0,0,0,0,16,16,16,16,16,16,16,16,16,16,16,16,2,2,2,2,0,2,2,2,0,0,0,0,16,16,16,16,16,16,16,16
0,0,0,0,16,16,16,16,16,16,16,16,16,16,16,16,2,2,2,2,0,2,2,2,2,0,0,0,16,16,16,16,16,16,16,16
SpriteSpeccyBlock,27,4,5
7,0,0,3,0,1,3,0,1,3,0,1,7,0,0
7,0,0,3,0,1,3,0,1,7,0,0,7,0,0
5,0,1,5,0,1,5,0,1,5,0,1,0,0,0
7,0,1,5,0,0,5,0,0,5,0,0,0,0,0
SpriteAttribs,27,0,0,0
SpriteBitmapBlock,28,32,36
0,0,0,0,16,16,16,16,16,16,16,16,16,16,16,16,16,16,16,16,0,0,0,0,1,1,1,0,0,0,0,0,0,0,0,0
0,0,0,0,16,16,16,16,16,16,16,16,16,16,16,16,16,16,16,16,16,16,16,16,0,0,1,1,1,0,1,1,1,0,0,0
0,0,0,0,16,16,16,16,16,16,16,16,16,16,16,16,16,16,16,16,16,16,16,16,0,0,0,0,0,1,0,0,1,15,15,0
0,0,0,0,16,16,16,16,16,16,16,16,16,16,16,16,16,16,16,16,0,0,2,2,2,2,0,3,1,0,0,0,16,16,16,0
0,0,0,0,16,16,16,16,16,16,16,16,16,16,16,16,0,0,0,0,2,2,2,2,2,0,3,3,3,3,0,0,16,16,16,16
0,0,0,0,16,16,16,16,16,16,16,16,16,16,16,16,0,0,0,1,0,1,0,1,0,3,3,3,3,0,2,0,16,16,16,16
0,0,0,0,16,16,16,16,16,16,16,16,16,16,16,16,0,0,3,0,1,0,1,0,1,0,3,3,0,2,2,2,16,16,16,16
0,0,0,0,16,16,16,16,16,16,16,16,0,0,0,0,0,0,0,0,0,0,0,0,0,0,0,1,0,1,0,1,0,0,0,0
0,0,0,0,16,16,16,16,16,16,16,16,16,16,16,16,0,3,3,0,0,0,2,2,2,0,0,0,0,0,0,0,0,0,0,0
0,0,0,0,16,16,16,16,16,16,16,16,0,1,0,0,0,3,0,1,3,3,0,0,2,2,2,15,0,0,0,0,0,0,0,0
0,0,0,0,16,16,16,16,0,0,0,1,3,3,0,0,0,0,1,0,1,3,3,3,0,0,0,2,2,2,0,0,0,0,0,0
0,0,0,0,16,16,16,16,0,0,1,3,3,0,0,0,0,0,1,1,3,1,1,1,1,3,1,0,0,2,2,0,0,0,0,0
0,0,0,0,16,16,16,16,0,1,3,3,0,1,1,0,0,0,0,1,1,1,0,0,1,1,0,2,2,0,2,2,0,0,0,0
0,0,0,0,16,16,16,16,16,16,16,16,1,1,1,1,1,0,0,1,1,3,0,3,1,0,2,2,0,2,0,2,2,0,0,0
0,0,0,0,16,16,16,16,16,16,16,16,0,0,1,0,0,2,2,0,1,0,0,1,1,0,2,0,2,0,0,2,2,2,0,0
0,0,0,0,16,16,16,16,16,16,16,16,0,0,0,2,2,2,2,0,0,1,0,0,1,1,0,3,0,0,0,0,0,2,0,0
0,0,0,0,16,16,16,16,16,16,16,16,0,0,0,0,0,0,0,1,1,0,1,3,0,0,0,0,16,16,16,16,16,16,16,16
0,0,0,0,16,16,16,16,16,16,16,16,0,0,15,0,2,0,1,0,0,0,0,0,0,0,0,0,16,16,16,16,16,16,16,16
0,0,0,0,16,16,16,16,0,0,0,3,3,0,0,15,0,1,1,0,2,2,0,0,16,0,16,16,0,0,1,3,1,0,0,0
0,0,0,0,16,16,16,16,0,3,3,3,0,3,0,0,0,1,0,0,2,2,0,1,0,15,0,0,0,1,3,1,3,3,3,0
0,0,0,0,16,16,16,0,3,3,3,3,3,0,3,0,1,0,0,15,0,0,0,2,0,15,3,0,0,3,1,3,1,0,0,0
0,0,0,0,1,1,0,0,0,3,3,3,3,3,3,3,0,0,3,0,3,0,0,0,15,0,15,0,15,1,3,1,3,3,3,3
0,0,0,0,0,1,1,0,0,0,3,3,3,3,3,0,3,0,3,0,3,2,2,2,0,1,0,0,3,3,1,3,1,0,0,0
0,0,0,0,1,1,1,3,0,0,0,3,0,3,3,3,0,0,0,3,16,16,16,16,16,16,16,16,0,1,3,1,3,3,3,0
0,0,0,0,0,1,0,1,1,1,0,0,0,0,0,0,16,16,16,16,16,16,16,16,16,16,16,16,0,0,1,3,1,0,0,0
0,0,0,0,0,0,1,0,1,0,0,0,0,3,3,0,16,16,16,16,16,16,16,16,16,16,16,16,16,16,16,16,16,16,16,16
0,0,0,0,16,16,16,16,0,0,0,1,1,0,3,0,16,16,16,16,16,16,16,16,16,16,16,16,16,16,16,16,16,16,16,16
0,0,0,0,16,16,16,16,0,0,1,0,1,1,0,0,16,16,16,16,16,16,16,16,16,16,16,16,16,16,16,16,16,16,16,16
0,0,0,0,16,16,16,16,0,1,1,1,16,16,16,16,16,16,16,16,16,16,16,16,16,16,16,16,16,16,16,16,16,16,16,16
0,0,0,0,16,16,16,16,0,0,1,1,1,1,0,0,16,16,16,16,16,16,16,16,16,16,16,16,16,16,16,16,16,16,16,16
0,0,0,0,16,16,16,16,0,0,0,1,1,1,0,0,16,16,16,16,16,16,16,16,16,16,16,16,16,16,16,16,16,16,16,16
0,0,0,0,16,16,16,16,16,16,16,16,16,16,16,16,16,16,16,16,16,16,16,16,16,16,16,16,16,16,16,16,16,16,16,16
SpriteSpeccyBlock,28,4,5
7,0,0,7,0,0,2,0,0,3,0,0,3,0,0
7,0,0,7,0,0,7,0,0,7,0,0,7,0,0
7,0,0,4,0,1,7,0,0,7,0,1,7,0,1
7,0,0,7,0,0,7,0,0,7,0,0,0,0,0
SpriteAttribs,28,0,0,0
SpriteBitmapBlock,29,32,36
0,0,0,0,16,16,16,16,16,16,16,16,16,16,16,16,16,16,16,16,16,16,16,16,16,16,16,16,16,16,16,16,16,16,16,16
0,0,0,0,16,16,16,16,16,16,16,16,16,16,16,16,16,16,16,16,16,16,16,16,0,0,0,0,1,1,1,0,16,16,16,16
0,0,0,0,16,16,16,16,16,16,16,16,16,16,16,16,16,16,16,16,16,16,16,16,16,16,16,16,0,1,0,0,16,16,16,16
0,0,0,0,16,16,16,16,16,16,16,16,16,16,16,16,16,16,16,16,0,0,2,2,0,2,2,3,1,1,0,0,16,16,16,16
0,0,0,0,16,16,16,16,16,16,16,16,16,16,16,16,0,0,0,0,2,2,2,0,15,0,3,3,3,3,2,0,16,16,16,16
0,0,0,0,16,16,16,16,16,16,16,16,16,16,16,16,0,0,0,1,0,1,0,1,0,3,3,3,3,15,0,2,16,16,16,16
0,0,0,0,16,16,16,16,16,16,16,16,16,16,16,16,0,0,2,0,1,0,1,0,1,0,3,3,3,0,15,0,0,16,16,16
0,0,0,0,16,16,16,16,16,16,16,16,0,0,0,0,0,0,0,0,0,0,3,2,0,15,0,1,0,15,0,15,0,0,0,0
0,0,0,0,16,16,16,16,16,16,16,16,0,0,2,1,0,3,3,15,0,0,0,0,0,0,0,0,0,0,0,0,0,3,0,0
0,0,0,0,16,16,16,16,16,16,16,16,0,1,3,3,0,0,15,0,0,3,0,2,2,2,0,0,0,0,0,0,15,15,0,0
0,0,0,0,16,16,16,16,0,0,0,0,1,3,3,0,0,0,0,0,1,3,3,0,0,2,2,2,2,0,0,0,3,0,0,0
0,0,0,0,16,16,16,16,0,0,0,1,3,3,1,1,0,0,1,1,1,3,1,3,1,0,0,0,0,2,2,0,0,0,0,0
0,0,0,0,16,16,16,16,16,16,16,16,0,0,1,1,0,0,0,1,1,1,0,0,0,1,1,2,2,0,2,2,2,1,2,3
0,0,0,0,16,16,16,16,16,16,16,16,0,0,1,1,1,0,0,1,1,3,0,0,3,1,2,2,0,2,0,2,2,2,0,0
0,0,0,0,16,16,16,16,16,16,16,16,0,0,0,0,0,2,2,0,1,0,0,0,0,1,2,0,2,0,0,0,0,2,2,0
0,0,0,0,16,16,16,16,16,16,16,0,0,15,15,2,2,2,0,0,0,1,0,0,15,0,1,1,1,0,0,0,0,0,0,0
0,0,0,0,16,16,16,16,16,16,16,16,0,0,0,0,0,0,0,1,1,0,1,3,0,0,0,0,16,16,16,16,16,16,16,16
0,0,0,0,16,16,16,16,16,16,16,16,0,0,0,2,0,0,1,1,0,0,0,0,0,0,0,0,16,16,16,16,16,16,16,16
0,0,0,0,16,16,16,16,0,0,0,0,3,0,3,0,0,1,1,0,1,1,0,0,16,16,16,16,0,0,0,0,16,16,16,16
0,0,0,0,0,0,0,0,3,3,3,3,0,3,0,1,0,1,0,0,1,1,0,1,0,0,0,0,0,0,1,3,1,0,0,0
0,0,0,0,0,1,1,0,3,3,3,3,3,3,3,0,0,0,0,3,0,0,0,1,0,0,0,0,0,1,3,1,3,3,3,0
0,0,0,0,1,1,1,0,3,3,3,3,3,3,0,3,0,0,3,0,3,0,0,0,15,15,0,0,2,3,1,3,1,0,0,0
0,0,0,0,1,1,0,1,0,3,3,3,3,3,3,3,0,0,3,0,3,15,15,0,3,3,0,0,0,1,3,1,3,3,3,3
0,0,0,0,1,1,0,1,0,0,3,0,0,3,3,3,0,0,3,0,3,0,0,0,15,0,0,0,2,3,1,3,1,0,0,0
0,0,0,0,0,1,1,0,0,0,0,0,0,0,0,0,0,0,0,3,0,0,0,0,0,0,0,0,0,1,3,1,3,3,3,0
0,0,0,0,16,16,16,16,16,16,16,16,0,15,15,0,16,16,16,16,16,16,16,16,16,16,16,16,0,0,1,3,1,0,0,0
0,0,0,0,16,16,16,16,16,16,16,16,1,0,0,0,16,16,16,16,16,16,16,16,16,16,16,16,16,16,16,16,16,16,16,16
0,0,0,0,16,16,16,16,16,16,16,16,1,1,1,0,16,16,16,16,16,16,16,16,16,16,16,16,16,16,16,16,16,16,16,16
0,0,0,0,16,16,16,16,16,16,16,16,0,1,0,3,16,16,16,16,16,16,16,16,16,16,16,16,16,16,16,16,16,16,16,16
0,0,0,0,16,16,16,16,16,16,16,16,1,0,1,1,16,16,16,16,16,16,16,16,16,16,16,16,16,16,16,16,16,16,16,16
0,0,0,0,16,16,16,16,16,16,16,16,0,1,1,0,16,16,16,16,16,16,16,16,16,16,16,16,16,16,16,16,16,16,16,16
0,0,0,0,16,16,16,16,16,16,16,16,16,16,16,16,16,16,16,16,16,16,16,16,16,16,16,16,16,16,16,16,16,16,16,16
SpriteSpeccyBlock,29,4,5
7,0,0,7,0,0,2,0,0,3,0,0,2,0,1
7,0,0,7,0,0,7,0,0,7,0,0,7,0,0
7,0,0,4,0,1,7,0,0,7,0,1,7,0,1
7,0,0,7,0,0,7,0,0,7,0,0,7,0,0
SpriteAttribs,29,0,0,0
SpriteBitmapBlock,30,32,36
0,0,0,0,0,0,0,0,0,0,0,0,0,1,1,1,0,0,0,0,16,16,16,16,16,16,16,16,16,16,16,16,16,16,16,16
0,0,0,0,0,0,0,1,1,1,0,1,1,1,0,0,16,16,16,16,16,16,16,16,16,16,16,16,16,16,16,16,16,16,16,16
0,0,0,0,0,15,15,1,0,0,1,0,0,0,0,0,16,16,16,16,16,16,16,16,16,16,16,16,16,16,16,16,16,16,16,16
0,0,0,0,0,16,16,16,0,0,0,1,3,0,2,2,2,2,0,0,16,16,16,16,16,16,16,16,16,16,16,16,16,16,16,16
0,0,0,0,16,16,16,16,0,0,3,3,3,3,0,2,2,2,2,2,0,0,0,0,16,16,16,16,16,16,16,16,16,16,16,16
0,0,0,0,16,16,16,16,0,2,0,3,3,3,3,0,1,0,1,0,1,0,0,0,16,16,16,16,16,16,16,16,16,16,16,16
0,0,0,0,16,16,16,16,2,2,2,0,3,3,0,1,0,1,0,1,0,3,0,0,16,16,16,16,16,16,16,16,16,16,16,16
0,0,0,0,0,0,0,0,1,0,1,0,1,0,0,0,0,0,0,0,0,0,0,0,0,0,0,0,16,16,16,16,16,16,16,16
0,0,0,0,0,0,0,0,0,15,0,0,0,0,0,2,2,2,0,0,0,3,3,0,16,16,16,16,16,16,16,16,16,16,16,16
0,0,0,0,0,0,0,0,0,0,0,0,15,2,2,2,0,0,3,3,1,0,3,0,0,0,1,0,16,16,16,16,16,16,16,16
0,0,0,0,0,0,0,0,0,0,2,2,2,0,0,0,3,3,3,1,0,1,0,0,0,0,3,3,1,0,0,0,16,16,16,16
0,0,0,0,0,0,0,0,0,2,2,0,0,1,3,1,1,1,1,3,1,1,0,0,0,0,0,3,3,1,0,0,16,16,16,16
0,0,0,0,0,0,0,0,2,2,0,2,2,0,1,1,0,0,1,1,1,0,0,0,0,1,1,0,3,3,1,0,16,16,16,16
0,0,0,0,0,0,0,2,2,0,2,0,2,2,0,1,3,0,3,1,1,0,0,1,1,1,1,1,16,16,16,16,16,16,16,16
0,0,0,0,0,0,2,2,2,0,0,2,0,2,0,1,1,0,0,1,0,2,2,0,0,1,0,0,16,16,16,16,16,16,16,16
0,0,0,0,0,0,2,0,0,0,0,0,3,0,1,1,0,0,1,0,0,2,2,2,2,0,0,0,16,16,16,16,16,16,16,16
0,0,0,0,16,16,16,16,16,16,16,16,0,0,0,0,3,1,0,1,1,0,0,0,0,0,0,0,16,16,16,16,16,16,16,16
0,0,0,0,16,16,16,16,16,16,16,16,0,0,0,0,0,0,0,0,0,1,0,2,0,15,0,0,16,16,16,16,16,16,16,16
0,0,0,0,0,0,0,1,3,1,0,0,16,16,0,16,0,0,2,2,0,1,1,0,15,0,0,3,3,0,0,0,16,16,16,16
0,0,0,0,0,3,3,3,1,3,1,0,0,0,15,0,1,0,2,2,0,0,1,0,0,0,3,0,3,3,3,0,16,16,16,16
0,0,0,0,0,0,0,1,3,1,3,0,0,3,15,0,2,0,0,0,15,0,0,1,0,3,0,3,3,3,3,3,0,16,16,16
0,0,0,0,3,3,3,3,1,3,1,15,0,15,0,15,0,0,0,3,0,3,0,0,3,3,3,3,3,3,3,0,0,0,1,1
0,0,0,0,0,0,0,1,3,1,3,3,0,0,1,0,2,2,2,3,0,3,0,3,0,3,3,3,3,3,0,0,0,1,1,0
0,0,0,0,0,3,3,3,1,3,1,0,16,16,16,16,16,16,16,16,3,0,0,0,3,3,3,0,3,0,0,0,3,1,1,1
0,0,0,0,0,0,0,1,3,1,0,0,16,16,16,16,16,16,16,16,16,16,16,16,0,0,0,0,0,0,1,1,1,0,1,0
0,0,0,0,16,16,16,16,16,16,16,16,16,16,16,16,16,16,16,16,16,16,16,16,0,3,3,0,0,0,0,1,0,1,0,0
0,0,0,0,16,16,16,16,16,16,16,16,16,16,16,16,16,16,16,16,16,16,16,16,0,3,0,1,1,0,0,0,16,16,16,16
0,0,0,0,16,16,16,16,16,16,16,16,16,16,16,16,16,16,16,16,16,16,16,16,0,0,1,1,0,1,0,0,16,16,16,16
0,0,0,0,16,16,16,16,16,16,16,16,16,16,16,16,16,16,16,16,16,16,16,16,16,16,16,16,1,1,1,0,16,16,16,16
0,0,0,0,16,16,16,16,16,16,16,16,16,16,16,16,16,16,16,16,16,16,16,16,0,0,1,1,1,1,0,0,16,16,16,16
0,0,0,0,16,16,16,16,16,16,16,16,16,16,16,16,16,16,16,16,16,16,16,16,0,0,1,1,1,0,0,0,16,16,16,16
0,0,0,0,16,16,16,16,16,16,16,16,16,16,16,16,16,16,16,16,16,16,16,16,16,16,16,16,16,16,16,16,16,16,16,16
SpriteSpeccyBlock,30,4,5
3,0,0,3,0,0,2,0,0,7,0,0,0,0,0
7,0,0,7,0,0,7,0,0,7,0,0,0,0,0
7,0,1,7,0,1,7,0,0,4,0,1,7,0,0
7,0,0,7,0,0,7,0,0,7,0,0,7,0,0
SpriteAttribs,30,0,0,0
SpriteBitmapBlock,31,32,36
0,0,0,0,16,16,16,16,16,16,16,16,16,16,16,16,16,16,16,16,16,16,16,16,16,16,16,16,16,16,16,16,16,16,16,16
0,0,0,0,16,16,16,16,0,1,1,1,0,0,0,0,16,16,16,16,16,16,16,16,16,16,16,16,16,16,16,16,16,16,16,16
0,0,0,0,16,16,16,16,0,0,1,0,16,16,16,16,16,16,16,16,16,16,16,16,16,16,16,16,16,16,16,16,16,16,16,16
0,0,0,0,16,16,16,16,0,0,1,1,3,2,2,0,2,2,0,0,16,16,16,16,16,16,16,16,16,16,16,16,16,16,16,16
0,0,0,0,16,16,16,16,0,2,3,3,3,3,0,15,0,2,2,2,0,0,0,0,16,16,16,16,16,16,16,16,16,16,16,16
0,0,0,0,16,16,16,16,2,0,15,3,3,3,3,0,1,0,1,0,1,0,0,0,16,16,16,16,16,16,16,16,16,16,16,16
0,0,0,0,16,16,16,0,0,15,0,3,3,3,0,1,0,1,0,1,0,2,0,0,16,16,16,16,16,16,16,16,16,16,16,16
0,0,0,0,0,0,0,0,15,0,15,0,1,0,15,0,2,3,0,0,0,0,0,0,0,0,0,0,16,16,16,16,16,16,16,16
0,0,0,0,0,0,3,0,0,0,0,0,0,0,0,0,0,0,0,0,15,3,3,0,1,2,0,0,16,16,16,16,16,16,16,16
0,0,0,0,0,0,15,15,0,0,0,0,0,0,2,2,2,0,3,0,0,15,0,0,3,3,1,0,16,16,16,16,16,16,16,16
0,0,0,0,0,0,0,3,0,0,0,2,2,2,2,0,0,3,3,1,0,0,0,0,0,3,3,1,0,0,0,0,16,16,16,16
0,0,0,0,0,0,0,0,0,2,2,0,0,0,0,1,3,1,3,1,1,1,0,0,1,1,3,3,1,0,0,0,16,16,16,16
0,0,0,0,3,2,1,2,2,2,0,2,2,1,1,0,0,0,1,1,1,0,0,0,1,1,0,0,16,16,16,16,16,16,16,16
0,0,0,0,0,0,2,2,2,0,2,0,2,2,1,3,0,0,3,1,1,0,0,1,1,1,0,0,16,16,16,16,16,16,16,16
0,0,0,0,0,2,2,0,0,0,0,2,0,2,1,0,0,0,0,1,0,2,2,0,0,0,0,0,16,16,16,16,16,16,16,16
0,0,0,0,0,0,0,0,0,0,0,1,1,1,0,15,0,0,1,0,0,0,2,2,2,15,15,0,0,16,16,16,16,16,16,16
0,0,0,0,16,16,16,16,16,16,16,16,0,0,0,0,3,1,0,1,1,0,0,0,0,0,0,0,16,16,16,16,16,16,16,16
0,0,0,0,16,16,16,16,16,16,16,16,0,0,0,0,0,0,0,0,1,1,0,0,2,0,0,0,16,16,16,16,16,16,16,16
0,0,0,0,16,16,16,16,0,0,0,0,16,16,16,16,0,0,1,1,0,1,1,0,0,3,0,3,0,0,0,0,16,16,16,16
0,0,0,0,0,0,0,1,3,1,0,0,0,0,0,0,1,0,1,1,0,0,1,0,1,0,3,0,3,3,3,3,0,0,0,0
0,0,0,0,0,3,3,3,1,3,1,0,0,0,0,0,1,0,0,0,3,0,0,0,0,3,3,3,3,3,3,3,0,1,1,0
0,0,0,0,0,0,0,1,3,1,3,2,0,0,15,15,0,0,0,3,0,3,0,0,3,0,3,3,3,3,3,3,0,1,1,1
0,0,0,0,3,3,3,3,1,3,1,0,0,0,3,3,0,15,15,3,0,3,0,0,3,3,3,3,3,3,3,0,1,0,1,1
0,0,0,0,0,0,0,1,3,1,3,2,0,0,0,15,0,0,0,3,0,3,0,0,3,3,3,0,0,3,0,0,1,0,1,1
0,0,0,0,0,3,3,3,1,3,1,0,0,0,0,0,0,0,0,0,3,0,0,0,0,0,0,0,0,0,0,0,0,1,1,0
0,0,0,0,0,0,0,1,3,1,0,0,16,16,16,16,16,16,16,16,16,16,16,16,0,15,15,0,16,16,16,16,16,16,16,16
0,0,0,0,16,16,16,16,16,16,16,16,16,16,16,16,16,16,16,16,16,16,16,16,0,0,0,1,16,16,16,16,16,16,16,16
0,0,0,0,16,16,16,16,16,16,16,16,16,16,16,16,16,16,16,16,16,16,16,16,0,1,1,1,16,16,16,16,16,16,16,16
0,0,0,0,16,16,16,16,16,16,16,16,16,16,16,16,16,16,16,16,16,16,16,16,3,0,1,0,16,16,16,16,16,16,16,16
0,0,0,0,16,16,16,16,16,16,16,16,16,16,16,16,16,16,16,16,16,16,16,16,1,1,0,1,16,16,16,16,16,16,16,16
0,0,0,0,16,16,16,16,16,16,16,16,16,16,16,16,16,16,16,16,16,16,16,16,0,1,1,0,16,16,16,16,16,16,16,16
0,0,0,0,16,16,16,16,16,16,16,16,16,16,16,16,16,16,16,16,16,16,16,16,16,16,16,16,16,16,16,16,16,16,16,16
SpriteSpeccyBlock,31,4,5
7,0,0,3,0,0,2,0,0,7,0,0,0,0,0
7,0,0,7,0,0,7,0,0,7,0,0,0,0,0
7,0,1,7,0,1,7,0,0,4,0,1,7,0,0
7,0,0,7,0,0,7,0,0,7,0,0,7,0,0
SpriteAttribs,31,0,0,0
SpriteBitmapBlock,32,32,36
0,0,0,0,16,16,16,16,16,16,16,16,16,16,16,16,0,1,1,1,1,0,1,1,16,16,16,16,16,16,16,16,16,16,16,16
0,0,0,0,16,16,16,16,16,16,16,16,16,16,16,16,16,16,16,16,0,1,0,0,1,1,0,0,16,16,16,16,16,16,16,16
0,0,0,0,16,16,16,16,16,16,16,16,16,16,16,16,0,0,2,3,2,0,3,0,2,0,0,0,16,16,16,16,16,16,16,16
0,0,0,0,16,16,16,16,16,16,16,16,0,0,0,0,2,3,3,0,0,3,3,3,0,2,2,0,16,16,16,16,16,16,16,16
0,0,0,0,16,16,16,16,16,16,16,16,0,0,0,2,3,3,0,3,1,0,3,3,3,0,2,2,16,16,16,16,16,16,16,16
0,0,0,0,16,16,16,16,16,16,16,16,0,0,1,0,3,0,0,3,3,3,0,0,1,0,1,0,1,0,0,0,16,16,16,16
0,0,0,0,16,16,16,16,16,16,16,15,15,1,0,1,0,3,0,3,3,0,0,1,0,1,0,1,0,15,0,0,16,16,16,16
0,0,0,0,16,16,16,16,0,0,2,2,2,2,2,0,0,0,2,0,0,3,3,0,3,0,3,2,2,0,0,0,16,16,16,16
0,0,0,0,16,16,16,16,0,0,0,0,0,0,0,0,2,2,0,0,1,0,0,0,3,3,0,0,0,0,0,0,16,16,16,16
0,0,0,0,16,16,16,16,16,16,16,16,0,0,0,2,3,0,2,1,0,3,2,0,0,3,3,15,0,0,0,0,16,16,16,16
0,0,0,0,16,16,16,16,16,16,16,16,0,0,0,2,0,0,2,1,0,2,0,0,0,1,3,0,15,0,0,0,16,16,16,16
0,0,0,0,16,16,16,16,16,16,16,16,0,0,0,1,2,2,1,1,1,0,0,0,1,1,15,0,1,0,0,0,16,16,16,16
0,0,0,0,16,16,16,16,16,16,16,16,0,0,0,0,1,1,0,1,1,1,1,1,0,1,1,1,0,1,0,1,16,16,16,16
0,0,0,0,16,16,16,16,16,16,16,16,0,0,0,0,1,1,1,1,0,3,0,0,0,1,1,0,0,3,3,3,1,0,0,0
0,0,0,0,16,16,16,16,16,16,16,16,16,16,16,0,0,15,3,0,0,0,0,3,1,1,0,0,0,0,3,3,16,16,16,16
0,0,0,0,16,16,16,16,16,16,16,16,16,16,16,16,0,0,15,15,15,15,15,1,1,0,0,1,0,0,3,3,1,0,0,0
0,0,0,0,16,16,16,16,16,16,16,16,16,16,16,16,0,0,0,0,0,0,0,0,0,0,1,1,1,0,0,0,16,16,16,16
0,0,0,0,16,16,16,16,16,16,16,16,16,16,16,16,0,0,2,2,0,0,1,0,1,1,1,1,16,16,16,16,16,16,16,16
0,0,0,0,16,16,16,16,16,16,16,16,0,0,0,0,1,0,2,0,2,2,0,0,0,1,0,0,16,16,16,16,16,16,16,16
0,0,0,0,16,16,16,16,16,16,16,16,0,0,0,0,0,0,2,0,2,2,0,2,16,16,16,16,16,16,16,16,16,16,16,16
0,0,0,0,16,16,16,16,16,16,16,16,0,0,15,15,0,2,2,1,0,0,2,2,16,16,16,16,16,16,16,16,16,16,16,16
0,0,0,0,16,16,16,16,16,16,16,0,0,0,0,0,0,0,2,0,0,1,0,0,0,0,0,0,16,16,16,16,16,16,16,16
0,0,0,0,16,16,16,16,16,16,16,0,0,1,15,1,0,0,0,3,3,3,3,3,0,16,16,16,16,16,16,16,16,16,16,16
0,0,0,0,16,16,16,16,16,16,16,16,3,0,0,0,3,0,3,3,3,0,3,0,0,0,0,0,16,16,16,16,16,16,16,16
0,0,0,0,16,16,16,16,16,16,16,16,0,3,3,3,0,0,0,0,0,0,0,15,15,0,0,0,16,16,16,16,16,16,16,16
0,0,0,0,16,16,16,16,16,16,16,16,0,0,15,0,0,0,15,15,0,0,0,0,15,15,0,0,16,16,16,16,16,16,16,16
0,0,0,0,16,16,16,16,16,16,16,16,0,0,15,0,0,0,15,15,0,0,0,15,15,15,0,0,16,16,16,16,16,16,16,16
0,0,0,0,16,16,16,16,16,16,16,16,0,0,15,0,0,15,15,15,0,0,0,15,15,15,0,0,16,16,16,16,16,16,16,16
0,0,0,0,16,16,16,16,16,16,16,16,3,3,3,3,3,0,15,15,15,0,15,15,1,0,0,0,16,16,16,16,16,16,16,16
0,0,0,0,16,16,16,16,16,16,16,16,3,0,3,0,3,0,15,15,15,0,0,0,0,0,0,0,16,16,16,16,16,16,16,16
0,0,0,0,16,16,16,16,16,16,16,16,0,3,0,3,0,0,0,0,0,0,0,0,0,0,0,0,16,16,16,16,16,16,16,16
0,0,0,0,16,16,16,16,16,16,16,16,0,0,3,3,0,0,0,0,0,0,0,0,0,0,0,0,16,16,16,16,16,16,16,16
SpriteSpeccyBlock,32,4,5
2,0,1,2,0,0,3,0,0,2,0,0,0,0,0
7,0,0,7,0,0,7,0,0,7,0,0,0,0,0
7,0,1,4,0,1,4,0,1,7,0,0,0,0,0
7,0,0,7,0,0,7,0,0,7,0,0,7,0,0
SpriteAttribs,32,0,0,0
SpriteBitmapBlock,33,32,36
0,0,0,0,16,16,16,16,16,16,16,16,16,16,16,16,16,16,16,16,1,1,1,0,16,16,16,16,16,16,16,16,16,16,16,16
0,0,0,0,16,16,16,16,16,16,16,16,16,16,16,16,16,16,16,16,0,1,0,0,16,16,16,16,16,16,16,16,16,16,16,16
0,0,0,0,16,16,16,16,16,16,16,16,16,16,16,16,0,0,2,3,2,0,3,0,2,0,0,0,16,16,16,16,16,16,16,16
0,0,0,0,16,16,16,16,16,16,16,16,0,0,0,0,0,15,0,0,1,0,3,3,0,2,2,0,16,16,16,16,16,16,16,16
0,0,0,0,16,16,16,16,16,16,16,16,0,0,0,0,15,0,3,3,0,1,0,3,0,0,2,2,16,16,16,16,16,16,16,16
0,0,0,0,16,16,16,16,16,16,16,0,15,15,0,15,0,15,15,15,3,0,1,0,1,0,1,0,1,0,0,0,16,16,16,16
0,0,0,0,16,16,16,16,0,0,0,15,2,1,15,0,15,0,3,3,0,0,0,1,0,1,0,1,15,0,0,0,16,16,16,16
0,0,0,0,16,16,16,16,0,0,0,0,0,2,15,3,0,15,0,0,0,3,3,3,0,2,2,0,0,0,0,0,16,16,16,16
0,0,0,0,16,16,16,16,16,16,16,16,0,0,0,15,0,0,0,3,1,0,0,0,3,0,0,0,2,0,0,0,16,16,16,16
0,0,0,0,16,16,16,16,16,16,16,16,0,0,0,0,15,0,0,3,0,3,2,0,0,3,3,1,0,2,0,0,16,16,16,16
0,0,0,0,16,16,16,16,16,16,16,16,0,0,0,15,0,0,2,1,0,2,2,0,0,3,1,0,1,3,0,0,16,16,16,16
0,0,0,0,16,16,16,16,16,16,16,16,0,0,0,1,2,2,1,1,1,0,0,0,1,1,1,0,1,0,0,0,16,16,16,16
0,0,0,0,16,16,16,16,16,16,16,16,0,0,0,0,1,1,0,1,1,1,1,1,0,1,1,1,16,16,16,16,16,16,16,16
0,0,0,0,16,16,16,16,16,16,16,16,0,0,0,0,0,1,1,1,1,0,0,0,0,1,1,0,0,1,0,1,16,16,16,16
0,0,0,0,16,16,16,16,16,16,16,16,16,16,16,16,0,3,15,0,0,0,0,0,1,1,0,0,0,3,3,3,1,0,0,0
0,0,0,0,16,16,16,16,16,16,16,16,16,16,16,16,0,0,0,15,15,1,1,1,1,0,0,0,1,0,3,3,16,16,16,16
0,0,0,0,16,16,16,16,16,16,16,16,16,16,16,16,0,0,0,0,0,0,0,0,0,0,0,1,1,0,3,3,1,0,0,0
0,0,0,0,16,16,16,16,16,16,16,16,16,16,16,16,0,1,0,2,0,0,2,0,15,1,1,1,1,0,0,0,16,16,16,16
0,0,0,0,16,16,16,16,16,16,16,16,0,0,0,0,0,0,0,0,1,1,0,0,0,15,1,0,16,16,16,16,16,16,16,16
0,0,0,0,16,16,16,16,16,16,16,16,0,0,0,15,0,0,15,0,1,1,0,2,0,0,0,0,16,16,16,16,16,16,16,16
0,0,0,0,16,16,16,16,16,16,16,16,0,15,0,0,0,15,0,0,0,0,2,2,16,16,16,16,16,16,16,16,16,16,16,16
0,0,0,0,16,16,16,16,16,16,16,16,15,15,15,0,0,0,0,15,0,15,0,0,16,16,16,16,16,16,16,16,16,16,16,16
0,0,0,0,16,16,16,16,16,16,16,15,0,0,0,15,0,0,1,3,3,3,3,3,16,16,16,16,16,16,16,16,16,16,16,16
0,0,0,0,16,16,16,16,16,16,16,16,15,15,15,0,0,0,3,3,0,3,3,0,0,0,0,0,16,16,16,16,16,16,16,16
0,0,0,0,16,16,16,16,16,16,16,0,0,3,0,0,0,0,0,0,0,0,0,15,0,0,0,0,16,16,16,16,16,16,16,16
0,0,0,0,16,16,16,16,16,16,16,16,0,15,0,0,0,0,15,0,0,0,3,15,0,0,0,0,16,16,16,16,16,16,16,16
0,0,0,0,16,16,16,16,16,16,16,16,0,15,0,0,0,0,0,15,0,0,15,15,0,0,0,0,16,16,16,16,16,16,16,16
0,0,0,0,16,16,16,16,16,16,16,16,0,15,0,0,0,0,1,1,0,0,0,0,0,0,0,0,16,16,16,16,16,16,16,16
0,0,0,0,16,16,16,16,0,0,0,3,3,3,3,3,0,0,0,0,15,0,15,15,15,0,0,16,16,16,16,16,16,16,16,16
0,0,0,0,16,16,16,16,0,0,0,3,0,3,0,3,0,0,15,15,15,0,0,15,15,15,0,16,16,16,16,16,16,16,16,16
0,0,0,0,16,16,16,16,0,0,0,0,3,0,3,0,0,15,15,15,15,0,0,15,15,15,0,16,16,16,16,16,16,16,16,16
0,0,0,0,16,16,16,16,0,0,0,0,0,3,3,0,0,15,15,0,0,0,0,0,15,15,0,0,16,16,16,16,16,16,16,16
SpriteSpeccyBlock,33,4,5
2,0,1,2,0,0,3,0,0,2,0,0,0,0,0
7,0,1,7,0,0,7,0,0,7,0,0,0,0,0
7,0,1,4,0,1,4,0,1,7,0,0,0,0,0
7,0,0,7,0,0,7,0,0,7,0,0,7,0,0
SpriteAttribs,33,0,0,0
SpriteBitmapBlock,34,32,36
0,0,0,0,16,16,16,16,16,16,16,16,16,16,16,16,0,0,1,1,0,1,1,1,1,0,0,0,16,16,16,16,16,16,16,16
0,0,0,0,16,16,16,16,16,16,16,16,16,16,16,16,1,1,0,0,1,0,0,0,16,16,16,16,16,16,16,16,16,16,16,16
0,0,0,0,16,16,16,16,16,16,16,16,16,16,16,16,0,3,0,3,0,2,0,2,16,16,16,16,16,16,16,16,16,16,16,16
0,0,0,0,16,16,16,16,16,16,16,16,0,0,0,15,0,0,3,3,0,2,0,3,0,2,0,0,16,16,16,16,16,16,16,16
0,0,0,0,16,16,16,16,16,16,16,16,0,0,2,0,0,3,3,0,2,2,0,3,3,0,2,0,16,16,16,16,16,16,16,16
0,0,0,0,16,16,16,16,16,16,16,16,0,2,2,0,15,3,3,0,2,2,2,0,3,0,1,0,16,16,16,16,16,16,16,16
0,0,0,0,16,16,16,16,16,16,16,16,0,1,0,1,0,1,0,1,0,1,0,1,0,1,0,1,15,15,0,0,16,16,16,16
0,0,0,0,16,16,16,16,16,16,16,16,2,0,1,0,1,0,1,0,1,0,1,0,0,0,2,2,15,2,2,2,16,16,16,16
0,0,0,0,16,16,16,16,16,16,16,16,0,0,0,0,0,0,0,0,0,0,0,0,15,0,0,0,0,0,0,0,16,16,16,16
0,0,0,0,16,16,16,16,16,16,16,16,2,0,2,2,2,0,2,0,2,0,2,2,0,2,0,0,16,16,16,16,16,16,16,16
0,0,0,0,16,16,16,16,16,16,16,16,0,3,0,0,0,3,0,3,0,3,0,0,3,0,3,0,16,16,16,16,16,16,16,16
0,0,0,0,16,16,16,16,16,16,16,16,0,3,3,0,3,3,0,3,0,3,3,0,3,3,3,3,16,16,16,16,16,16,16,16
0,0,0,0,16,16,16,16,0,0,1,0,1,0,3,3,3,3,3,0,3,3,3,3,0,3,3,0,16,16,16,16,16,16,16,16
0,0,0,0,16,16,16,16,0,1,3,3,3,0,3,3,0,3,3,3,3,3,3,3,3,3,3,0,16,16,16,16,16,16,16,16
0,0,0,0,16,16,16,16,0,0,3,3,0,3,0,3,3,3,3,3,3,3,3,3,3,1,0,0,16,16,16,16,16,16,16,16
0,0,0,0,16,16,16,16,0,1,3,3,0,1,1,0,0,3,3,0,0,3,0,3,0,0,0,0,16,16,16,16,16,16,16,16
0,0,0,0,16,16,16,16,16,16,16,16,0,0,15,15,0,0,0,3,1,0,1,0,0,0,0,0,16,16,16,16,16,16,16,16
0,0,0,0,16,16,16,16,16,16,16,16,0,0,0,15,0,1,0,2,0,0,2,0,0,1,0,0,16,16,16,16,16,16,16,16
0,0,0,0,16,16,16,16,16,16,16,16,16,16,16,16,1,0,0,0,2,2,0,2,0,0,0,0,16,16,16,16,16,16,16,16
0,0,0,0,16,16,16,16,16,16,16,16,16,16,16,16,0,0,2,0,2,2,0,2,0,0,15,15,0,0,0,0,16,16,16,16
0,0,0,0,16,16,16,16,16,16,16,16,16,16,16,16,0,0,2,2,0,0,2,2,2,0,0,0,0,0,0,0,16,16,16,16
0,0,0,0,16,16,16,16,16,16,16,16,16,16,16,16,0,2,0,2,2,2,2,2,0,0,15,15,15,0,0,0,16,16,16,16
0,0,0,0,16,16,16,16,16,16,16,16,16,16,16,16,0,0,3,0,0,0,0,0,0,15,0,0,0,15,0,0,16,16,16,16
0,0,0,0,16,16,16,16,16,16,16,16,16,16,16,16,0,3,3,3,0,3,3,3,0,0,15,15,15,0,0,0,16,16,16,16
0,0,0,0,16,16,16,16,16,16,16,16,16,16,16,16,0,0,0,0,0,0,0,0,0,0,0,15,0,0,0,0,16,16,16,16
0,0,0,0,16,16,16,16,16,16,16,16,16,16,16,16,0,15,0,15,0,0,15,15,0,0,0,15,0,0,0,0,16,16,16,16
0,0,0,0,16,16,16,16,16,16,16,16,15,15,16,16,0,3,3,3,0,0,15,0,0,0,0,15,0,0,0,0,16,16,16,16
0,0,0,0,16,16,16,16,16,16,16,16,15,15,15,16,15,15,15,0,0,0,0,15,0,0,0,15,0,0,0,0,16,16,16,16
0,0,0,0,16,16,16,16,16,16,16,16,16,15,15,15,0,15,1,0,15,15,1,1,0,3,3,3,3,3,0,0,16,16,16,16
0,0,0,0,16,16,16,16,16,16,16,0,0,0,15,15,0,0,0,0,15,15,1,0,0,3,0,3,0,3,0,0,16,16,16,16
0,0,0,0,16,16,16,16,16,16,16,16,0,0,0,0,0,0,0,0,0,0,0,0,0,1,3,0,3,0,0,0,16,16,16,16
0,0,0,0,16,16,16,16,16,16,16,16,0,0,0,0,0,0,0,0,0,0,0,0,0,0,3,3,0,0,0,0,16,16,16,16
SpriteSpeccyBlock,34,4,5
7,0,0,2,0,0,3,0,0,2,0,0,0,0,0
7,0,0,7,0,0,7,0,0,7,0,0,0,0,0
7,0,1,7,0,0,4,0,1,4,0,1,0,0,0
7,0,0,7,0,0,7,0,0,7,0,0,7,0,0
SpriteAttribs,34,0,0,0
SpriteBitmapBlock,35,32,36
0,0,0,0,16,16,16,16,16,16,16,16,16,16,16,16,0,0,0,1,1,1,0,0,16,16,16,16,16,16,16,16,16,16,16,16
0,0,0,0,16,16,16,16,16,16,16,16,16,16,16,16,16,16,16,16,1,0,0,0,16,16,16,16,16,16,16,16,16,16,16,16
0,0,0,0,16,16,16,16,16,16,16,16,16,16,16,16,0,2,0,3,0,2,0,2,16,16,16,16,16,16,16,16,16,16,16,16
0,0,0,0,16,16,16,16,16,16,16,16,0,0,0,2,2,0,3,3,0,2,0,3,0,2,0,0,16,16,16,16,16,16,16,16
0,0,0,0,16,16,16,16,16,16,16,16,0,0,2,2,0,3,3,0,2,2,0,3,0,0,2,0,16,16,16,16,16,16,16,16
0,0,0,0,16,16,16,16,16,16,16,16,0,2,2,0,15,3,3,0,2,2,2,0,3,0,3,0,0,0,0,0,16,16,16,16
0,0,0,0,16,16,16,16,16,16,16,16,0,1,0,1,0,1,0,1,0,3,0,1,0,1,0,1,2,2,2,0,16,16,16,16
0,0,0,0,16,16,16,16,16,16,16,16,2,0,1,0,0,0,1,0,1,0,1,0,1,0,2,2,2,2,0,0,16,16,16,16
0,0,0,0,16,16,16,16,16,16,16,16,0,0,0,0,15,0,0,0,0,0,0,0,0,0,0,0,16,16,16,16,16,16,16,16
0,0,0,0,16,16,16,16,16,16,16,16,2,2,0,2,0,0,2,0,2,2,0,3,0,2,0,0,16,16,16,16,16,16,16,16
0,0,0,0,16,16,16,16,16,16,16,16,0,0,3,0,0,3,0,3,0,0,3,0,3,0,3,0,16,16,16,16,16,16,16,16
0,0,0,0,16,16,16,16,16,16,16,16,0,3,3,3,0,3,0,3,0,3,3,0,3,3,3,0,16,16,16,16,16,16,16,16
0,0,0,0,16,16,16,16,16,16,16,16,0,3,3,3,3,3,3,3,0,3,3,0,3,3,3,0,16,16,16,16,16,16,16,16
0,0,0,0,16,16,16,16,16,16,16,16,0,0,3,0,3,3,3,3,3,3,3,3,3,3,0,0,16,16,16,16,16,16,16,16
0,0,0,0,16,16,16,16,0,0,1,0,1,0,0,3,3,3,3,3,3,3,3,3,3,0,0,0,16,16,16,16,16,16,16,16
0,0,0,0,16,16,16,16,0,1,3,3,3,0,0,0,3,0,0,0,3,0,3,0,0,0,0,0,16,16,16,16,16,16,16,16
0,0,0,0,16,16,16,16,0,0,3,3,3,0,0,0,0,0,1,1,0,1,0,3,0,16,16,16,16,16,16,16,16,16,16,16
0,0,0,0,16,16,16,16,0,1,3,3,0,1,1,15,0,0,0,2,0,0,2,2,0,0,0,0,16,16,16,16,16,16,16,16
0,0,0,0,16,16,16,16,16,16,16,16,0,1,1,0,0,1,0,0,1,1,0,2,0,1,0,0,16,16,16,16,16,16,16,16
0,0,0,0,16,16,16,16,16,16,16,16,0,0,0,0,0,0,2,0,1,1,0,3,0,0,0,15,15,16,16,16,16,16,16,16
0,0,0,0,16,16,16,16,16,16,16,16,16,16,16,16,0,0,2,2,0,0,2,2,0,0,15,0,0,0,0,0,16,16,16,16
0,0,0,0,16,16,16,16,16,16,16,16,16,16,16,16,0,2,2,2,2,2,2,2,3,0,0,15,15,15,0,0,16,16,16,16
0,0,0,0,16,16,16,16,16,16,16,16,16,16,16,16,0,15,15,15,0,15,15,15,0,0,15,0,0,0,15,0,16,16,16,16
0,0,0,0,16,16,16,16,16,16,16,16,16,16,16,16,15,15,0,15,0,3,0,0,0,0,0,15,15,15,0,0,16,16,16,16
0,0,0,0,16,16,16,16,16,16,16,16,16,16,16,16,0,0,0,0,0,0,0,0,0,0,0,0,15,0,0,0,16,16,16,16
0,0,0,0,16,16,16,16,16,16,16,16,16,16,16,16,0,15,15,0,0,15,15,0,0,0,0,0,15,0,0,0,16,16,16,16
0,0,0,0,16,16,16,16,16,16,16,16,16,16,16,16,0,15,15,0,0,15,15,15,0,0,0,0,15,0,0,0,16,16,16,16
0,0,0,0,16,16,16,16,16,16,16,16,16,16,16,16,0,0,15,0,0,0,0,0,0,0,0,0,15,0,0,0,16,16,16,16
0,0,0,0,16,16,16,16,16,16,16,16,16,16,16,15,15,1,0,0,0,15,0,15,0,0,3,3,15,3,3,0,16,16,16,16
0,0,0,0,16,16,16,16,16,16,16,16,16,16,16,15,15,1,1,0,15,15,15,0,0,0,3,0,15,0,3,0,16,16,16,16
0,0,0,0,16,16,16,16,16,16,16,16,0,0,0,0,0,0,0,0,15,15,15,0,0,0,0,15,0,15,0,0,16,16,16,16
0,0,0,0,16,16,16,16,16,16,16,16,0,0,0,0,0,0,0,0,0,0,0,0,0,0,0,0,3,15,0,0,16,16,16,16
SpriteSpeccyBlock,35,4,5
2,0,1,2,0,0,3,0,0,2,0,0,0,0,0
7,0,0,7,0,0,7,0,0,7,0,0,0,0,0
7,0,0,7,0,0,4,0,1,4,0,1,0,0,0
7,0,1,7,0,0,7,0,0,7,0,0,0,0,0
SpriteAttribs,35,0,0,0
SpriteDataOffSet,&180
eof
