FileVersion,1
Sprites,64
Colorselector,0,45,22,0
Colorselector,1,0,0,0
Colorselector,2,86,86,86
Colorselector,3,172,172,172
Colorselector,4,255,255,255
Colorselector,5,128,0,128
Colorselector,6,0,255,255
Colorselector,7,255,0,0
Colorselector,8,0,255,64
Colorselector,9,247,121,200
Colorselector,10,128,128,255
Colorselector,11,0,0,255
Colorselector,12,0,128,0
Colorselector,13,180,237,103
Colorselector,14,255,0,128
Colorselector,15,240,240,240
Colorselector,16,255,0,255
spritebank,0
SpriteStart
SpriteBitmapBlock,0,32,32
0,0,0,0,0,0,0,0,0,0,0,0,0,0,0,0,0,0,0,1,3,4,4,1,1,0,1,1,1,0,0,0
0,0,0,0,0,0,0,0,0,0,0,0,0,0,0,0,0,0,0,0,1,1,3,4,3,1,3,4,4,1,1,1
0,0,0,0,0,0,0,0,0,0,0,0,0,0,0,0,0,0,1,1,1,1,1,1,1,3,1,1,3,4,3,1
0,0,0,0,0,0,0,0,0,0,0,0,0,0,0,0,1,1,9,9,9,9,9,8,2,1,1,1,0,0,0,0
0,0,0,0,0,0,0,0,0,0,0,0,0,0,0,1,9,9,7,7,7,8,8,6,8,8,9,1,0,0,0,0
0,0,0,0,0,0,0,0,0,0,0,0,0,0,1,2,3,2,3,2,3,6,6,8,8,8,7,9,1,0,0,0
0,0,0,0,0,0,0,0,0,0,0,0,1,1,2,3,2,3,2,3,2,8,8,8,8,7,7,9,1,1,0,0
0,0,0,0,0,0,0,0,0,0,0,1,8,1,8,9,7,7,7,7,3,2,3,2,3,2,7,2,2,2,1,0
0,0,0,0,0,0,0,0,0,1,0,0,1,8,8,8,2,9,9,7,7,3,2,3,2,7,2,2,2,6,1,0
0,0,0,0,0,0,0,1,1,2,1,0,1,8,8,2,1,2,8,9,9,7,7,7,8,8,2,2,6,8,1,0
0,0,0,0,0,0,1,2,8,8,1,0,0,1,2,1,2,8,8,2,2,9,9,7,7,7,7,6,8,2,1,0
0,0,0,0,0,1,2,8,8,1,1,0,0,1,2,2,8,2,2,2,2,8,2,2,2,9,7,7,2,1,1,0
0,0,0,0,1,2,8,8,1,2,2,1,1,0,1,2,2,2,1,1,2,2,2,7,7,2,9,7,1,0,0,0
0,0,0,0,0,1,1,1,2,2,2,2,2,1,1,2,2,8,1,8,2,2,7,7,1,7,2,9,7,1,0,0
0,0,0,0,0,0,0,0,1,1,2,2,2,9,9,1,2,1,1,2,2,2,7,1,7,1,1,9,7,7,1,0
0,0,0,0,0,0,0,0,0,0,1,9,7,7,7,9,1,2,1,1,2,2,2,2,2,1,0,1,1,7,1,0
0,0,0,0,0,0,0,0,1,1,9,7,7,9,7,2,2,1,2,8,1,2,2,2,1,0,0,0,0,1,0,0
0,0,0,0,0,0,0,1,9,9,7,9,7,7,2,2,3,3,1,2,2,2,1,1,0,0,0,0,0,0,0,0
0,0,0,0,0,1,1,8,8,1,9,7,7,2,2,3,7,7,3,1,1,1,0,0,1,1,2,4,2,1,1,0
0,0,0,1,1,8,8,8,1,8,9,7,7,2,1,3,7,7,3,2,2,2,1,1,1,2,4,3,3,4,4,1
1,1,1,8,8,8,8,8,8,1,8,9,2,1,6,1,3,3,4,4,4,1,8,8,4,3,3,3,3,2,2,1
3,3,1,8,8,8,8,6,8,8,8,8,2,1,6,1,6,3,3,3,3,8,8,8,3,3,3,3,3,3,3,3
1,2,3,1,8,8,6,8,8,8,8,1,8,1,6,1,6,2,2,2,1,2,8,2,1,3,3,3,3,2,2,1
2,2,2,1,2,2,8,8,1,8,6,8,1,0,1,6,1,1,1,1,1,1,1,1,1,2,2,3,3,3,3,1
1,2,1,2,2,2,1,1,8,8,6,8,1,0,0,1,0,0,0,0,0,0,0,0,0,1,2,2,2,1,1,0
0,1,2,1,2,1,0,1,2,8,8,8,1,0,0,0,0,0,0,0,0,0,0,0,0,0,1,1,1,0,0,0
0,0,0,0,1,0,1,2,2,2,8,1,0,0,0,0,0,0,0,0,0,0,0,0,0,0,0,0,0,0,0,0
0,0,0,0,0,1,2,1,2,2,1,0,0,0,0,0,0,0,0,0,0,0,0,0,0,0,0,0,0,0,0,0
0,0,0,0,1,2,2,3,1,1,0,0,0,0,0,0,0,0,0,0,0,0,0,0,0,0,0,0,0,0,0,0
0,0,0,0,0,1,2,2,3,1,0,0,0,0,0,0,0,0,0,0,0,0,0,0,0,0,0,0,0,0,0,0
0,0,0,0,0,0,1,2,2,3,1,0,0,0,0,0,0,0,0,0,0,0,0,0,0,0,0,0,0,0,0,0
0,0,0,0,0,0,0,1,1,1,0,0,0,0,0,0,0,0,0,0,0,0,0,0,0,0,0,0,0,0,0,0
SpriteSpeccyBlock,0,4,4
7,0,1,7,0,1,7,0,1,7,0,1
7,0,1,7,0,1,7,0,0,7,0,1
7,0,1,7,0,0,7,0,0,7,0,1
7,0,1,7,0,1,7,0,1,7,0,1
SpriteBitmapBlock,1,32,32
0,0,0,0,0,0,0,0,0,0,0,0,0,0,0,0,0,0,0,0,0,0,0,0,1,1,1,0,0,0,0,0
0,0,0,0,0,0,0,0,0,0,0,0,0,0,0,0,0,0,0,0,0,0,0,1,3,4,3,1,0,0,0,0
0,0,0,0,0,0,0,0,0,0,0,0,0,0,0,0,0,0,1,1,1,1,1,1,1,2,1,0,0,0,0,0
0,0,0,0,0,0,0,0,0,0,0,0,0,0,0,0,1,1,9,9,9,9,9,8,2,2,9,1,0,0,0,0
0,0,0,0,0,0,0,0,0,0,0,0,0,0,0,1,9,9,7,7,7,8,8,6,8,8,9,1,0,0,0,0
0,0,0,0,0,0,0,0,0,0,0,0,0,0,1,2,3,2,3,2,3,6,6,8,8,8,7,9,1,0,0,0
0,0,0,0,0,0,0,0,0,0,0,0,0,1,2,3,2,3,2,3,2,3,8,8,8,7,7,7,1,1,0,0
0,0,0,0,0,0,0,0,0,0,0,1,1,1,8,9,7,7,7,7,3,2,3,2,3,2,3,2,2,2,1,0
0,0,0,0,0,0,0,0,0,1,1,2,8,8,8,8,2,9,9,7,7,3,2,3,2,3,2,2,2,6,1,0
0,0,0,0,0,0,0,1,1,2,8,8,1,8,8,2,1,2,8,9,9,7,7,7,8,8,2,2,6,8,1,0
0,0,0,0,0,0,1,1,2,8,8,1,0,1,2,1,2,8,8,2,2,9,9,7,7,7,7,6,8,2,1,0
0,0,0,0,0,0,1,2,8,8,2,2,1,1,2,2,2,8,2,1,2,2,8,2,2,9,7,7,2,1,0,0
0,0,0,0,0,0,0,1,1,1,2,2,1,0,1,2,2,2,1,1,1,2,2,7,7,2,9,7,7,1,0,0
0,0,0,0,0,0,0,0,0,1,2,2,2,1,1,2,2,8,1,1,8,2,7,7,1,7,2,9,7,7,1,0
0,0,0,0,0,0,0,0,1,0,1,2,2,9,9,1,2,1,1,1,1,2,7,1,7,1,1,1,1,7,7,1
0,0,0,0,0,0,0,1,7,1,1,9,7,7,7,9,1,2,1,1,1,2,2,2,2,1,0,0,0,1,1,1
0,0,0,0,0,0,0,1,7,7,7,7,9,7,7,2,2,1,2,8,1,1,2,2,1,0,0,0,0,0,0,0
0,0,0,1,0,0,0,1,9,9,9,7,7,2,2,2,1,1,1,2,2,2,1,1,0,0,0,0,0,0,0,0
0,0,1,8,1,1,1,1,8,1,9,7,2,2,2,1,5,5,1,1,1,1,0,0,0,1,1,1,1,0,0,0
1,1,1,8,8,8,8,8,1,8,9,2,2,2,1,1,5,5,1,2,1,1,0,0,1,1,2,4,2,1,1,1
1,3,2,1,8,8,8,8,8,8,8,2,2,1,1,6,1,1,2,2,2,2,1,1,1,2,4,3,3,4,4,1
3,2,2,1,8,8,6,6,8,8,1,8,2,1,6,1,6,4,4,1,2,8,8,4,4,3,3,3,3,2,2,1
2,2,1,2,2,8,8,8,8,8,8,8,8,1,6,1,6,3,3,3,8,8,8,3,3,3,3,3,3,3,3,3
2,2,1,2,2,2,8,1,1,8,6,8,1,1,6,1,6,2,2,1,2,8,2,1,3,3,3,3,3,2,2,1
1,2,2,1,1,1,1,1,8,8,6,8,1,0,1,6,1,1,1,1,1,1,1,1,1,2,2,3,3,3,3,1
0,1,1,0,0,0,0,1,2,8,8,8,1,0,0,1,0,0,0,0,0,0,0,0,0,1,2,2,2,1,1,1
0,0,0,0,0,0,0,1,2,2,2,8,1,0,0,0,0,0,0,0,0,0,0,0,0,0,1,1,1,0,0,0
0,0,0,0,0,0,0,1,2,2,2,1,0,0,0,0,0,0,0,0,0,0,0,0,0,0,0,0,0,0,0,0
0,0,0,0,0,0,0,0,1,2,1,3,1,0,0,0,0,0,0,0,0,0,0,0,0,0,0,0,0,0,0,0
0,0,0,0,0,0,0,1,2,1,3,2,1,0,0,0,0,0,0,0,0,0,0,0,0,0,0,0,0,0,0,0
0,0,0,0,0,0,0,0,1,2,2,1,0,0,0,0,0,0,0,0,0,0,0,0,0,0,0,0,0,0,0,0
0,0,0,0,0,0,0,0,0,1,1,0,0,0,0,0,0,0,0,0,0,0,0,0,0,0,0,0,0,0,0,0
SpriteSpeccyBlock,1,4,4
7,0,1,7,0,1,7,0,1,7,0,1
7,0,1,7,0,1,7,0,0,7,0,0
7,0,1,7,0,0,7,0,0,7,0,1
7,0,1,7,0,1,7,0,1,7,0,1
SpriteBitmapBlock,2,32,32
0,0,0,1,1,1,0,1,1,4,4,3,1,0,0,0,0,0,0,0,0,0,0,0,0,0,0,0,0,0,0,0
1,1,1,4,4,3,1,3,4,3,1,1,0,0,0,0,0,0,0,0,0,0,0,0,0,0,0,0,0,0,0,0
1,3,4,3,1,1,3,1,1,1,1,1,1,1,0,0,0,0,0,0,0,0,0,0,0,0,0,0,0,0,0,0
0,0,0,0,1,1,1,2,8,9,9,9,9,9,1,1,0,0,0,0,0,0,0,0,0,0,0,0,0,0,0,0
0,0,0,0,1,9,8,8,6,8,8,7,7,7,9,9,1,0,0,0,0,0,0,0,0,0,0,0,0,0,0,0
0,0,0,1,9,7,8,8,8,6,6,3,2,3,2,3,2,1,0,0,0,0,0,0,0,0,0,0,0,0,0,0
0,0,1,1,9,7,7,8,8,8,8,2,3,2,3,2,3,2,1,1,0,0,0,0,0,0,0,0,0,0,0,0
0,1,2,2,2,7,2,3,2,3,2,3,7,7,7,7,9,8,1,8,1,0,0,0,0,0,0,0,0,0,0,0
0,1,6,2,2,2,7,2,3,2,3,7,7,9,9,2,8,8,8,1,0,0,1,0,0,0,0,0,0,0,0,0
0,1,8,6,2,2,8,8,7,7,7,9,9,8,2,1,2,8,8,1,0,1,2,1,1,0,0,0,0,0,0,0
0,1,2,8,6,7,7,7,7,9,9,2,2,8,8,2,1,2,1,0,0,1,8,8,2,1,0,0,0,0,0,0
0,1,1,2,7,7,9,2,2,2,8,2,2,2,2,8,2,2,1,0,0,1,1,8,8,2,1,0,0,0,0,0
0,0,0,1,7,9,2,7,7,2,2,2,1,1,2,2,2,1,0,1,1,2,2,1,8,8,2,1,0,0,0,0
0,0,1,7,9,2,7,1,7,7,2,2,8,1,8,2,2,1,1,2,2,2,2,2,1,1,1,0,0,0,0,0
0,1,7,7,9,1,1,7,1,7,2,2,2,1,1,2,1,9,9,2,2,2,1,1,0,0,0,0,0,0,0,0
0,1,7,1,1,0,1,2,2,2,2,2,1,1,2,1,9,7,7,7,9,1,0,0,0,0,0,0,0,0,0,0
0,0,1,0,0,0,0,1,2,2,2,1,8,2,1,2,2,7,9,7,7,9,1,1,0,0,0,0,0,0,0,0
0,0,0,0,0,0,0,0,1,1,2,2,2,1,3,3,2,2,7,7,9,7,9,9,1,0,0,0,0,0,0,0
0,1,1,2,4,2,1,1,0,0,1,1,1,3,7,7,3,2,2,7,7,9,1,8,8,1,1,0,0,0,0,0
1,4,4,3,3,4,2,1,1,1,2,2,2,3,7,7,3,1,2,7,7,9,8,1,8,8,8,1,1,0,0,0
1,2,2,3,3,3,3,4,8,8,1,4,4,4,3,3,1,6,1,2,9,8,1,8,8,8,8,8,8,1,1,1
3,3,3,3,3,3,3,3,8,8,8,3,3,3,3,6,1,6,1,2,8,8,8,8,6,8,8,8,8,1,3,3
1,2,2,3,3,3,3,1,2,8,2,1,2,2,2,6,1,6,1,8,1,8,8,8,8,6,8,8,1,3,2,1
1,3,3,3,3,2,2,1,1,1,1,1,1,1,1,1,6,1,0,1,8,6,8,1,8,8,2,2,1,2,2,2
0,1,1,2,2,2,1,0,0,0,0,0,0,0,0,0,1,0,0,1,8,6,8,8,1,1,2,2,2,1,2,1
0,0,0,1,1,1,0,0,0,0,0,0,0,0,0,0,0,0,0,1,8,8,8,2,1,0,1,2,1,2,1,0
0,0,0,0,0,0,0,0,0,0,0,0,0,0,0,0,0,0,0,0,1,8,2,2,2,1,0,1,0,0,0,0
0,0,0,0,0,0,0,0,0,0,0,0,0,0,0,0,0,0,0,0,0,1,2,2,1,2,1,0,0,0,0,0
0,0,0,0,0,0,0,0,0,0,0,0,0,0,0,0,0,0,0,0,0,0,1,1,3,2,2,1,0,0,0,0
0,0,0,0,0,0,0,0,0,0,0,0,0,0,0,0,0,0,0,0,0,0,1,3,2,2,1,0,0,0,0,0
0,0,0,0,0,0,0,0,0,0,0,0,0,0,0,0,0,0,0,0,0,1,3,2,2,1,0,0,0,0,0,0
0,0,0,0,0,0,0,0,0,0,0,0,0,0,0,0,0,0,0,0,0,0,1,1,1,0,0,0,0,0,0,0
SpriteSpeccyBlock,2,4,4
7,0,1,7,0,1,7,0,1,7,0,1
7,0,1,7,0,1,7,0,1,7,0,1
7,0,1,7,0,0,7,0,0,7,0,1
7,0,1,7,0,1,7,0,1,7,0,1
SpriteBitmapBlock,3,32,32
0,0,0,0,0,1,1,1,0,0,0,0,0,0,0,0,0,0,0,0,0,0,0,0,0,0,0,0,0,0,0,0
0,0,0,0,1,3,4,3,1,0,0,0,0,0,0,0,0,0,0,0,0,0,0,0,0,0,0,0,0,0,0,0
0,0,0,0,0,1,2,1,1,1,1,1,1,1,0,0,0,0,0,0,0,0,0,0,0,0,0,0,0,0,0,0
0,0,0,0,1,9,2,2,8,9,9,9,9,9,1,1,0,0,0,0,0,0,0,0,0,0,0,0,0,0,0,0
0,0,0,0,1,9,8,8,6,8,8,7,7,7,9,9,1,0,0,0,0,0,0,0,0,0,0,0,0,0,0,0
0,0,0,1,9,7,8,8,8,6,6,3,2,3,2,3,2,1,0,0,0,0,0,0,0,0,0,0,0,0,0,0
0,0,1,1,7,7,7,8,8,8,3,2,3,2,3,2,3,2,1,0,0,0,0,0,0,0,0,0,0,0,0,0
0,1,2,2,2,3,2,3,2,3,2,3,7,7,7,7,9,8,1,1,1,0,0,0,0,0,0,0,0,0,0,0
0,1,6,2,2,2,3,2,3,2,3,7,7,9,9,2,8,8,8,8,2,1,1,0,0,0,0,0,0,0,0,0
0,1,8,6,2,2,8,8,7,7,7,9,9,8,2,1,2,8,8,1,8,8,2,1,1,0,0,0,0,0,0,0
0,1,2,8,6,7,7,7,7,9,9,2,2,8,8,2,1,2,1,0,1,8,8,2,1,1,0,0,0,0,0,0
0,0,1,2,7,7,9,2,2,8,2,2,1,2,8,2,2,2,1,1,2,2,8,8,2,1,0,0,0,0,0,0
0,0,1,7,7,9,2,7,7,2,2,1,1,1,2,2,2,1,0,1,2,2,1,1,1,0,0,0,0,0,0,0
0,1,7,7,9,2,7,1,7,7,2,8,1,1,8,2,2,1,1,2,2,2,1,0,0,0,0,0,0,0,0,0
1,7,7,1,1,1,1,7,1,7,2,1,1,1,1,2,1,9,9,2,2,1,0,1,0,0,0,0,0,0,0,0
1,1,1,0,0,0,1,2,2,2,2,1,1,1,2,1,9,7,7,7,9,1,1,7,1,0,0,0,0,0,0,0
0,0,0,0,0,0,0,1,2,2,1,1,8,2,1,2,2,7,7,9,7,7,7,7,1,0,0,0,0,0,0,0
0,0,0,0,0,0,0,0,1,1,2,2,2,1,1,1,2,2,2,7,7,9,9,9,1,0,0,0,1,0,0,0
0,0,0,1,1,1,1,0,0,0,1,1,1,1,5,5,1,2,2,2,7,9,1,8,1,1,1,1,8,1,0,0
1,1,1,2,4,2,1,1,0,0,1,1,2,1,5,5,1,1,2,2,2,9,8,1,8,8,8,8,8,1,1,1
1,4,4,3,3,4,2,1,1,1,2,2,2,2,1,1,6,1,1,2,2,8,8,8,8,8,8,8,1,2,3,1
1,2,2,3,3,3,3,4,4,8,8,2,1,4,4,6,1,6,1,2,8,1,8,8,6,6,8,8,1,2,2,3
3,3,3,3,3,3,3,3,3,8,8,8,3,3,3,6,1,6,1,8,8,8,8,8,8,8,8,2,2,1,2,2
1,2,2,3,3,3,3,3,1,2,8,2,1,2,2,6,1,6,1,1,8,6,8,1,1,8,2,2,2,1,2,2
1,3,3,3,3,2,2,1,1,1,1,1,1,1,1,1,6,1,0,1,8,6,8,8,1,1,1,1,1,2,2,1
1,1,1,2,2,2,1,0,0,0,0,0,0,0,0,0,1,0,0,1,8,8,8,2,1,0,0,0,0,1,1,0
0,0,0,1,1,1,0,0,0,0,0,0,0,0,0,0,0,0,0,1,8,2,2,2,1,0,0,0,0,0,0,0
0,0,0,0,0,0,0,0,0,0,0,0,0,0,0,0,0,0,0,0,1,2,2,2,1,0,0,0,0,0,0,0
0,0,0,0,0,0,0,0,0,0,0,0,0,0,0,0,0,0,0,1,3,1,2,1,0,0,0,0,0,0,0,0
0,0,0,0,0,0,0,0,0,0,0,0,0,0,0,0,0,0,0,1,2,3,1,2,1,0,0,0,0,0,0,0
0,0,0,0,0,0,0,0,0,0,0,0,0,0,0,0,0,0,0,0,1,2,2,1,0,0,0,0,0,0,0,0
0,0,0,0,0,0,0,0,0,0,0,0,0,0,0,0,0,0,0,0,0,1,1,0,0,0,0,0,0,0,0,0
SpriteSpeccyBlock,3,4,4
7,0,1,7,0,1,7,0,1,7,0,1
7,0,1,7,0,1,7,0,1,7,0,1
7,0,1,7,0,1,7,0,1,7,0,1
7,0,1,7,0,1,7,0,1,7,0,1
SpriteBitmapBlock,4,32,30
0,0,0,0,0,0,0,0,0,0,0,0,1,3,4,4,3,1,3,4,1,1,0,0,0,0,0,0,0,0
0,0,0,0,0,0,0,0,0,0,0,0,0,1,1,1,1,3,1,1,4,3,1,0,0,0,0,0,0,0
0,0,0,0,0,0,0,0,0,0,0,0,1,1,6,8,7,8,8,7,9,1,1,0,0,0,0,0,0,0
0,0,0,0,0,0,0,0,0,0,0,1,9,7,2,2,2,8,8,8,7,7,9,1,0,0,0,0,0,0
0,0,0,0,0,0,0,0,0,0,1,7,7,2,6,6,2,2,8,6,8,7,7,9,1,0,0,0,0,0
0,0,0,0,0,0,0,0,0,1,2,3,2,2,6,6,6,2,2,3,2,3,2,3,2,1,0,0,0,0
0,0,0,0,0,0,1,1,1,2,3,2,3,8,2,2,2,2,3,2,3,2,3,2,3,1,0,0,0,0
0,0,0,0,0,1,9,9,7,7,7,8,8,7,7,7,7,8,8,8,8,7,7,7,9,9,1,0,0,0
0,0,0,0,0,0,1,7,9,1,8,2,1,1,1,8,2,7,7,7,7,8,8,7,7,9,1,0,0,0
0,0,0,0,0,0,0,1,1,1,2,1,7,7,1,2,7,7,1,7,7,2,8,2,8,7,1,0,0,0
0,0,0,0,0,0,0,0,0,1,2,1,1,7,1,2,7,7,7,1,7,2,8,1,2,1,0,0,0,0
0,0,0,0,0,0,0,0,0,1,2,2,1,1,2,2,2,7,7,7,2,2,2,1,2,1,0,1,0,0
0,0,0,0,0,0,0,0,0,0,1,2,2,2,2,2,2,2,2,2,1,2,2,2,1,2,1,2,1,0
0,0,0,0,0,0,0,0,0,0,1,2,2,2,2,2,1,6,1,1,1,2,2,1,1,8,8,3,2,1
0,0,0,0,0,0,0,0,0,0,0,1,2,1,6,1,1,1,1,6,2,2,2,1,2,8,8,8,1,0
0,0,0,0,0,0,0,0,0,0,0,0,1,2,1,1,6,1,1,2,2,2,1,2,2,2,8,8,2,1
0,0,0,0,0,0,0,0,0,0,0,0,1,1,2,2,2,2,2,2,1,1,2,2,2,1,1,1,1,0
0,0,0,0,0,0,0,0,0,0,0,1,2,2,9,9,3,3,1,1,2,2,2,2,1,0,0,0,0,0
0,0,0,0,0,0,0,0,0,0,1,2,2,9,7,3,7,7,3,9,2,2,1,1,0,0,0,0,0,0
0,0,0,0,0,0,0,0,0,1,2,2,1,1,7,3,7,7,3,7,1,1,0,0,0,0,0,0,0,0
0,0,0,0,0,0,0,0,1,3,8,8,1,9,7,2,3,3,7,7,1,0,0,0,0,0,0,0,0,0
0,0,0,0,0,0,0,1,2,8,2,8,2,7,9,2,1,2,7,9,7,1,0,0,0,0,0,0,0,0
0,0,0,0,0,0,0,1,2,2,8,2,1,9,7,8,8,8,8,8,1,0,0,0,0,0,0,0,0,0
0,0,0,0,0,0,0,1,6,1,1,1,6,1,8,8,8,8,3,8,8,1,0,0,0,0,0,0,0,0
0,0,0,0,0,0,0,0,1,6,6,6,1,1,8,6,8,3,8,6,8,1,0,0,0,0,0,0,0,0
0,0,0,0,0,0,0,0,1,3,2,2,1,8,8,6,8,8,3,8,6,8,1,0,0,0,0,0,0,0
0,0,0,0,0,0,0,0,1,3,2,2,1,1,8,6,8,3,8,6,8,8,1,0,0,0,0,0,0,0
0,0,0,0,0,0,0,0,1,3,2,2,1,1,2,2,2,1,2,2,2,1,0,0,0,0,0,0,0,0
0,0,0,0,0,0,0,1,3,2,3,3,4,1,2,2,1,0,1,2,2,2,1,0,0,0,0,0,0,0
0,0,0,0,0,0,0,1,3,2,3,2,4,1,1,2,1,1,0,1,2,1,1,1,0,0,0,0,0,0
0,0,0,0,0,0,0,1,2,3,2,3,2,1,2,1,3,2,1,0,1,2,3,2,1,0,0,0,0,0
0,0,0,0,0,0,0,0,1,2,3,4,1,1,2,2,2,3,1,1,2,2,2,3,1,0,0,0,0,0
SpriteSpeccyBlock,4,4,3
7,0,0,7,0,0,7,0,0,7,0,0
7,0,1,7,0,0,7,0,0,7,0,0
7,0,1,7,0,0,7,0,0,7,0,1
7,0,1,7,0,0,7,0,1,7,0,1
SpriteBitmapBlock,5,32,31
0,0,0,0,0,0,0,0,0,0,0,0,0,0,0,1,3,4,4,1,0,0,0,0,0,0,0,0,0,0,0
0,0,0,0,0,0,0,0,0,0,0,0,0,1,1,1,1,3,1,1,1,0,0,0,0,0,0,0,0,0,0
0,0,0,0,0,0,0,0,0,0,0,0,1,1,9,8,7,8,8,7,9,1,1,0,0,0,0,0,0,0,0
0,0,0,0,0,0,0,0,0,0,0,1,9,7,2,2,2,8,8,8,7,7,9,1,0,0,0,0,0,0,0
0,0,0,0,0,0,0,0,0,0,1,7,7,2,6,6,2,2,8,6,8,7,7,9,1,0,0,0,0,0,0
0,0,0,0,0,0,1,1,1,1,2,3,2,2,6,6,6,2,2,3,2,3,2,3,2,1,0,0,0,0,0
0,0,0,0,0,1,9,9,7,9,7,2,3,8,2,2,2,2,3,2,3,2,3,2,3,1,0,0,0,0,0
0,0,0,0,0,0,1,9,9,7,7,8,8,7,7,7,7,8,8,8,8,7,7,7,9,9,1,0,0,0,0
0,0,0,0,0,0,0,1,1,9,3,2,1,1,1,8,2,7,7,7,7,8,8,7,7,9,1,0,0,0,0
0,0,0,0,0,0,0,0,0,1,2,1,7,7,1,2,7,7,1,7,7,2,8,2,8,7,1,0,0,0,0
0,0,0,0,0,0,0,0,0,1,2,1,1,7,1,2,7,7,7,1,7,2,8,1,2,1,0,0,0,0,0
0,0,0,0,0,0,0,0,0,1,2,2,1,1,2,2,2,7,7,7,2,2,2,1,2,1,0,0,0,0,0
0,0,0,0,0,0,0,0,0,0,1,2,2,2,2,2,2,2,2,2,1,2,2,2,1,1,0,1,0,0,0
0,0,0,0,0,0,0,0,0,0,1,2,2,2,2,2,2,1,6,1,2,2,2,1,1,2,1,2,1,0,0
0,0,0,0,0,0,0,0,0,0,0,1,2,6,1,1,1,1,2,2,2,2,2,1,1,8,8,3,2,1,0
0,0,0,0,0,0,0,0,0,0,0,0,1,2,1,6,1,2,2,2,2,2,1,1,2,2,8,8,1,0,0
0,0,0,0,0,0,0,0,0,0,0,0,0,1,1,2,2,2,2,2,2,1,1,1,2,2,2,8,8,2,1
0,0,0,0,0,0,0,0,0,0,0,0,1,1,2,1,9,1,1,9,1,1,2,2,2,2,2,1,1,1,0
0,0,0,0,0,0,0,0,0,0,0,1,1,2,2,9,1,5,5,1,9,2,2,2,2,1,1,0,0,0,0
0,0,0,0,0,0,0,0,0,1,1,2,2,2,1,7,1,5,5,1,7,2,2,1,1,0,0,0,0,0,0
0,0,0,0,0,0,0,0,1,2,3,8,2,1,9,7,2,1,1,7,7,1,1,0,0,0,0,0,0,0,0
0,0,0,0,0,0,0,0,0,1,8,8,8,1,7,9,2,2,7,7,9,1,0,0,0,0,0,0,0,0,0
0,0,0,0,0,0,0,0,1,2,8,2,7,9,7,2,8,8,8,3,3,1,0,0,0,0,0,0,0,0,0
0,0,0,0,0,0,0,1,6,1,1,1,7,1,1,8,6,8,8,8,3,8,1,0,0,0,0,0,0,0,0
0,0,0,0,0,0,0,0,1,6,6,7,1,0,1,8,6,8,3,6,8,8,1,0,0,0,0,0,0,0,0
0,0,0,0,0,0,0,0,1,3,2,2,1,0,1,6,8,3,8,8,6,8,1,0,0,0,0,0,0,0,0
0,0,0,0,0,0,0,0,1,3,2,2,1,1,8,8,6,8,3,6,8,8,1,0,0,0,0,0,0,0,0
0,0,0,0,0,0,0,0,1,3,2,2,1,1,8,2,2,1,1,2,2,2,1,0,0,0,0,0,0,0,0
0,0,0,0,0,0,0,1,3,2,3,3,4,1,1,2,2,1,1,2,2,1,0,0,0,0,0,0,0,0,0
0,0,0,0,0,0,0,1,3,2,3,2,4,2,3,1,2,1,1,2,1,0,0,0,0,0,0,0,0,0,0
0,0,0,0,0,0,0,1,2,3,2,3,2,2,2,3,1,1,2,2,3,1,0,0,0,0,0,0,0,0,0
0,0,0,0,0,0,0,0,1,2,3,4,1,2,2,2,2,1,1,2,2,3,1,0,0,0,0,0,0,0,0
SpriteSpeccyBlock,5,4,3
7,0,1,7,0,1,7,0,1,7,0,1
7,0,1,7,0,1,7,0,0,7,0,1
7,0,1,7,0,0,7,0,0,7,0,1
7,0,1,7,0,0,7,0,0,7,0,1
SpriteBitmapBlock,6,32,28
0,0,0,0,0,0,0,0,0,0,0,1,1,4,3,1,3,4,4,3,1,0,0,0,0,0,0,0
0,0,0,0,0,0,0,0,0,0,1,3,4,1,1,3,1,1,1,1,0,0,0,0,0,0,0,0
0,0,0,0,0,0,0,0,0,0,1,1,9,9,8,8,7,8,9,1,1,0,0,0,0,0,0,0
0,0,0,0,0,0,0,0,0,1,9,7,7,8,8,8,7,8,8,7,9,1,0,0,0,0,0,0
0,0,0,0,0,0,0,0,1,9,7,7,8,6,8,7,7,8,8,8,7,9,1,0,0,0,0,0
0,0,0,0,0,0,0,1,9,7,7,7,8,8,8,7,7,7,8,8,8,2,3,1,0,0,0,0
0,0,0,0,0,0,0,1,2,3,2,3,2,3,2,3,2,3,2,3,2,3,2,3,1,1,1,0
0,0,0,0,0,0,1,9,3,2,3,2,3,2,3,2,3,2,3,2,3,7,7,7,9,7,9,1
0,0,0,0,0,0,1,9,7,7,7,8,8,8,8,8,7,7,7,8,8,7,7,7,7,9,1,0
0,0,0,0,0,0,1,9,9,7,7,7,8,6,8,7,7,7,7,8,6,8,8,1,1,1,0,0
0,0,0,0,0,0,0,1,3,3,3,3,3,3,3,3,3,3,3,3,3,3,1,0,0,0,0,0
0,0,0,0,0,1,0,1,3,8,6,3,8,6,8,6,8,8,6,8,3,8,8,1,0,0,0,0
0,0,0,0,1,2,1,2,1,3,8,8,8,8,6,8,3,8,8,6,8,8,1,0,0,0,0,0
0,0,0,1,2,3,8,8,1,3,8,6,8,8,8,3,8,8,8,8,8,3,1,0,0,0,0,0
0,0,0,0,1,8,8,8,2,1,3,8,3,8,3,8,3,8,3,8,3,1,0,0,0,0,0,0
0,0,0,1,2,8,8,2,2,2,1,8,2,8,2,2,8,2,8,2,1,0,0,0,0,0,0,0
0,0,0,0,1,1,1,1,2,2,2,1,1,2,2,2,2,2,2,1,1,0,0,0,0,0,0,0
0,0,0,0,0,0,0,0,1,2,2,2,2,1,1,9,3,3,7,2,2,1,0,0,0,0,0,0
0,0,0,0,0,0,0,0,0,1,1,2,2,2,9,3,7,7,3,7,2,2,1,0,0,0,0,0
0,0,0,0,0,0,0,0,0,0,0,1,1,9,7,3,7,7,3,1,1,2,2,1,0,0,0,0
0,0,0,0,0,0,0,0,0,0,0,0,1,7,9,7,3,3,9,7,1,8,8,3,1,0,0,0
0,0,0,0,0,0,0,0,0,0,0,1,9,7,7,9,7,9,7,7,2,8,8,8,2,1,0,0
0,0,0,0,0,0,0,0,0,0,0,0,1,8,7,9,7,7,9,9,1,3,2,3,2,1,0,0
0,0,0,0,0,0,0,0,0,0,0,1,8,8,8,8,8,8,8,1,6,1,1,1,6,1,0,0
0,0,0,0,0,0,0,0,0,0,0,1,8,6,8,3,8,6,8,1,1,6,6,6,1,0,0,0
0,0,0,0,0,0,0,0,0,0,1,8,8,6,8,3,3,8,6,8,1,2,1,3,1,0,0,0
0,0,0,0,0,0,0,0,0,0,1,8,6,8,8,3,8,6,8,8,1,2,1,3,1,0,0,0
0,0,0,0,0,0,0,0,0,0,0,1,2,2,2,1,2,2,2,1,1,2,1,3,1,0,0,0
0,0,0,0,0,0,0,0,0,0,1,2,2,2,1,0,1,2,2,1,3,3,3,3,4,1,0,0
0,0,0,0,0,0,0,0,0,1,1,1,2,1,0,1,1,2,1,1,3,2,3,2,4,1,0,0
0,0,0,0,0,0,0,0,1,2,2,3,1,0,1,2,3,1,2,1,2,3,2,3,2,1,0,0
0,0,0,0,0,0,0,0,1,2,3,2,2,1,1,3,2,2,2,1,1,4,3,2,1,0,0,0
SpriteSpeccyBlock,6,4,3
7,0,1,7,0,1,7,0,1,7,0,1
7,0,1,7,0,0,7,0,0,7,0,1
7,0,1,7,0,0,7,0,0,7,0,1
7,0,1,7,0,0,7,0,0,7,0,1
SpriteBitmapBlock,7,32,27
0,0,0,0,0,0,0,0,0,0,0,0,0,1,4,4,3,1,0,0,0,0,0,0,0,0,0
0,0,0,0,0,0,0,0,0,0,0,1,1,1,1,3,1,1,1,0,0,0,0,0,0,0,0
0,0,0,0,0,0,0,0,0,0,1,1,9,9,8,8,7,8,9,1,1,0,0,0,0,0,0
0,0,0,0,0,0,0,0,0,1,9,7,7,8,8,8,7,8,8,7,9,1,0,0,0,0,0
0,0,0,0,0,0,0,0,1,9,7,7,8,6,8,7,7,8,8,8,7,9,1,0,0,0,0
0,0,0,0,0,0,0,1,9,7,7,7,8,8,8,7,7,7,8,8,8,2,3,1,1,1,0
0,0,0,0,0,0,0,1,2,3,2,3,2,3,2,3,2,3,2,3,2,3,9,7,7,9,1
0,0,0,0,0,0,1,9,3,2,3,2,3,2,3,2,3,2,3,2,3,7,7,7,9,1,0
0,0,0,0,0,0,1,9,7,7,7,8,8,8,8,8,7,7,7,8,8,7,9,1,1,0,0
0,0,0,0,0,0,1,9,9,7,7,7,8,6,8,7,7,7,7,8,6,8,1,0,0,0,0
0,0,0,0,0,0,0,1,3,3,3,3,3,3,3,3,3,3,3,3,3,3,1,0,0,0,0
0,0,0,0,0,0,0,1,3,8,8,6,8,6,8,6,8,3,6,3,8,8,1,0,0,0,0
0,0,0,0,0,0,0,1,3,3,8,8,8,8,8,6,8,8,6,8,8,8,1,0,0,0,0
0,0,0,0,0,1,0,1,1,3,6,8,8,8,8,8,8,8,8,8,8,3,1,0,0,0,0
0,0,0,0,1,2,1,2,1,1,3,8,8,3,8,8,3,8,3,8,3,1,0,0,0,0,0
0,0,0,1,2,3,8,8,1,1,1,8,3,8,2,3,8,2,8,2,1,0,0,0,0,0,0
0,0,0,0,1,8,8,8,2,1,1,1,1,2,2,2,2,2,2,1,1,0,0,0,0,0,0
0,0,0,1,2,8,8,2,2,2,2,1,1,9,9,9,1,1,9,2,1,1,0,0,0,0,0
0,0,0,0,0,0,1,1,2,2,2,2,2,2,7,1,5,5,1,2,2,1,1,0,0,0,0
0,0,0,0,0,0,0,0,1,1,2,2,2,9,7,1,5,5,1,2,2,2,1,1,0,0,0
0,0,0,0,0,0,0,0,0,0,1,1,1,7,9,7,1,1,9,7,1,8,8,3,1,0,0
0,0,0,0,0,0,0,0,0,0,0,1,9,7,7,9,7,9,7,9,2,8,8,8,2,1,0
0,0,0,0,0,0,0,0,0,0,0,1,9,3,7,9,7,7,9,1,1,1,3,2,3,2,1
0,0,0,0,0,0,0,0,0,0,0,1,8,8,8,8,8,8,8,1,1,6,1,1,1,6,1
0,0,0,0,0,0,0,0,0,0,0,1,8,6,8,3,8,6,8,1,0,1,6,6,6,1,0
0,0,0,0,0,0,0,0,0,0,0,1,8,8,8,3,3,8,6,8,1,1,2,1,3,1,0
0,0,0,0,0,0,0,0,0,0,0,1,8,8,6,8,3,8,6,8,1,1,2,1,3,1,0
0,0,0,0,0,0,0,0,0,0,0,0,1,2,2,1,2,2,2,1,0,1,2,1,3,1,0
0,0,0,0,0,0,0,0,0,0,0,1,2,2,1,0,1,2,2,1,1,3,3,3,3,4,1
0,0,0,0,0,0,0,0,0,0,1,1,2,2,1,0,1,2,1,2,1,3,2,3,2,4,1
0,0,0,0,0,0,0,0,0,1,2,3,1,2,1,1,2,1,3,2,1,2,3,2,3,2,1
0,0,0,0,0,0,0,0,0,1,3,2,2,1,0,1,2,3,2,1,0,1,4,3,2,1,0
SpriteSpeccyBlock,7,4,3
7,0,1,7,0,1,7,0,1,7,0,1
7,0,1,7,0,0,7,0,0,7,0,1
7,0,1,7,0,0,7,0,0,7,0,1
7,0,1,7,0,0,7,0,0,7,0,1
SpriteDataOffSet,&180
eof
