FileVersion,1
Sprites,64
Colorselector,0,45,22,0
Colorselector,1,0,0,0
Colorselector,2,86,86,86
Colorselector,3,172,172,172
Colorselector,4,255,255,255
Colorselector,5,128,0,128
Colorselector,6,0,255,255
Colorselector,7,255,0,0
Colorselector,8,0,255,64
Colorselector,9,247,121,200
Colorselector,10,128,128,255
Colorselector,11,0,0,255
Colorselector,12,0,128,0
Colorselector,13,180,237,103
Colorselector,14,255,0,128
Colorselector,15,0,128,64
Colorselector,16,255,0,255
spritebank,0
SpriteStart
SpriteBitmapBlock,0,32,32
0,0,0,0,0,0,0,0,0,0,0,0,0,0,0,0,0,0,0,0,0,0,0,1,1,5,5,1,1,0,0,0
0,0,0,0,0,0,0,0,0,0,0,0,0,0,0,0,0,0,0,0,1,1,1,9,5,1,1,9,9,1,1,0
0,0,0,0,0,0,0,0,0,0,0,0,0,0,0,0,0,0,0,1,5,9,9,5,5,1,0,1,1,5,1,1
0,0,0,0,0,0,0,0,0,0,0,0,0,0,0,0,0,1,1,9,1,1,1,1,1,5,1,0,0,1,5,1
0,0,0,0,0,0,0,0,0,0,0,0,0,0,0,0,1,5,9,1,1,9,5,9,1,1,5,1,0,1,5,1
0,0,0,0,0,0,0,0,0,0,0,0,0,0,1,1,5,1,1,1,1,1,1,1,1,9,9,5,1,0,1,1
0,1,1,1,1,1,1,1,1,0,0,0,0,1,1,9,1,1,1,1,1,9,5,1,1,1,9,9,1,1,0,0
1,1,3,4,1,4,1,4,1,1,0,0,0,1,5,1,1,5,1,5,9,1,1,1,1,1,1,1,5,1,0,0
1,3,1,1,4,1,4,1,4,1,1,0,1,1,5,1,9,1,1,1,1,1,5,5,5,1,1,1,5,1,1,0
4,1,1,3,1,4,4,3,4,3,1,0,1,5,1,1,5,1,1,5,1,1,5,4,4,5,1,1,1,5,1,0
3,1,4,1,1,1,1,3,1,4,1,1,1,9,1,5,1,1,5,3,5,1,4,5,5,5,5,1,1,9,1,0
1,1,4,1,0,1,3,1,4,3,4,1,1,9,1,9,1,5,4,4,5,4,4,1,1,7,9,5,5,1,1,0
0,0,1,1,1,4,1,1,1,1,3,4,1,9,1,5,1,5,3,4,4,4,4,4,1,7,5,1,9,1,0,0
0,0,0,0,1,1,1,1,4,3,1,4,1,5,1,1,1,5,5,3,4,4,4,4,4,4,5,1,1,0,0,0
0,0,0,0,0,0,1,4,1,1,1,1,1,5,1,1,5,1,1,3,4,4,1,4,4,4,3,1,0,0,0,0
0,0,0,0,0,0,1,1,1,0,1,1,5,1,1,5,6,1,5,1,3,4,2,1,4,3,1,1,0,0,0,0
0,0,0,0,0,0,0,0,0,0,1,5,1,1,1,6,1,1,5,1,1,3,3,3,1,1,1,0,0,0,0,0
0,0,0,0,0,0,0,0,0,1,5,1,5,1,6,5,2,2,5,1,1,5,1,1,1,0,0,0,0,0,0,0
0,0,0,0,0,0,0,0,0,1,6,5,1,4,1,2,7,7,2,6,5,1,1,1,1,1,1,0,0,0,0,0
0,0,0,0,0,0,0,0,0,1,6,6,4,1,1,2,7,7,2,1,6,4,4,5,4,4,4,1,0,0,0,0
0,0,0,0,0,0,0,0,1,6,6,1,1,1,1,5,2,2,1,1,6,3,3,5,4,3,1,1,0,0,0,0
0,0,0,0,0,0,0,1,6,1,1,1,1,6,1,4,4,1,6,6,6,1,1,1,1,1,1,0,0,0,0,0
0,0,0,0,0,0,0,0,1,4,6,1,1,1,6,3,4,1,1,4,1,0,0,0,0,0,0,0,0,0,0,0
0,0,0,0,0,0,0,0,1,2,2,6,1,1,1,1,1,1,6,1,1,0,0,0,0,0,0,0,0,0,0,0
0,0,0,0,0,0,0,0,1,3,2,6,4,4,6,1,1,1,1,6,1,0,0,0,0,0,0,0,0,0,0,0
0,0,0,0,0,0,0,1,4,3,3,1,1,2,2,6,4,4,1,6,1,0,0,0,0,0,0,0,0,0,0,0
0,0,0,0,0,0,1,6,4,4,1,0,1,3,2,2,1,1,6,1,1,0,0,0,0,0,0,0,0,0,0,0
0,0,0,0,0,0,1,6,4,6,1,1,4,3,3,1,0,1,1,0,0,0,0,0,0,0,0,0,0,0,0,0
0,0,0,0,0,0,1,6,6,6,1,6,4,4,1,0,0,0,0,0,0,0,0,0,0,0,0,0,0,0,0,0
0,0,0,0,0,0,1,6,4,4,1,6,6,6,4,1,0,0,0,0,0,0,0,0,0,0,0,0,0,0,0,0
0,0,0,0,0,0,0,1,1,1,0,1,6,6,4,1,0,0,0,0,0,0,0,0,0,0,0,0,0,0,0,0
0,0,0,0,0,0,0,0,0,0,0,0,1,1,1,0,0,0,0,0,0,0,0,0,0,0,0,0,0,0,0,0
SpriteSpeccyBlock,0,4,4
7,0,1,7,0,1,7,0,1,7,0,1
7,0,1,7,0,1,7,0,1,7,0,1
7,0,1,7,0,1,7,0,1,7,0,1
7,0,1,7,0,1,7,0,1,7,0,1
SpriteBitmapBlock,1,32,32
0,0,0,0,0,0,0,0,0,0,0,0,0,0,0,0,0,0,0,0,0,0,0,1,1,5,5,1,1,0,0,0
0,0,0,0,0,0,0,0,0,0,0,0,0,0,0,0,0,0,0,0,0,0,1,9,9,5,9,9,5,1,0,0
0,0,0,0,0,0,0,0,0,0,0,0,0,0,0,0,0,0,0,0,1,1,5,1,1,1,1,1,1,5,1,0
0,0,0,0,0,0,0,0,0,0,0,0,0,0,0,0,0,0,1,1,5,5,1,1,9,9,5,1,0,1,5,1
0,0,0,0,0,0,0,0,0,0,0,0,0,0,0,0,0,1,9,5,1,1,5,5,1,5,1,1,0,0,1,0
0,0,0,0,0,0,0,0,0,0,0,0,0,0,0,0,1,5,1,1,1,1,1,1,1,1,9,5,1,0,0,0
0,0,0,0,0,0,0,0,0,0,0,0,0,0,0,1,5,1,1,5,1,9,1,1,9,1,1,1,5,1,0,0
0,0,0,0,0,0,0,0,0,0,0,0,0,0,1,5,1,9,1,1,9,5,5,1,1,1,9,1,5,1,0,0
0,0,0,0,0,0,0,0,0,0,0,0,0,1,9,1,1,5,1,1,1,1,1,5,5,1,1,1,1,5,1,0
0,0,0,0,0,0,0,0,0,0,0,0,1,5,1,1,5,1,1,5,1,1,5,4,4,1,5,1,1,5,1,0
0,0,0,0,0,0,0,0,0,0,0,0,1,5,1,9,1,1,5,3,5,1,4,5,5,5,1,5,1,9,1,0
0,0,0,0,0,0,0,0,0,0,0,1,9,1,9,1,1,5,4,4,4,5,4,1,1,7,9,5,5,1,1,0
0,0,0,0,1,1,1,1,1,1,1,1,9,1,5,1,1,5,3,4,4,4,4,4,1,7,5,1,1,5,1,0
0,0,0,1,1,4,1,4,1,3,1,1,5,1,1,1,1,5,5,3,4,4,4,4,4,4,5,1,0,1,0,0
0,0,1,4,1,4,4,4,4,4,4,1,1,5,1,1,6,1,1,3,4,4,1,4,4,4,3,1,0,0,0,0
0,1,4,1,3,3,1,3,4,1,3,4,5,1,1,6,1,1,5,1,3,4,2,1,4,3,1,1,0,0,0,0
1,3,1,1,1,1,3,1,1,3,1,5,1,1,6,1,1,1,6,1,1,3,3,3,1,1,1,0,0,0,0,0
1,1,4,1,1,3,1,1,3,1,5,1,1,4,6,5,1,1,6,1,5,1,1,1,1,0,0,0,0,0,0,0
1,4,1,1,4,1,1,1,4,1,5,5,4,1,1,1,8,8,1,5,6,1,1,1,1,1,1,0,0,0,0,0
0,1,1,1,4,1,0,1,1,6,4,6,1,1,1,1,8,8,1,6,4,4,4,5,4,4,4,1,0,0,0,0
0,0,0,0,1,1,0,1,6,1,6,1,1,1,1,5,1,1,6,1,6,3,3,5,4,3,1,1,0,0,0,0
0,0,0,0,0,0,1,6,1,1,1,1,1,1,6,4,4,1,1,6,6,1,1,1,1,1,1,0,0,0,0,0
0,0,0,0,0,0,1,1,6,4,6,1,6,6,1,3,4,1,1,4,1,0,0,0,0,0,0,0,0,0,0,0
0,0,0,0,0,0,0,0,1,2,2,6,4,1,1,1,1,1,1,6,1,0,0,0,0,0,0,0,0,0,0,0
0,0,0,0,0,0,0,0,1,3,2,1,1,4,4,6,1,1,1,6,1,0,0,0,0,0,0,0,0,0,0,0
0,0,0,0,0,0,0,1,4,3,3,1,1,2,2,6,6,4,6,1,1,0,0,0,0,0,0,0,0,0,0,0
0,0,0,0,0,0,1,6,4,4,1,0,1,3,2,2,1,6,1,1,1,0,0,0,0,0,0,0,0,0,0,0
0,0,0,0,0,0,1,6,4,6,1,1,4,3,3,1,0,1,1,0,0,0,0,0,0,0,0,0,0,0,0,0
0,0,0,0,0,0,1,6,6,6,1,6,4,4,1,0,0,0,0,0,0,0,0,0,0,0,0,0,0,0,0,0
0,0,0,0,0,0,1,6,4,4,1,6,6,6,4,1,0,0,0,0,0,0,0,0,0,0,0,0,0,0,0,0
0,0,0,0,0,0,0,1,1,1,0,1,6,6,4,1,0,0,0,0,0,0,0,0,0,0,0,0,0,0,0,0
0,0,0,0,0,0,0,0,0,0,0,0,1,1,1,0,0,0,0,0,0,0,0,0,0,0,0,0,0,0,0,0
SpriteSpeccyBlock,1,4,4
7,0,1,7,0,1,7,0,1,7,0,1
7,0,1,7,0,1,7,0,1,7,0,1
7,0,1,7,0,1,7,0,0,7,0,1
7,0,1,7,0,1,7,0,1,7,0,1
SpriteBitmapBlock,2,32,32
0,0,0,1,1,5,5,1,1,0,0,0,0,0,0,0,0,0,0,0,0,0,0,0,0,0,0,0,0,0,0,0
0,1,1,9,9,1,1,5,9,1,1,1,0,0,0,0,0,0,0,0,0,0,0,0,0,0,0,0,0,0,0,0
1,1,5,1,1,0,1,5,5,9,9,5,1,0,0,0,0,0,0,0,0,0,0,0,0,0,0,0,0,0,0,0
1,5,1,0,0,1,5,1,1,1,1,1,9,1,1,0,0,0,0,0,0,0,0,0,0,0,0,0,0,0,0,0
1,5,1,0,1,5,1,1,9,5,9,1,1,9,5,1,0,0,0,0,0,0,0,0,0,0,0,0,0,0,0,0
1,1,0,1,5,9,9,1,1,1,1,1,1,1,1,5,1,1,0,0,0,0,0,0,0,0,0,0,0,0,0,0
0,0,1,1,9,9,1,1,1,5,9,1,1,1,1,1,9,1,1,0,0,0,0,1,1,1,1,1,1,1,1,0
0,0,1,5,1,1,1,1,1,1,1,9,5,1,5,1,1,5,1,0,0,0,1,1,4,1,4,1,4,3,1,1
0,1,1,5,1,1,1,5,5,5,1,1,1,1,1,9,1,5,1,1,0,1,1,4,1,4,1,4,1,1,3,1
0,1,5,1,1,1,5,4,4,5,1,1,5,1,1,5,1,1,5,1,0,1,3,4,3,4,4,1,3,1,1,4
0,1,9,1,1,5,5,5,5,4,1,5,3,5,1,1,5,1,9,1,1,1,4,1,3,1,1,1,1,4,1,3
0,1,1,5,5,9,7,1,1,4,4,5,4,4,5,1,9,1,9,1,1,4,3,4,1,3,1,0,1,4,1,1
0,0,1,9,1,5,7,1,4,4,4,4,4,3,5,1,5,1,9,1,4,3,1,1,1,1,4,1,1,1,0,0
0,0,0,1,1,5,4,4,4,4,4,4,3,5,5,1,1,1,5,1,4,1,3,4,1,1,1,1,0,0,0,0
0,0,0,0,1,3,4,4,4,1,4,4,3,1,1,5,1,1,5,1,1,1,1,1,4,1,0,0,0,0,0,0
0,0,0,0,1,1,3,4,1,2,4,3,1,5,1,6,5,1,1,5,1,1,0,1,1,1,0,0,0,0,0,0
0,0,0,0,0,1,1,1,3,3,3,1,1,5,1,1,6,1,1,1,5,1,0,0,0,0,0,0,0,0,0,0
0,0,0,0,0,0,0,1,1,1,5,1,1,5,2,2,5,6,1,5,1,5,1,0,0,0,0,0,0,0,0,0
0,0,0,0,0,1,1,1,1,1,1,5,6,2,7,7,2,1,4,1,5,6,1,0,0,0,0,0,0,0,0,0
0,0,0,0,1,4,4,4,5,4,4,6,1,2,7,7,2,1,1,4,6,6,1,0,0,0,0,0,0,0,0,0
0,0,0,0,1,1,3,4,5,3,3,6,1,1,2,2,5,1,1,1,1,6,6,1,0,0,0,0,0,0,0,0
0,0,0,0,0,1,1,1,1,1,1,6,6,6,1,4,4,1,6,1,1,1,1,6,1,0,0,0,0,0,0,0
0,0,0,0,0,0,0,0,0,0,0,1,4,1,1,4,3,6,1,1,1,6,4,1,0,0,0,0,0,0,0,0
0,0,0,0,0,0,0,0,0,0,0,1,1,6,1,1,1,1,1,1,6,2,2,1,0,0,0,0,0,0,0,0
0,0,0,0,0,0,0,0,0,0,0,1,6,1,1,1,1,6,4,4,6,2,3,1,0,0,0,0,0,0,0,0
0,0,0,0,0,0,0,0,0,0,0,1,6,1,4,4,6,2,2,1,1,3,3,4,1,0,0,0,0,0,0,0
0,0,0,0,0,0,0,0,0,0,0,1,1,6,1,1,2,2,3,1,0,1,4,4,6,1,0,0,0,0,0,0
0,0,0,0,0,0,0,0,0,0,0,0,0,1,1,0,1,3,3,4,1,1,6,4,6,1,0,0,0,0,0,0
0,0,0,0,0,0,0,0,0,0,0,0,0,0,0,0,0,1,4,4,6,1,6,6,6,1,0,0,0,0,0,0
0,0,0,0,0,0,0,0,0,0,0,0,0,0,0,0,1,4,6,6,6,1,4,4,6,1,0,0,0,0,0,0
0,0,0,0,0,0,0,0,0,0,0,0,0,0,0,0,1,4,6,6,1,0,1,1,1,0,0,0,0,0,0,0
0,0,0,0,0,0,0,0,0,0,0,0,0,0,0,0,0,1,1,1,0,0,0,0,0,0,0,0,0,0,0,0
SpriteSpeccyBlock,2,4,4
7,0,1,7,0,1,7,0,1,7,0,1
7,0,1,7,0,1,7,0,1,7,0,1
7,0,1,7,0,1,7,0,1,7,0,1
7,0,1,7,0,1,7,0,1,7,0,1
SpriteBitmapBlock,3,32,32
0,0,0,1,1,5,5,1,1,0,0,0,0,0,0,0,0,0,0,0,0,0,0,0,0,0,0,0,0,0,0,0
0,0,1,5,9,9,5,9,9,1,0,0,0,0,0,0,0,0,0,0,0,0,0,0,0,0,0,0,0,0,0,0
0,1,5,1,1,1,1,1,1,5,1,1,0,0,0,0,0,0,0,0,0,0,0,0,0,0,0,0,0,0,0,0
1,5,1,0,1,5,9,9,1,1,5,5,1,1,0,0,0,0,0,0,0,0,0,0,0,0,0,0,0,0,0,0
0,1,0,0,1,1,5,1,5,5,1,1,5,9,1,0,0,0,0,0,0,0,0,0,0,0,0,0,0,0,0,0
0,0,0,1,5,9,1,1,1,1,1,1,1,1,5,1,0,0,0,0,0,0,0,0,0,0,0,0,0,0,0,0
0,0,1,5,1,1,1,9,1,1,9,1,5,1,1,5,1,0,0,0,0,0,0,0,0,0,0,0,0,0,0,0
0,0,1,5,1,9,1,1,1,5,5,9,1,1,9,1,5,1,0,0,0,0,0,0,0,0,0,0,0,0,0,0
0,1,5,1,1,1,1,5,5,1,1,1,1,1,5,1,1,9,1,0,0,0,0,0,0,0,0,0,0,0,0,0
0,1,5,1,1,5,1,4,4,5,1,1,5,1,1,5,1,1,5,1,0,0,0,0,0,0,0,0,0,0,0,0
0,1,9,1,5,1,5,5,5,4,1,5,3,5,1,1,9,1,5,1,0,0,0,0,0,0,0,0,0,0,0,0
0,1,1,5,5,9,7,1,1,4,5,4,4,4,5,1,1,9,1,9,1,0,0,0,0,0,0,0,0,0,0,0
0,1,5,1,1,5,7,1,4,4,4,4,4,3,5,1,1,5,1,9,1,1,1,1,1,1,1,1,0,0,0,0
0,0,1,0,1,5,4,4,4,4,4,4,3,5,5,1,1,1,1,5,1,1,3,1,4,1,4,1,1,0,0,0
0,0,0,0,1,3,4,4,4,1,4,4,3,1,1,6,1,1,5,1,1,4,4,4,4,4,4,1,4,1,0,0
0,0,0,0,1,1,3,4,1,2,4,3,1,5,1,1,6,1,1,5,4,3,1,4,3,1,3,3,1,4,1,0
0,0,0,0,0,1,1,1,3,3,3,1,1,6,1,1,1,6,1,1,5,1,3,1,1,3,1,1,1,1,3,1
0,0,0,0,0,0,0,1,1,1,1,5,1,6,1,1,5,6,4,1,1,5,1,3,1,1,3,1,1,4,1,1
0,0,0,0,0,1,1,1,1,1,1,6,5,1,8,8,1,1,1,4,5,5,1,4,1,1,1,4,1,1,4,1
0,0,0,0,1,4,4,4,5,4,4,4,6,1,8,8,1,1,1,1,6,4,6,1,1,0,1,4,1,1,1,0
0,0,0,0,1,1,3,4,5,3,3,6,1,6,1,1,5,1,1,1,1,6,1,6,1,0,1,1,0,0,0,0
0,0,0,0,0,1,1,1,1,1,1,6,6,1,1,4,4,6,1,1,1,1,1,1,6,1,0,0,0,0,0,0
0,0,0,0,0,0,0,0,0,0,0,1,4,1,1,4,3,1,6,6,1,6,4,6,1,1,0,0,0,0,0,0
0,0,0,0,0,0,0,0,0,0,0,1,6,1,1,1,1,1,1,4,6,2,2,1,0,0,0,0,0,0,0,0
0,0,0,0,0,0,0,0,0,0,0,1,6,1,1,1,6,4,4,1,1,2,3,1,0,0,0,0,0,0,0,0
0,0,0,0,0,0,0,0,0,0,0,1,1,6,4,6,6,2,2,1,1,3,3,4,1,0,0,0,0,0,0,0
0,0,0,0,0,0,0,0,0,0,0,1,1,1,6,1,2,2,3,1,0,1,4,4,6,1,0,0,0,0,0,0
0,0,0,0,0,0,0,0,0,0,0,0,0,1,1,0,1,3,3,4,1,1,6,4,6,1,0,0,0,0,0,0
0,0,0,0,0,0,0,0,0,0,0,0,0,0,0,0,0,1,4,4,6,1,6,6,6,1,0,0,0,0,0,0
0,0,0,0,0,0,0,0,0,0,0,0,0,0,0,0,1,4,6,6,6,1,4,4,6,1,0,0,0,0,0,0
0,0,0,0,0,0,0,0,0,0,0,0,0,0,0,0,1,4,6,6,1,0,1,1,1,0,0,0,0,0,0,0
0,0,0,0,0,0,0,0,0,0,0,0,0,0,0,0,0,1,1,1,0,0,0,0,0,0,0,0,0,0,0,0
SpriteSpeccyBlock,3,4,4
7,0,1,7,0,1,7,0,1,7,0,1
7,0,1,7,0,1,7,0,1,7,0,1
7,0,1,7,0,0,7,0,1,7,0,1
7,0,1,7,0,1,7,0,1,7,0,1
SpriteBitmapBlock,4,32,32
0,0,0,0,0,0,0,0,0,0,0,0,0,0,0,0,1,5,5,9,9,5,5,1,1,0,0,0,0,0,0,0
0,0,0,0,0,0,0,0,0,0,0,0,0,1,1,1,5,5,1,1,1,1,1,9,9,1,0,0,0,0,0,0
0,0,0,0,0,0,0,0,0,0,0,0,1,5,5,5,5,5,5,5,5,1,0,1,1,9,1,0,0,0,0,0
0,0,0,0,0,0,0,0,0,0,1,5,5,1,1,1,1,1,1,1,1,5,1,1,0,1,5,1,0,0,0,0
0,0,0,0,0,0,0,0,0,1,5,1,1,1,1,1,9,5,1,1,1,1,9,5,1,0,1,5,1,0,0,0
0,0,0,0,0,0,0,0,1,9,1,1,1,5,9,5,1,1,9,5,1,1,1,9,9,1,1,5,1,0,0,0
0,1,1,4,1,0,0,1,9,1,5,1,1,1,1,1,1,1,1,1,1,1,1,1,5,1,0,1,0,0,0,0
1,4,4,2,3,1,1,5,1,5,1,5,5,1,1,1,1,1,1,1,1,5,5,1,1,5,1,0,1,4,1,0
4,3,1,1,1,4,1,5,1,1,1,4,1,5,5,9,1,1,9,5,5,1,5,1,9,1,0,1,3,1,4,1
4,1,1,1,3,1,3,5,1,4,3,4,1,7,4,5,4,1,5,4,7,1,3,5,1,9,1,4,1,1,1,3
4,3,1,1,2,1,1,5,1,4,3,4,1,7,5,1,1,4,1,7,5,1,3,5,1,5,3,4,1,1,1,3
3,1,3,4,1,1,1,1,5,1,4,4,4,1,1,1,4,4,4,1,1,4,3,1,1,5,1,1,3,1,1,3
1,0,1,4,2,1,1,5,1,1,1,3,4,4,4,4,4,3,4,4,4,4,1,1,5,1,1,1,2,1,1,4
0,1,4,1,2,3,1,1,5,1,1,3,4,1,1,4,4,4,4,4,4,3,1,1,4,4,1,1,1,4,3,4
0,0,1,0,1,1,3,2,5,1,1,1,3,1,7,7,1,1,1,4,3,1,1,5,4,4,1,3,2,4,1,4
0,0,0,0,0,0,1,1,1,5,1,5,1,3,3,7,7,1,3,5,1,1,4,5,5,1,3,1,4,1,0,1
0,0,0,0,0,0,0,1,5,5,1,6,1,1,5,3,3,3,5,1,6,4,4,4,1,2,1,1,4,1,0,0
0,0,0,0,0,0,0,1,5,1,6,1,1,6,1,5,2,2,1,6,1,6,4,1,2,1,0,0,1,0,0,0
0,0,0,0,0,0,1,5,1,1,6,1,1,6,1,2,7,7,2,1,1,1,6,1,5,1,0,0,0,0,0,0
0,0,0,0,0,0,0,1,5,1,3,6,1,6,1,2,7,7,2,1,1,6,1,5,1,0,0,0,0,0,0,0
0,0,0,0,0,0,0,1,5,1,4,3,6,1,1,1,2,2,1,6,6,1,1,1,5,1,0,0,0,0,0,0
0,0,0,0,0,0,0,0,1,5,4,4,1,1,1,1,1,1,1,1,4,5,1,5,1,0,0,0,0,0,0,0
0,0,0,0,0,0,0,1,5,1,5,5,5,1,6,4,1,1,1,1,6,1,5,1,0,0,0,0,0,0,0,0
0,0,0,0,0,0,0,0,1,1,4,4,3,1,1,1,4,6,1,1,1,4,1,0,0,0,0,0,0,0,0,0
0,0,0,0,0,0,0,0,0,1,4,4,6,1,1,1,1,1,1,1,1,6,1,0,0,0,0,0,0,0,0,0
0,0,0,0,0,0,0,0,0,0,1,4,5,6,4,4,1,1,1,4,6,1,0,0,0,0,0,0,0,0,0,0
0,0,0,0,0,0,0,0,0,0,0,1,1,2,2,1,4,4,6,1,1,0,0,0,0,0,0,0,0,0,0,0
0,0,0,0,0,0,0,0,0,0,0,0,1,3,3,1,1,3,3,1,0,0,0,0,0,0,0,0,0,0,0,0
0,0,0,0,0,0,0,0,0,0,0,1,6,4,4,1,1,4,4,1,0,0,0,0,0,0,0,0,0,0,0,0
0,0,0,0,0,0,0,0,0,0,1,4,6,6,6,1,1,6,6,4,1,0,0,0,0,0,0,0,0,0,0,0
0,0,0,0,0,0,0,0,0,1,4,6,6,6,1,0,1,6,6,6,4,1,0,0,0,0,0,0,0,0,0,0
0,0,0,0,0,0,0,0,0,0,1,6,6,1,0,0,0,1,6,6,6,1,0,0,0,0,0,0,0,0,0,0
SpriteSpeccyBlock,4,4,4
7,0,1,7,0,1,7,0,1,7,0,1
7,0,1,7,0,1,7,0,1,7,0,0
7,0,1,7,0,1,7,0,1,7,0,1
7,0,1,7,0,1,7,0,1,7,0,1
SpriteBitmapBlock,5,32,32
0,0,0,0,0,0,0,0,0,0,0,0,0,0,0,0,1,5,5,4,5,5,1,0,0,0,0,0,0,0,0,0
0,0,0,0,0,0,0,0,0,0,0,0,0,1,1,1,5,5,1,1,1,1,5,1,1,0,0,0,0,0,0,0
0,0,0,0,0,0,0,0,0,0,0,0,1,5,5,5,5,5,5,9,9,1,1,5,9,1,0,0,0,0,0,0
0,0,0,0,0,0,0,0,0,0,1,1,5,1,1,1,1,1,1,1,1,5,1,1,1,9,1,0,0,0,0,0
0,0,0,0,0,0,0,0,0,1,9,5,1,5,1,1,9,1,1,5,1,1,5,1,0,1,9,1,0,0,0,0
0,0,0,0,0,0,0,0,1,5,1,1,1,1,9,5,1,5,9,1,1,1,1,5,1,0,1,5,1,0,0,0
0,0,0,0,0,0,0,1,5,1,1,5,5,1,1,1,1,1,1,5,1,5,1,1,5,1,1,5,1,0,0,0
0,0,0,0,0,0,1,5,1,9,1,5,1,5,1,1,1,1,1,1,5,1,9,1,1,9,1,1,0,0,0,0
0,0,0,0,0,0,1,5,1,1,1,4,1,1,5,9,1,1,9,5,1,1,5,1,5,1,0,0,0,0,0,0
0,0,1,0,0,0,1,1,5,4,3,4,1,4,7,5,4,1,5,7,4,1,5,5,1,5,1,0,0,0,0,0
0,1,4,1,1,0,1,5,1,4,3,4,1,7,5,1,1,4,1,7,5,1,3,5,1,5,1,1,0,0,0,0
0,1,4,3,2,1,4,1,5,1,4,4,4,1,1,1,4,4,4,1,1,4,3,1,1,5,1,4,1,1,0,0
1,4,1,1,1,4,1,1,5,1,1,6,4,4,4,4,4,3,4,4,4,4,1,1,5,1,3,4,3,4,1,0
3,1,1,1,1,2,3,1,5,1,1,5,4,1,4,4,4,4,4,4,4,3,1,1,1,2,1,3,1,1,3,1
3,1,1,1,1,2,1,2,5,1,1,1,5,4,7,7,1,4,4,4,3,1,1,1,4,4,1,2,1,1,1,3
3,1,1,1,1,3,1,2,1,5,1,5,1,5,3,3,3,4,3,5,1,1,2,5,4,4,1,2,1,1,1,3
3,1,2,1,2,1,1,1,5,5,1,6,1,1,5,5,5,5,5,6,1,6,3,5,2,2,1,3,2,3,2,4
4,3,1,3,4,2,3,1,1,5,6,1,1,1,1,5,1,1,1,1,6,1,3,3,1,3,2,4,1,1,1,4
4,1,0,1,4,1,1,3,1,4,1,1,1,6,1,1,8,8,1,1,1,1,1,6,2,1,1,4,1,0,0,1
1,0,0,0,1,0,0,1,2,3,4,1,6,1,1,1,8,8,1,1,1,1,6,5,1,0,0,1,0,0,0,0
0,0,0,0,0,0,1,5,5,4,3,2,1,1,1,1,1,1,1,6,1,6,1,5,1,0,0,0,0,0,0,0
0,0,0,0,0,0,0,1,1,5,4,1,1,1,1,1,1,1,1,1,4,5,1,5,1,0,0,0,0,0,0,0
0,0,0,0,0,0,0,1,5,5,5,1,1,1,1,1,1,6,1,1,1,6,5,1,0,0,0,0,0,0,0,0
0,0,0,0,0,0,0,1,4,4,4,6,1,1,6,4,4,1,1,1,1,4,1,0,0,0,0,0,0,0,0,0
0,0,0,0,0,0,0,1,4,4,4,1,6,1,1,1,1,1,1,1,1,6,1,0,0,0,0,0,0,0,0,0
0,0,0,0,0,0,0,0,1,4,1,1,4,4,6,1,1,1,1,4,1,6,1,0,0,0,0,0,0,0,0,0
0,0,0,0,0,0,0,1,3,1,0,0,1,2,2,4,4,6,6,1,6,1,0,0,0,0,0,0,0,0,0,0
0,0,0,0,0,0,0,0,1,0,0,0,1,3,3,1,1,3,3,1,1,0,0,0,0,0,0,0,0,0,0,0
0,0,0,0,0,0,0,0,0,1,1,1,6,4,4,1,1,4,4,1,1,0,0,0,0,0,0,0,0,0,0,0
0,0,0,0,0,0,0,0,0,1,4,4,6,6,6,1,1,6,6,4,4,1,0,0,0,0,0,0,0,0,0,0
0,0,0,0,0,0,0,0,0,1,6,6,6,6,1,0,0,1,6,6,6,1,0,0,0,0,0,0,0,0,0,0
0,0,0,0,0,0,0,0,0,0,1,6,1,1,0,0,0,0,1,6,1,0,0,0,0,0,0,0,0,0,0,0
SpriteSpeccyBlock,5,4,4
7,0,1,7,0,1,7,0,1,7,0,1
7,0,1,7,0,1,7,0,1,7,0,1
7,0,1,7,0,1,7,0,0,7,0,1
7,0,1,7,0,1,7,0,1,7,0,1
SpriteBitmapBlock,6,32,32
0,0,0,0,0,0,0,0,0,1,5,9,9,5,5,1,0,0,0,0,0,0,0,0,0,0,0,0,0,0,0,0
0,0,0,0,0,0,0,1,1,5,1,1,1,1,5,9,1,1,1,0,0,0,0,0,0,0,0,0,0,0,0,0
0,0,0,0,0,0,1,9,5,1,1,9,5,5,5,5,9,9,5,1,0,0,0,0,0,0,0,0,0,0,0,0
0,0,0,0,0,1,5,1,1,1,9,1,1,1,1,1,1,1,1,5,1,1,0,0,0,0,0,0,0,0,0,0
0,0,0,0,1,5,1,0,1,5,1,1,5,1,1,1,1,1,5,1,9,5,1,0,0,0,0,0,0,0,0,0
0,0,0,1,5,1,0,1,5,1,1,1,1,1,1,1,1,1,1,1,1,1,5,1,0,0,0,0,0,0,0,0
0,0,0,1,5,1,1,5,1,1,5,1,1,1,1,1,1,5,1,1,5,1,1,5,1,0,0,0,0,0,0,0
0,0,0,0,1,1,5,1,1,5,1,1,1,1,1,1,9,1,1,1,1,1,5,1,5,1,0,0,0,0,0,0
0,0,0,0,0,0,1,5,1,1,1,1,1,1,1,1,1,9,1,1,1,1,1,5,5,1,0,0,0,0,0,0
0,0,0,0,0,0,1,5,1,1,1,5,1,1,1,1,5,1,1,1,1,1,1,5,1,0,1,0,0,1,0,0
0,1,0,0,1,1,5,1,1,1,1,1,9,1,1,1,1,1,1,1,1,1,1,1,5,1,4,1,1,4,1,0
1,4,1,1,4,1,5,1,1,1,1,1,5,1,1,1,1,1,1,9,1,1,1,1,5,2,4,2,3,4,1,0
1,4,2,3,4,2,3,1,1,1,1,1,1,1,1,1,1,1,1,1,1,1,1,5,3,1,4,1,1,1,4,1
1,3,1,1,3,1,1,3,1,1,1,1,1,9,1,1,1,1,9,5,1,1,2,3,1,1,3,1,3,1,1,3
3,1,1,1,3,1,1,1,2,2,1,1,1,5,1,5,1,1,1,1,1,2,1,1,1,1,3,1,3,1,1,3
3,1,1,1,3,1,1,2,1,1,3,1,5,1,1,5,1,5,1,1,3,1,2,1,1,1,3,1,1,1,1,3
4,2,3,2,3,1,1,1,2,1,1,3,5,1,1,1,1,1,5,3,1,1,2,1,1,1,1,4,1,3,1,3
4,1,1,1,4,2,3,1,1,1,1,2,1,5,1,1,2,2,5,2,1,1,1,1,1,3,2,4,2,1,2,4
1,0,0,1,4,1,1,3,3,3,3,2,2,1,5,2,7,7,2,2,2,3,3,2,3,1,1,4,1,0,1,4
0,0,0,0,1,0,0,1,5,1,1,1,5,1,5,2,7,7,2,1,5,1,1,5,1,0,0,1,0,0,0,1
0,0,0,0,0,0,1,5,5,1,1,5,1,1,1,1,2,2,5,1,5,1,5,1,5,1,0,0,0,0,0,0
0,0,0,0,0,0,0,1,5,1,1,1,5,1,1,1,1,5,1,1,1,1,5,1,1,0,0,0,0,0,0,0
0,0,0,0,0,0,0,0,1,5,1,5,1,1,5,1,1,9,1,1,1,5,1,0,0,0,0,0,0,0,0,0
0,0,0,0,0,0,0,0,1,6,5,1,5,5,1,9,5,1,5,5,5,5,1,0,0,0,0,0,0,0,0,0
0,0,0,0,0,0,0,0,0,1,4,1,1,1,1,1,1,1,1,1,5,6,1,0,0,0,0,0,0,0,0,0
0,0,0,0,0,0,0,0,0,1,6,1,4,1,1,1,1,1,1,4,6,1,0,0,0,0,0,0,0,0,0,0
0,0,0,0,0,0,0,0,0,0,1,6,1,6,6,4,4,6,6,1,1,0,0,0,0,0,0,0,0,0,0,0
0,0,0,0,0,0,0,0,0,0,0,1,1,2,2,1,1,2,2,1,0,0,0,0,0,0,0,0,0,0,0,0
0,0,0,0,0,0,0,0,0,0,0,0,1,3,3,1,1,3,3,1,0,0,0,0,0,0,0,0,0,0,0,0
0,0,0,0,0,0,0,0,0,0,0,0,1,4,4,1,1,4,4,6,1,0,0,0,0,0,0,0,0,0,0,0
0,0,0,0,0,0,0,0,0,0,0,1,4,6,6,6,1,6,6,6,4,1,0,0,0,0,0,0,0,0,0,0
0,0,0,0,0,0,0,0,0,0,1,4,6,6,6,1,0,1,6,6,6,4,1,0,0,0,0,0,0,0,0,0
SpriteSpeccyBlock,6,4,4
7,0,1,7,0,1,7,0,1,7,0,1
7,0,1,7,0,1,7,0,1,7,0,1
7,0,1,7,0,1,7,0,1,7,0,1
7,0,1,7,0,1,7,0,1,7,0,1
SpriteBitmapBlock,7,32,32
0,0,0,0,0,0,0,1,1,5,9,9,5,5,5,1,0,0,0,0,0,0,0,0,0,0,0,0,0,0,0,0
0,0,0,0,0,0,1,9,5,1,1,1,1,1,5,5,1,1,1,0,0,0,0,0,0,0,0,0,0,0,0,0
0,0,0,0,0,1,5,1,1,0,1,9,9,5,5,5,5,5,5,1,1,0,0,0,0,0,0,0,0,0,0,0
0,0,0,0,1,5,1,0,1,1,5,1,1,1,1,1,1,1,1,5,5,1,0,0,0,0,0,0,0,0,0,0
0,0,0,1,9,1,0,1,5,5,1,1,1,1,1,1,1,1,1,1,1,9,1,0,0,0,0,0,0,0,0,0
0,0,0,1,5,1,1,5,5,1,1,1,5,1,1,1,1,1,5,1,1,1,9,1,0,0,0,0,0,1,0,0
0,0,1,0,1,0,1,5,1,1,1,1,1,1,1,1,1,1,1,1,1,5,1,5,1,0,0,1,1,4,1,0
0,1,4,1,0,1,5,1,1,5,1,1,1,1,1,1,9,1,1,1,1,1,5,1,5,1,1,2,3,2,3,1
1,4,1,3,1,0,1,5,1,1,1,1,1,1,1,1,5,9,5,1,1,1,1,1,5,1,3,1,1,1,2,3
3,1,1,1,4,1,5,1,1,1,1,5,1,1,1,1,1,5,1,1,1,1,1,1,3,4,1,1,1,1,1,3
3,1,1,1,4,3,5,1,1,1,1,9,1,1,1,1,1,1,1,1,1,1,1,2,1,1,4,1,1,1,3,4
3,1,1,3,1,1,2,1,1,1,1,5,1,1,1,1,1,1,1,5,1,1,2,1,1,1,3,1,3,2,1,4
4,1,1,3,1,1,1,3,2,1,1,1,1,1,1,1,1,1,1,1,1,2,1,2,1,1,1,4,1,1,0,1
4,3,4,1,1,1,1,2,1,2,1,1,1,5,1,1,1,1,5,5,3,1,1,2,1,1,3,3,4,1,0,0
4,1,4,3,2,1,2,1,1,1,3,1,1,5,1,9,1,1,1,1,3,1,1,2,1,2,1,1,4,1,0,0
1,0,1,4,1,2,1,1,1,1,1,3,1,5,1,5,1,5,1,3,1,1,1,1,2,1,0,0,1,0,0,0
0,0,1,4,1,1,3,1,1,1,1,2,1,5,1,1,1,5,1,2,1,1,3,2,1,0,0,0,0,0,0,0
0,0,0,1,0,0,1,3,2,3,2,2,2,5,1,1,1,1,1,2,2,3,1,5,1,0,0,0,0,0,0,0
0,0,0,0,0,0,0,1,5,1,1,1,1,1,1,1,8,8,1,1,5,1,1,5,5,1,0,0,0,0,0,0
0,0,0,0,0,0,0,1,5,1,1,9,5,1,5,1,8,8,1,1,5,1,1,5,1,0,0,0,0,0,0,0
0,0,0,0,0,0,1,5,5,1,1,5,1,1,1,1,1,1,9,1,5,1,5,1,0,0,0,0,0,0,0,0
0,0,0,0,0,0,0,1,5,1,1,5,1,1,1,1,1,1,5,1,1,1,5,1,0,0,0,0,0,0,0,0
0,0,0,0,0,0,0,0,1,5,5,5,5,1,1,1,5,5,1,5,5,5,1,0,0,0,0,0,0,0,0,0
0,0,0,0,0,0,0,0,1,6,5,1,5,5,5,5,5,5,5,5,5,4,1,0,0,0,0,0,0,0,0,0
0,0,0,0,0,0,0,0,0,1,4,1,1,1,1,1,1,1,1,1,1,6,1,0,0,0,0,0,0,0,0,0
0,0,0,0,0,0,0,0,0,0,1,6,4,1,1,1,1,1,1,4,6,1,0,0,0,0,0,0,0,0,0,0
0,0,0,0,0,0,0,0,0,0,0,1,1,6,6,4,4,6,6,1,0,0,0,0,0,0,0,0,0,0,0,0
0,0,0,0,0,0,0,0,0,0,0,0,1,2,2,1,1,2,2,1,0,0,0,0,0,0,0,0,0,0,0,0
0,0,0,0,0,0,0,0,0,0,0,0,1,3,3,1,1,3,3,1,0,0,0,0,0,0,0,0,0,0,0,0
0,0,0,0,0,0,0,0,0,0,0,0,1,4,4,1,1,4,4,4,1,0,0,0,0,0,0,0,0,0,0,0
0,0,0,0,0,0,0,0,0,0,0,1,6,6,6,4,1,6,6,6,4,1,0,0,0,0,0,0,0,0,0,0
0,0,0,0,0,0,0,0,0,0,0,1,6,6,6,6,1,6,6,6,6,1,0,0,0,0,0,0,0,0,0,0
SpriteSpeccyBlock,7,4,4
7,0,1,7,0,1,7,0,1,7,0,1
7,0,1,7,0,1,7,0,1,7,0,1
7,0,1,7,0,1,7,0,0,7,0,1
7,0,1,7,0,1,7,0,1,7,0,1
SpriteBitmapBlock,8,16,16
0,0,0,1,1,5,5,1,1,0,0,0,0,0,0,0
0,1,1,6,6,1,1,5,6,1,1,1,0,0,0,0
1,1,5,1,1,0,1,5,5,6,6,5,1,0,0,0
1,5,1,0,0,1,5,1,1,1,1,1,6,1,1,0
1,5,1,0,1,5,1,1,6,5,6,1,1,6,5,1
1,1,0,1,5,6,6,1,1,1,1,1,1,1,1,5
0,0,1,1,6,6,1,1,1,5,6,1,1,1,1,1
0,0,1,5,1,1,1,1,1,1,1,6,5,1,5,1
0,1,1,5,1,1,1,5,5,5,1,1,1,1,1,6
0,1,5,1,1,1,5,4,4,5,1,1,5,1,1,5
0,1,6,1,1,5,5,5,5,4,1,5,3,5,1,1
0,1,1,5,5,6,10,1,1,4,4,5,4,4,5,1
0,0,1,6,1,5,10,1,4,4,4,4,4,3,5,1
0,0,0,1,1,5,4,4,4,4,4,4,3,5,5,1
0,0,0,0,1,3,4,4,4,1,4,4,3,1,1,5
0,0,0,0,1,1,3,4,1,2,4,3,1,5,1,7
SpriteSpeccyBlock,8,2,2
7,0,1,7,0,1
7,0,1,7,0,1
SpriteBitmapBlock,9,16,16
0,0,0,0,0,0,0,0,0,0,0,0,0,0,0,0
0,0,0,0,0,0,0,0,0,0,0,0,0,0,0,0
0,0,0,0,0,0,0,0,0,0,0,0,0,0,0,0
0,0,0,0,0,0,0,0,0,0,0,0,0,0,0,0
0,0,0,0,0,0,0,0,0,0,0,0,0,0,0,0
1,1,0,0,0,0,0,0,0,0,0,0,0,0,0,0
6,1,1,0,0,0,0,1,1,1,1,1,1,1,1,0
1,5,1,0,0,0,1,1,4,1,4,1,4,3,1,1
1,5,1,1,0,1,1,4,1,4,1,4,1,1,3,1
1,1,5,1,0,1,3,4,3,4,4,1,3,1,1,4
5,1,6,1,1,1,4,1,3,1,1,1,1,4,1,3
6,1,6,1,1,4,3,4,1,3,1,0,1,4,1,1
5,1,6,1,4,3,1,1,1,1,4,1,1,1,0,0
1,1,5,1,4,1,3,4,1,1,1,1,0,0,0,0
1,1,5,1,1,1,1,1,4,1,0,0,0,0,0,0
5,1,1,5,1,1,0,1,1,1,0,0,0,0,0,0
SpriteSpeccyBlock,9,2,2
7,0,1,7,0,1
7,0,1,7,0,1
SpriteBitmapBlock,10,12,16
0,0,0,0,0,1,1,1,3,3,3,1,1,5,1,1
0,0,0,0,0,0,0,1,1,1,5,1,1,5,2,2
0,0,0,0,0,1,1,1,1,1,1,5,8,2,10,10
0,0,0,0,1,4,4,4,5,4,4,8,1,2,10,10
0,0,0,0,1,1,3,4,5,3,3,8,1,1,2,2
0,0,0,0,0,1,1,1,1,1,1,7,8,7,1,4
0,0,0,0,0,0,0,0,0,0,0,1,9,1,1,4
0,0,0,0,0,0,0,0,0,0,0,1,1,8,1,1
0,0,0,0,0,0,0,0,0,0,0,1,8,1,1,1
0,0,0,0,0,0,0,0,0,0,0,1,7,1,9,9
0,0,0,0,0,0,0,0,0,0,0,1,1,8,1,1
0,0,0,0,0,0,0,0,0,0,0,0,0,1,1,0
SpriteSpeccyBlock,10,1,2
7,0,1,7,0,1
7,0,1,7,0,1
SpriteBitmapBlock,11,16,10
7,1,1,1,5,1,0,0,0,0
5,8,1,5,1,5,1,0,0,0
2,1,9,1,5,7,1,0,0,0
2,1,1,9,8,8,1,0,0,0
5,1,1,1,1,7,8,1,0,0
4,1,8,1,1,1,1,8,1,0
3,7,1,1,1,8,9,1,0,0
1,1,1,1,7,2,2,1,0,0
1,8,9,9,8,2,3,1,0,0
8,2,2,1,1,3,3,4,1,0
2,2,3,1,0,1,4,4,7,1
1,3,3,4,1,1,8,4,7,1
0,1,4,4,8,1,8,8,8,1
1,9,8,8,7,1,9,9,8,1
1,9,8,7,1,0,1,1,1,0
0,1,1,1,0,0,0,0,0,0
SpriteSpeccyBlock,11,2,1
7,0,1,7,0,1
7,0,1,7,0,1
SpriteBitmapBlock,12,16,16
0,0,0,1,1,5,5,1,1,0,0,0,0,0,0,0
0,0,1,5,6,6,5,6,6,1,0,0,0,0,0,0
0,1,5,1,1,1,1,1,1,5,1,1,0,0,0,0
1,5,1,0,1,5,6,6,1,1,5,5,1,1,0,0
0,1,0,0,1,1,5,1,5,5,1,1,5,6,1,0
0,0,0,1,5,6,1,1,1,1,1,1,1,1,5,1
0,0,1,5,1,1,1,6,1,1,6,1,5,1,1,5
0,0,1,5,1,6,1,1,1,5,5,6,1,1,6,1
0,1,5,1,1,1,1,5,5,1,1,1,1,1,5,1
0,1,5,1,1,5,1,4,4,5,1,1,5,1,1,5
0,1,6,1,5,1,5,5,5,4,1,5,3,5,1,1
0,1,1,5,5,6,10,1,1,4,5,4,4,4,5,1
0,1,5,1,1,5,10,1,4,4,4,4,4,3,5,1
0,0,1,0,1,5,4,4,4,4,4,4,3,5,5,1
0,0,0,0,1,3,4,4,4,1,4,4,3,1,1,8
0,0,0,0,1,1,3,4,1,2,4,3,1,5,1,1
SpriteSpeccyBlock,12,2,2
7,0,1,7,0,1
7,0,1,7,0,1
SpriteBitmapBlock,13,16,15
0,0,0,0,0,0,0,0,0,0,0,0,0,0,0
0,0,0,0,0,0,0,0,0,0,0,0,0,0,0
0,0,0,0,0,0,0,0,0,0,0,0,0,0,0
0,0,0,0,0,0,0,0,0,0,0,0,0,0,0
0,0,0,0,0,0,0,0,0,0,0,0,0,0,0
0,0,0,0,0,0,0,0,0,0,0,0,0,0,0
1,0,0,0,0,0,0,0,0,0,0,0,0,0,0
5,1,0,0,0,0,0,0,0,0,0,0,0,0,0
1,6,1,0,0,0,0,0,0,0,0,0,0,0,0
1,1,5,1,0,0,0,0,0,0,0,0,0,0,0
6,1,5,1,0,0,0,0,0,0,0,0,0,0,0
1,6,1,6,1,0,0,0,0,0,0,0,0,0,0
1,5,1,6,1,1,1,1,1,1,1,1,0,0,0
1,1,1,5,1,1,3,1,4,1,4,1,1,0,0
1,1,5,1,1,4,4,4,4,4,4,1,4,1,0
8,1,1,5,4,3,1,4,3,1,3,3,1,4,1
SpriteSpeccyBlock,13,2,1
7,0,1,7,0,1
7,0,1,7,0,1
SpriteBitmapBlock,14,12,16
0,0,0,0,0,1,1,1,3,3,3,1,1,8,1,1
0,0,0,0,0,0,0,1,1,1,1,5,1,8,1,1
0,0,0,0,0,1,1,1,1,1,1,8,5,1,11,11
0,0,0,0,1,4,4,4,5,4,4,9,7,1,11,11
0,0,0,0,1,1,3,4,5,3,3,8,1,8,1,1
0,0,0,0,0,1,1,1,1,1,1,7,7,1,1,4
0,0,0,0,0,0,0,0,0,0,0,1,9,1,1,4
0,0,0,0,0,0,0,0,0,0,0,1,7,1,1,1
0,0,0,0,0,0,0,0,0,0,0,1,8,1,1,1
0,0,0,0,0,0,0,0,0,0,0,1,1,7,9,8
0,0,0,0,0,0,0,0,0,0,0,1,1,1,8,1
0,0,0,0,0,0,0,0,0,0,0,0,0,1,1,0
SpriteSpeccyBlock,14,1,2
7,0,1,7,0,1
7,0,1,7,0,1
SpriteBitmapBlock,15,16,16
1,8,1,1,5,1,3,1,1,3,1,1,1,1,3,1
5,8,4,1,1,5,1,3,1,1,3,1,1,4,1,1
1,1,1,4,5,5,1,4,1,1,1,4,1,1,4,1
1,1,1,1,8,9,7,1,1,0,1,4,1,1,1,0
5,1,1,1,1,7,1,7,1,0,1,1,0,0,0,0
4,8,1,1,1,1,1,1,8,1,0,0,0,0,0,0
3,1,8,8,1,8,9,8,1,1,0,0,0,0,0,0
1,1,1,4,7,2,2,1,0,0,0,0,0,0,0,0
8,4,9,1,1,2,3,1,0,0,0,0,0,0,0,0
7,2,2,1,1,3,3,4,1,0,0,0,0,0,0,0
2,2,3,1,0,1,4,4,7,1,0,0,0,0,0,0
1,3,3,4,1,1,8,4,7,1,0,0,0,0,0,0
0,1,4,4,8,1,8,8,8,1,0,0,0,0,0,0
1,9,8,8,7,1,9,9,8,1,0,0,0,0,0,0
1,9,8,7,1,0,1,1,1,0,0,0,0,0,0,0
0,1,1,1,0,0,0,0,0,0,0,0,0,0,0,0
SpriteSpeccyBlock,15,2,2
7,0,1,7,0,1
7,0,1,7,0,1
SpriteDataOffSet,&180
eof
