FileVersion,1
Sprites,64
Colorselector,0,45,22,0
Colorselector,1,0,0,0
Colorselector,2,86,86,86
Colorselector,3,172,172,172
Colorselector,4,255,255,255
Colorselector,5,128,0,128
Colorselector,6,0,255,255
Colorselector,7,255,0,0
Colorselector,8,0,255,64
Colorselector,9,247,121,200
Colorselector,10,128,128,255
Colorselector,11,0,0,255
Colorselector,12,0,128,0
Colorselector,13,180,237,103
Colorselector,14,255,0,128
Colorselector,15,240,240,240
Colorselector,16,255,0,255
spritebank,0
SpriteStart
SpriteBitmapBlock,0,16,16
0,0,0,0,0,1,1,1,1,1,1,0,0,0,0,0
0,0,0,0,1,9,9,9,9,9,7,1,0,0,0,0
0,0,0,1,7,1,1,8,1,1,1,7,1,0,0,0
0,0,1,7,1,5,1,8,1,5,5,1,7,1,0,0
0,1,7,1,5,1,6,1,6,1,5,5,1,9,1,0
0,1,9,1,1,1,8,1,8,1,1,1,1,9,1,0
1,9,8,8,6,8,8,6,6,8,6,8,8,1,9,1
1,9,1,8,1,1,6,1,1,6,1,1,8,1,9,1
1,9,1,1,6,1,6,1,1,6,1,6,1,1,7,1
1,7,1,5,1,8,8,1,1,8,8,1,5,1,7,1
1,1,7,1,1,6,1,6,8,1,6,1,5,7,1,0
0,1,7,1,8,1,8,1,1,6,1,8,1,9,1,0
0,0,1,9,8,8,6,1,5,1,8,8,9,1,0,0
0,0,0,1,9,9,1,1,1,1,1,9,1,0,0,0
0,0,0,0,1,1,9,7,7,7,9,1,0,0,0,0
0,0,0,0,0,1,1,1,1,1,1,0,0,0,0,0
SpriteSpeccyBlock,0,2,2
7,0,1,7,0,1
7,0,1,7,0,1
SpriteAttribs,0,0,0,0
SpriteBitmapBlock,1,16,16
0,0,0,0,0,1,1,1,1,1,1,1,0,0,0,0
0,0,0,0,1,9,9,7,7,7,9,1,0,0,0,0
0,0,0,1,9,8,1,1,5,1,1,9,1,0,0,0
0,0,1,9,1,8,6,1,1,1,8,8,9,1,0,0
0,1,9,1,8,1,1,6,8,6,1,8,9,7,1,0
0,1,7,1,6,1,6,1,8,1,1,6,1,7,1,0
1,7,1,1,6,8,6,1,1,6,8,1,5,1,7,1
1,7,1,6,1,8,1,1,1,1,6,1,5,1,9,1
1,9,8,1,1,6,1,1,1,6,1,6,1,1,9,1
1,9,8,8,6,8,1,1,1,8,1,1,8,1,9,1
1,9,1,1,1,1,8,6,8,8,6,8,8,9,1,0
0,1,7,1,5,1,6,1,1,6,1,1,1,9,1,0
0,0,1,7,1,1,8,1,6,1,5,1,7,1,0,0
0,0,0,1,7,9,8,8,1,1,1,7,1,0,0,0
0,0,0,0,1,1,9,9,9,9,7,1,0,0,0,0
0,0,0,0,0,0,1,1,1,1,1,0,0,0,0,0
SpriteSpeccyBlock,1,2,2
7,0,1,7,0,0
7,0,1,7,0,1
SpriteAttribs,1,0,0,0
SpriteBitmapBlock,2,16,16
0,0,0,0,1,8,1,0,0,0,0,0,0,0,0,0
0,0,1,1,1,1,6,1,0,0,0,0,0,0,0,0
0,1,5,9,1,1,8,6,1,0,0,0,0,0,0,0
1,5,5,1,9,1,1,8,6,1,0,0,0,0,0,0
1,5,1,1,9,4,1,8,8,6,1,0,0,0,0,0
1,5,1,9,9,9,4,1,8,6,8,1,0,0,0,0
1,5,5,1,9,9,9,1,8,6,8,1,0,0,0,0
0,1,1,5,1,1,1,6,6,8,8,8,1,0,0,0
0,0,0,1,8,8,6,8,1,1,1,1,1,0,0,0
0,0,0,0,1,8,6,8,1,9,4,9,9,1,0,0
0,0,0,0,1,8,6,8,1,1,9,4,4,9,1,0
0,0,0,0,0,1,8,6,8,1,5,9,9,4,9,1
0,0,0,0,0,0,1,8,6,1,1,1,9,9,9,1
0,0,0,0,0,0,0,1,8,6,1,5,1,9,5,1
0,0,0,0,0,0,0,0,1,6,1,1,5,1,5,1
0,0,0,0,0,0,0,0,0,1,8,1,1,1,1,0
SpriteSpeccyBlock,2,2,2
7,0,1,7,0,1
7,0,1,7,0,1
SpriteAttribs,2,0,0,0
SpriteBitmapBlock,3,16,16
0,0,0,0,1,1,1,1,1,1,1,0,0,0,0,0
0,0,0,0,1,5,5,1,5,7,1,0,0,0,0,0
0,0,0,0,1,5,5,1,7,5,1,0,0,0,0,0
0,0,0,0,1,2,5,1,5,7,1,1,1,1,1,1
0,0,0,0,1,5,2,1,1,1,1,1,2,5,2,1
0,0,0,1,5,2,5,1,1,7,7,7,1,1,1,1
0,0,1,1,1,5,1,1,7,7,9,7,7,1,0,0
0,0,1,5,1,1,1,7,7,7,7,9,7,1,0,0
0,0,1,2,1,2,7,7,7,7,7,9,7,1,0,0
0,0,1,5,1,5,7,7,7,7,7,7,9,7,1,0
0,0,1,1,1,7,5,7,7,7,7,7,9,7,1,0
0,0,0,1,2,5,7,5,7,7,7,7,9,7,1,0
0,0,0,1,1,2,5,7,5,7,5,7,7,1,1,0
0,0,0,0,1,1,1,5,7,5,7,5,7,1,0,0
0,0,0,0,0,0,1,1,1,1,5,7,1,1,0,0
0,0,0,0,0,0,0,0,0,1,1,1,1,0,0,0
SpriteSpeccyBlock,3,2,2
7,0,1,7,0,1
7,0,1,7,0,1
SpriteAttribs,3,0,0,0
SpriteBitmapBlock,4,6,6
0,0,1,1,0,0
0,1,5,5,1,0
1,5,4,4,5,1
1,5,4,4,5,1
0,1,5,5,1,0
0,0,1,1,0,0
SpriteSpeccyBlock,4,1,1
7,0,0
SpriteAttribs,4,0,0,0
SpriteBitmapBlock,5,5,5
1,1,7,5,1
5,7,1,7,1
7,9,1,9,7
1,7,1,7,5
1,5,7,1,1
SpriteSpeccyBlock,5,1,1
7,0,0
SpriteAttribs,5,0,0,0
SpriteBitmapBlock,6,5,5
1,5,7,1,1
1,7,9,7,5
7,1,1,1,7
5,7,9,7,1
1,1,7,5,1
SpriteSpeccyBlock,6,1,1
7,0,0
SpriteAttribs,6,0,0,0
SpriteBitmapBlock,7,3,3
0,5,0
5,7,5
0,5,0
SpriteSpeccyBlock,7,1,1
7,0,0
SpriteAttribs,7,0,0,0
SpriteBitmapBlock,8,3,3
5,0,5
0,7,0
5,0,5
SpriteSpeccyBlock,8,1,1
7,0,0
SpriteAttribs,8,0,0,0
SpriteDataOffSet,&180
eof
