FileVersion,1
Sprites,64
Colorselector,0,0,0,0
Colorselector,1,16,16,16
Colorselector,2,32,32,32
Colorselector,3,48,48,48
Colorselector,4,64,64,64
Colorselector,5,80,80,80
Colorselector,6,96,96,96
Colorselector,7,112,112,112
Colorselector,8,128,128,128
Colorselector,9,144,144,144
Colorselector,10,160,160,160
Colorselector,11,176,176,176
Colorselector,12,192,192,192
Colorselector,13,208,208,208
Colorselector,14,224,224,224
Colorselector,15,240,240,240
SpriteStart
SpriteBitmapBlock,0,33,32
16,16,16,16,16,16,16,16,16,16,16,16,16,16,16,16,0,1,1,1,3,1,1,0,16,16,16,16,16,16,16,16
16,16,16,16,16,16,16,16,16,16,16,16,0,0,0,0,1,1,0,0,0,0,0,1,3,0,0,0,16,16,16,16
16,16,16,16,16,16,16,16,16,16,16,16,0,1,1,1,1,1,1,1,1,0,0,0,0,1,0,0,16,16,16,16
16,16,16,16,16,16,16,16,0,0,0,1,1,0,0,0,0,0,0,0,0,1,0,0,0,0,1,0,16,16,16,16
16,16,16,16,16,16,16,16,0,0,1,0,0,0,0,0,3,1,0,0,0,0,1,1,0,0,0,1,16,16,16,16
16,16,16,16,16,16,16,16,0,1,0,0,0,1,3,1,0,0,3,1,0,0,0,1,1,0,0,1,16,16,16,16
0,0,0,3,0,0,0,0,1,0,1,0,0,0,0,0,0,0,0,0,0,0,0,0,1,0,0,0,16,16,16,16
0,3,3,2,3,0,0,1,0,1,0,1,1,0,0,0,0,0,0,0,0,1,1,0,0,1,0,0,0,3,0,0
3,2,0,0,0,3,0,1,0,0,0,3,0,1,1,3,0,0,3,1,1,0,1,0,1,0,0,0,2,0,3,0
3,0,0,0,3,0,3,1,0,3,2,3,0,2,3,1,3,0,1,3,2,0,2,1,0,1,0,3,0,0,0,3
3,2,0,0,3,0,0,1,0,3,2,3,0,2,1,0,0,3,0,2,1,0,2,1,0,1,3,3,0,0,0,3
0,0,2,3,0,0,0,0,1,0,3,3,3,0,0,0,3,3,3,0,0,3,2,0,0,1,0,0,3,0,0,3
0,0,0,3,3,0,0,1,0,0,0,2,3,3,3,3,3,2,3,3,3,3,0,0,1,0,0,0,3,0,0,3
0,0,3,0,2,3,0,0,1,0,0,2,3,0,0,3,3,3,3,3,3,2,0,0,3,3,0,0,0,3,3,3
0,0,0,0,0,0,3,2,1,0,0,0,2,0,1,1,0,0,0,3,2,0,0,1,3,3,0,3,2,3,0,3
16,16,16,16,16,16,16,16,0,1,0,1,0,2,2,1,1,0,2,1,0,0,3,1,1,0,2,0,3,0,0,0
16,16,16,16,16,16,16,16,1,1,0,2,0,0,1,2,2,2,1,0,2,3,3,3,0,3,0,0,3,0,0,0
16,16,16,16,16,16,16,16,1,0,2,0,0,2,0,1,0,0,0,2,0,2,3,0,2,0,0,0,16,16,16,16
16,16,16,16,0,0,0,1,0,0,2,0,0,15,0,0,2,2,0,0,0,0,2,0,1,0,0,0,16,16,16,16
16,16,16,16,16,16,16,16,1,0,3,2,0,15,0,0,2,2,0,0,0,2,0,1,16,16,16,16,16,16,16,16
16,16,16,16,16,16,16,16,1,0,3,3,15,15,0,0,0,0,0,2,2,0,0,0,1,0,0,0,16,16,16,16
16,16,16,16,16,16,16,16,0,1,3,15,15,0,0,0,0,0,0,0,3,1,0,1,0,0,0,0,16,16,16,16
16,16,16,16,16,16,16,16,1,0,1,15,1,0,2,3,0,0,0,0,2,0,1,0,16,16,16,16,16,16,16,16
16,16,16,16,16,16,16,16,0,0,3,15,3,0,0,0,3,2,0,0,0,3,0,0,16,16,16,16,16,16,16,16
16,16,16,16,16,16,16,16,0,0,3,15,2,0,0,0,0,0,0,0,0,2,0,0,16,16,16,16,16,16,16,16
16,16,16,16,16,16,16,16,0,0,0,15,1,2,2,3,0,0,0,3,2,0,0,0,16,16,16,16,16,16,16,16
16,16,16,16,16,16,16,16,0,0,0,15,0,1,1,0,3,2,2,0,16,16,16,16,16,16,16,16,16,16,16,16
16,16,16,16,16,16,16,16,0,0,0,15,0,3,3,0,0,1,1,0,16,16,16,16,16,16,16,16,16,16,16,16
16,16,16,16,16,16,16,16,0,0,0,0,15,3,3,0,0,3,3,0,16,16,16,16,16,16,16,16,16,16,16,16
16,16,16,16,16,16,16,16,0,0,0,3,2,15,2,0,0,15,15,15,15,15,16,16,16,16,16,16,16,16,16,16
16,16,16,16,16,16,16,16,0,0,3,2,2,2,0,15,15,15,15,2,3,0,0,0,16,16,16,16,16,16,16,16
16,16,16,16,16,16,16,16,0,0,0,2,2,0,0,0,0,0,2,2,2,0,0,0,16,16,16,16,16,16,16,16
0,0,4,4,0,0,0,0,0,0,0,0,0,0,0,0,0,0,0,0,0,0,0,0,0,0,0,0,0,0,0,0
SpriteSpeccyBlock,0,4,4
3,0,0,3,0,0,3,0,0,3,0,0
7,0,0,7,0,1,7,0,1,7,0,0
7,0,1,5,0,1,5,0,1,5,0,0
7,0,1,5,0,0,5,0,0,5,0,0
eof
