FileVersion,1
Sprites,64
Colorselector,0,0,0,0
Colorselector,1,128,0,255
Colorselector,2,0,255,255
Colorselector,3,255,255,255
Colorselector,4,64,64,64
Colorselector,5,80,80,80
Colorselector,6,96,96,96
Colorselector,7,112,112,112
Colorselector,8,128,128,128
Colorselector,9,144,144,144
Colorselector,10,160,160,160
Colorselector,11,176,176,176
Colorselector,12,192,192,192
Colorselector,13,208,208,208
Colorselector,14,224,224,224
Colorselector,15,240,240,240
Colorselector,16,255,0,255
SpriteStart
SpriteBitmapBlock,0,16,16
0,0,0,0,0,1,1,1,1,1,1,0,0,0,0,0
0,0,0,0,1,6,6,6,6,6,10,1,0,0,0,0
0,0,0,1,10,1,1,9,1,1,1,11,1,0,0,0
0,0,1,11,1,5,1,9,1,5,5,1,10,1,0,0
0,1,10,1,5,1,8,1,8,1,5,5,1,6,1,0
0,1,6,1,1,1,7,1,7,1,1,1,1,6,1,0
1,6,9,9,8,7,7,8,8,7,8,9,9,1,6,1
1,6,1,9,1,1,8,1,1,8,1,1,9,1,6,1
1,6,1,1,8,1,8,1,1,8,1,8,1,1,10,1
1,10,1,5,1,7,7,1,1,7,7,1,5,1,11,1
1,1,11,1,1,8,1,8,7,1,8,1,5,10,1,0
0,1,10,1,9,1,7,1,1,8,1,9,1,6,1,0
0,0,1,6,9,9,8,1,5,1,9,9,6,1,0,0
0,0,0,1,6,6,1,1,1,1,1,6,1,0,0,0
0,0,0,0,1,1,6,10,11,10,6,1,0,0,0,0
0,0,0,0,0,1,1,1,1,1,1,0,0,0,0,0
SpriteSpeccyBlock,0,2,2
7,0,1,7,0,1
7,0,1,7,0,1
SpriteBitmapBlock,1,16,16
0,0,0,0,0,1,1,1,1,1,1,1,0,0,0,0
0,0,0,0,1,6,6,10,11,10,6,1,1,0,0,0
0,0,0,1,6,9,1,1,5,1,1,6,6,1,0,0
0,0,1,6,1,9,8,1,1,1,9,9,1,1,0,0
0,1,6,1,9,1,1,8,7,8,1,9,6,10,1,0
0,1,10,1,8,1,8,1,7,1,1,8,1,11,1,0
1,11,1,1,8,7,8,1,1,8,7,1,5,1,10,1
1,10,1,8,1,7,1,1,1,1,8,1,5,1,6,1
1,6,9,1,1,8,1,1,1,8,1,8,1,1,6,1
1,6,9,9,8,7,1,1,1,7,1,1,9,1,6,1
1,6,1,1,1,1,7,8,7,7,8,9,9,6,1,0
0,1,10,1,5,1,8,1,1,8,1,1,1,6,1,0
0,0,1,11,1,1,9,1,8,1,5,1,10,1,0,0
0,0,0,1,10,6,9,9,1,1,1,11,1,0,0,0
0,0,0,0,1,1,6,6,6,6,10,1,0,0,0,0
0,0,0,0,0,0,1,1,1,1,1,0,0,0,0,0
SpriteSpeccyBlock,1,2,2
7,0,1,7,0,1
7,0,1,7,0,1
SpriteBitmapBlock,2,16,16
0,0,0,0,1,9,1,0,0,0,0,0,0,0,0,0
0,0,1,1,1,1,9,1,0,0,0,0,0,0,0,0
0,1,14,11,1,1,12,9,1,0,0,0,0,0,0,0
1,14,14,1,11,1,1,12,9,1,0,0,0,0,0,0
1,14,1,1,11,4,1,13,12,9,1,0,0,0,0,0
1,14,1,11,11,11,4,1,13,9,13,1,0,0,0,0
1,14,14,1,11,11,11,1,12,9,12,1,0,0,0,0
0,1,1,14,1,1,1,9,9,12,13,13,1,0,0,0
0,0,0,1,13,12,9,12,1,1,1,1,1,0,0,0
0,0,0,0,1,12,9,13,1,11,4,11,11,1,0,0
0,0,0,0,1,13,9,12,1,1,11,4,4,11,1,0
0,0,0,0,0,1,12,9,12,1,14,11,11,4,11,1
0,0,0,0,0,0,1,12,9,1,1,1,11,11,11,1
0,0,0,0,0,0,0,1,12,9,1,14,1,11,14,1
0,0,0,0,0,0,0,0,1,9,1,1,14,1,14,1
0,0,0,0,0,0,0,0,0,1,9,1,1,1,1,0
SpriteSpeccyBlock,2,2,2
7,0,1,7,0,1
7,0,1,7,0,1
SpriteBitmapBlock,3,16,16
0,0,0,0,1,1,1,0,1,1,1,0,0,0,0,0
0,0,0,0,1,6,6,0,6,10,0,0,0,0,0,0
0,0,0,0,1,6,0,0,10,0,1,0,0,0,0,0
0,0,0,0,1,0,6,0,0,15,0,0,1,0,1,1
0,0,0,0,0,6,0,0,1,0,15,1,0,5,0,1
0,0,0,0,6,0,6,0,0,15,10,10,1,0,1,0
0,0,1,1,0,6,0,0,10,10,11,10,10,0,0,0
0,0,1,6,1,0,0,10,10,10,10,11,10,1,0,0
0,0,1,5,1,0,10,10,10,10,10,11,10,1,0,0
0,0,1,6,1,0,10,10,10,10,10,10,11,10,1,0
0,0,0,0,0,10,0,10,10,10,10,10,11,10,1,0
0,0,0,1,0,0,10,0,10,10,10,10,11,10,1,0
0,0,0,0,1,14,0,10,0,10,0,10,10,1,0,0
0,0,0,0,0,1,1,0,10,0,15,0,10,1,0,0
0,0,0,0,0,0,0,1,0,1,0,10,0,15,0,0
0,0,0,0,0,0,0,0,0,0,1,0,15,0,0,0
SpriteSpeccyBlock,3,2,2
7,0,1,7,0,0
7,0,0,7,0,0
SpriteDataOffSet,&180
eof
