FileVersion,1
Sprites,64
Colorselector,0,0,0,0
Colorselector,1,128,0,255
Colorselector,2,0,255,255
Colorselector,3,255,255,255
Colorselector,4,64,64,64
Colorselector,5,80,80,80
Colorselector,6,96,96,96
Colorselector,7,112,112,112
Colorselector,8,128,128,128
Colorselector,9,144,144,144
Colorselector,10,160,160,160
Colorselector,11,176,176,176
Colorselector,12,192,192,192
Colorselector,13,208,208,208
Colorselector,14,224,224,224
Colorselector,15,240,240,240
Colorselector,16,255,0,255
spritebank,0
SpriteStart
SpriteBitmapBlock,0,23,24
0,0,0,0,0,0,0,0,0,0,0,0,0,0,0,0,0,0,0,0,0,0,0,0
0,0,0,0,0,0,0,3,0,0,0,0,3,0,0,0,0,0,0,2,0,0,0,0
0,0,0,0,0,0,0,0,0,0,0,2,0,0,0,0,0,0,0,3,2,0,0,0
2,0,0,0,2,1,2,1,2,1,2,1,2,0,0,0,0,0,3,0,0,0,0,0
0,1,2,1,0,0,0,0,1,0,0,0,0,1,2,1,2,1,2,0,0,0,0,3
0,0,0,0,0,0,0,1,0,0,0,0,0,0,0,0,0,0,0,1,2,1,2,0
1,0,1,0,1,2,0,0,0,0,0,0,0,0,0,0,0,0,0,0,0,0,0,1
0,1,0,1,0,1,3,1,0,1,0,0,0,0,0,0,0,0,0,0,0,0,0,0
1,0,1,0,1,0,1,2,1,0,1,0,1,0,1,0,0,0,0,0,0,0,0,0
0,1,0,1,0,1,0,1,0,1,0,1,0,1,0,1,0,1,0,1,0,2,0,0
1,0,1,0,1,0,1,0,1,0,1,0,2,0,1,0,1,0,1,0,3,0,1,0
0,1,0,2,0,1,0,1,0,1,0,3,0,1,0,1,0,1,0,2,0,1,0,1
1,0,3,0,1,0,1,0,1,0,2,0,1,0,1,0,1,0,1,0,1,0,1,0
0,2,0,1,0,1,0,1,0,1,0,1,0,1,0,3,0,1,0,1,0,1,0,1
1,0,1,0,1,0,1,0,1,0,1,0,1,0,1,0,3,0,1,0,1,0,0,0
0,1,0,1,0,2,0,1,0,1,0,1,0,1,0,1,0,2,0,0,0,0,0,0
1,0,1,0,1,0,3,0,0,0,0,0,0,0,0,0,0,0,0,0,0,0,0,0
0,1,0,1,0,0,0,3,0,0,0,0,0,0,0,0,0,0,0,0,0,2,1,2
0,0,0,0,0,0,0,0,2,0,0,0,0,0,0,0,1,2,1,2,1,0,0,0
0,0,0,0,0,0,0,0,0,0,0,0,1,2,1,2,0,0,0,0,2,0,0,0
1,0,0,2,1,0,0,0,0,2,1,2,0,0,3,0,0,0,0,0,3,2,0,0
0,2,1,0,0,2,1,2,1,0,0,0,0,0,0,2,0,0,0,0,2,0,0,0
0,0,0,0,0,0,2,0,0,3,0,0,0,0,0,0,0,0,0,0,0,0,0,0
SpriteSpeccyBlock,0,3,3
7,0,1,7,0,1,7,0,1
7,0,1,7,0,1,7,0,1
7,0,1,7,0,1,7,0,1
SpriteAttribs,0,0,0,0
SpriteBitmapBlock,1,20,24
0,0,0,0,0,0,0,0,0,0,0,0,0,0,0,0,0,0,0,0,0,0,0,0
0,0,0,0,0,0,0,0,0,0,0,0,0,0,0,0,0,0,0,0,0,0,0,0
0,0,0,0,0,0,0,0,0,0,0,0,0,0,0,0,0,0,0,0,0,0,0,0
2,0,0,0,0,0,0,0,0,3,0,0,0,0,0,0,0,0,0,0,0,0,2,0
0,0,3,0,0,0,0,3,0,0,2,0,0,0,0,0,0,2,0,0,2,2,3,0
0,0,0,3,0,0,3,0,0,0,3,0,0,0,0,0,0,2,0,0,0,0,0,3
2,1,2,1,2,1,3,1,2,1,2,1,2,1,2,0,0,0,2,0,0,0,0,2
0,0,0,0,0,0,0,2,0,0,0,0,0,0,0,2,1,2,1,2,1,2,1,2
0,0,0,0,0,0,2,0,0,0,0,0,0,0,0,0,0,0,0,0,0,0,0,0
0,1,0,0,0,1,0,0,0,1,0,0,2,1,0,0,0,3,0,0,0,0,0,0
1,0,3,0,1,0,1,0,1,0,1,3,1,0,1,0,2,0,1,0,0,0,1,0
2,3,0,1,0,1,0,1,0,1,3,1,0,1,0,1,0,1,0,1,0,3,0,1
1,0,1,0,1,0,1,0,1,0,1,0,1,0,1,0,1,0,1,0,1,0,3,0
0,1,0,0,2,1,0,0,0,1,3,3,0,1,0,0,0,1,0,0,0,1,0,2
0,0,0,0,0,2,0,0,0,0,0,0,2,0,0,0,0,0,0,0,0,0,0,0
0,2,0,0,0,0,2,0,0,0,0,0,0,0,0,2,1,2,1,2,1,2,1,2
2,0,0,0,0,1,2,1,2,1,2,1,2,1,2,0,0,0,0,3,0,0,0,2
1,2,1,2,1,0,0,2,0,0,0,3,0,0,0,0,0,0,0,3,0,0,0,3
0,3,0,0,0,0,2,0,2,0,0,0,3,0,0,0,0,0,2,0,0,0,3,0
0,0,3,0,0,2,0,0,0,2,0,0,0,2,0,0,0,0,0,0,0,0,3,0
SpriteSpeccyBlock,1,3,3
7,0,1,7,0,1,7,0,1
7,0,1,7,0,1,7,0,1
7,0,1,7,0,1,7,0,1
SpriteAttribs,1,0,0,0
SpriteBitmapBlock,2,20,24
0,0,0,0,0,0,0,0,0,0,0,0,0,0,0,0,0,0,0,0,0,0,0,0
0,0,0,0,0,0,0,0,0,0,0,0,0,0,0,0,0,0,0,0,0,0,0,0
0,0,0,0,0,0,0,0,0,0,0,0,0,0,0,0,0,0,0,0,0,0,0,0
0,0,0,0,0,0,0,0,0,0,0,0,0,0,0,0,0,0,0,0,0,0,0,0
0,0,0,0,0,0,0,0,0,0,0,0,0,0,0,0,0,0,0,0,0,0,0,0
0,0,0,0,0,0,0,0,0,0,0,0,0,0,0,0,0,0,0,0,0,0,0,0
0,0,0,0,0,0,3,0,0,0,3,0,0,0,0,0,0,3,0,0,0,0,0,0
1,2,0,0,0,3,0,0,0,0,0,3,0,0,2,0,3,0,0,0,0,0,0,0
0,0,1,2,1,2,1,2,1,2,1,2,0,0,0,2,0,0,0,0,0,2,0,0
0,2,0,0,0,0,0,0,0,0,0,0,2,1,2,1,2,1,0,0,0,3,0,0
1,0,0,0,1,0,1,3,0,0,1,0,0,0,0,0,0,0,1,2,1,3,1,2
0,1,0,1,2,1,0,1,2,1,0,1,2,1,0,0,0,1,0,0,0,2,0,1
1,0,1,3,1,0,1,0,1,0,1,3,1,0,1,2,1,0,1,3,1,0,1,0
0,0,0,0,0,0,0,0,0,0,0,0,0,0,0,0,2,0,0,0,2,1,2,1
0,0,2,1,2,1,2,1,2,1,2,1,2,1,2,1,2,1,2,1,0,0,0,2
1,2,0,0,0,3,0,0,0,0,0,0,2,0,0,0,0,0,0,2,0,0,0,0
0,0,0,0,2,0,3,0,0,0,0,0,0,2,0,0,0,0,2,0,0,0,0,0
0,0,0,0,0,0,0,0,0,0,0,0,2,0,2,0,0,0,0,0,0,0,0,0
0,0,0,0,0,0,0,0,0,0,0,0,0,0,0,0,0,0,0,0,0,0,0,0
2,0,0,0,0,0,0,0,0,0,0,0,0,0,0,0,0,0,0,0,0,0,0,0
SpriteSpeccyBlock,2,3,3
7,0,1,7,0,1,7,0,1
7,0,1,7,0,1,7,0,1
7,0,1,7,0,1,7,0,1
SpriteAttribs,2,0,0,0
SpriteBitmapBlock,3,16,24
0,0,0,0,0,0,0,0,0,0,0,0,0,0,0,0,0,0,0,0,0,0,0,0
0,0,0,0,0,0,0,0,0,0,0,0,0,0,0,0,0,0,0,0,0,0,0,0
0,0,0,0,0,0,0,0,0,0,0,0,0,0,0,0,0,0,0,0,0,0,0,0
0,0,0,0,0,0,0,0,0,0,0,0,0,0,0,0,0,0,0,0,0,0,0,0
0,0,0,0,0,0,0,0,0,0,0,0,0,0,0,0,0,0,0,0,0,0,0,0
0,0,0,0,0,0,0,0,0,0,0,0,0,0,0,0,0,0,0,0,0,0,0,0
0,0,0,0,0,0,0,0,0,0,0,0,0,0,0,0,0,0,0,0,0,0,0,0
0,0,0,0,0,0,0,0,0,0,0,0,0,0,0,0,0,0,0,0,0,0,0,0
0,2,0,0,0,0,0,2,0,0,0,0,0,0,0,0,0,0,0,0,0,0,0,0
2,0,0,0,0,0,0,0,2,0,3,0,0,0,0,0,0,0,0,0,0,0,0,0
1,2,1,2,0,0,0,0,0,3,0,0,0,0,0,0,0,0,0,3,0,0,0,0
0,2,0,1,2,1,2,1,2,1,2,1,2,1,2,0,0,0,2,0,0,0,0,0
1,0,1,0,1,0,1,0,1,0,1,0,1,0,1,2,1,2,1,2,1,3,3,3
2,1,2,1,2,1,2,1,2,1,2,1,2,1,2,0,0,0,0,0,0,0,0,0
0,0,0,0,0,0,0,3,0,0,0,0,0,0,0,3,0,0,0,0,0,0,0,0
3,0,0,0,0,0,2,0,3,0,0,0,0,0,0,0,0,0,0,0,0,0,0,0
SpriteSpeccyBlock,3,2,3
7,0,1,7,0,1,7,0,1
7,0,1,7,0,1,7,0,1
SpriteAttribs,3,0,0,0
SpriteBitmapBlock,4,16,24
0,0,0,0,0,0,0,0,0,0,0,0,0,0,0,0,0,0,0,0,0,0,0,0
0,0,0,0,0,0,0,0,0,0,0,0,0,0,0,0,0,0,0,0,0,0,0,0
0,0,0,0,0,0,0,0,0,0,0,0,0,0,0,0,0,0,0,0,0,0,0,0
0,0,0,0,0,0,0,0,0,0,0,0,0,0,0,0,0,0,0,0,0,0,0,0
0,0,0,0,0,0,0,0,0,0,0,0,0,0,0,0,0,0,0,0,0,0,0,0
0,0,0,0,0,0,0,0,0,0,0,0,0,0,0,0,0,0,0,0,0,0,0,0
0,0,0,0,0,0,0,0,0,0,0,0,0,0,0,0,0,0,0,0,0,0,0,0
0,0,0,0,0,0,0,0,0,0,0,0,0,0,0,0,0,0,0,0,0,0,0,0
0,0,0,0,0,0,0,0,0,0,0,0,0,0,0,3,0,2,0,0,0,0,0,3
0,0,0,0,0,0,0,0,3,0,0,0,0,0,0,0,3,0,0,0,0,0,0,0
0,0,0,0,0,0,0,0,0,2,1,2,1,2,1,2,1,2,1,2,1,2,1,2
3,3,3,1,2,1,2,1,2,1,0,1,0,1,0,1,0,1,0,1,0,1,0,1
0,0,0,0,0,2,0,0,0,2,1,2,1,2,1,2,1,2,1,2,1,0,2,0
0,0,0,0,3,0,0,0,0,0,0,0,0,0,3,0,0,0,0,0,2,1,2,1
0,0,0,0,0,0,0,0,0,0,0,0,0,3,0,2,0,0,0,0,0,0,0,2
0,0,0,0,0,0,0,0,0,0,0,0,0,0,0,0,2,0,0,0,0,0,2,0
SpriteSpeccyBlock,4,2,3
7,0,1,7,0,1,7,0,1
7,0,1,7,0,1,7,0,1
SpriteAttribs,4,0,0,0
SpriteBitmapBlock,5,18,24
0,0,0,0,0,0,0,0,0,0,0,0,0,0,0,0,0,0,0,0,0,0,0,0
0,0,0,0,0,0,0,0,0,0,0,0,0,0,0,0,0,0,0,0,0,0,0,0
0,0,0,0,0,0,0,0,0,0,0,0,0,0,0,0,0,0,0,0,0,0,0,0
0,0,0,0,0,0,0,0,0,0,0,0,0,0,0,0,0,0,0,0,0,0,0,0
0,0,0,0,0,0,0,0,0,0,0,0,0,0,0,0,0,0,0,0,0,0,0,2
0,0,0,0,0,0,0,0,0,0,0,0,0,0,0,0,0,0,0,0,0,0,0,0
0,0,0,0,0,0,0,0,0,2,0,2,0,0,0,0,0,0,0,0,0,0,0,0
0,0,0,0,0,2,0,0,0,0,2,0,0,0,0,0,0,3,0,2,0,0,0,0
0,0,0,0,2,0,0,0,0,0,0,2,0,0,0,0,0,0,3,0,0,0,2,1
2,0,0,0,1,2,1,2,1,2,1,2,1,2,1,2,1,2,1,2,1,2,0,0
1,2,1,2,0,0,0,2,0,0,0,0,0,1,0,0,0,1,0,0,0,0,1,0
0,1,0,1,3,1,0,1,2,1,0,1,3,1,0,1,0,1,0,1,3,1,0,1
1,0,2,0,0,0,1,0,0,0,1,2,1,0,1,2,1,0,1,2,1,0,1,0
2,1,3,1,2,1,0,0,0,1,0,0,0,1,0,0,3,1,0,1,0,0,0,1
0,0,3,0,0,0,1,2,1,2,1,2,0,0,1,0,0,0,1,0,0,0,2,0
0,0,2,0,0,0,0,0,2,0,0,0,2,1,2,1,2,1,2,1,2,1,0,0
0,0,0,0,0,0,0,3,0,2,0,0,3,0,0,0,0,0,3,0,0,0,2,1
0,0,0,0,0,0,3,0,0,0,0,0,0,3,0,0,0,3,0,0,0,0,0,0
SpriteSpeccyBlock,5,3,3
7,0,1,7,0,1,7,0,1
7,0,1,7,0,1,7,0,1
7,0,1,7,0,1,7,0,1
SpriteAttribs,5,0,0,0
SpriteBitmapBlock,6,21,24
0,0,0,0,0,0,0,0,0,0,0,0,0,0,0,0,0,0,0,0,0,0,0,0
0,0,0,0,0,0,0,0,0,0,0,0,0,0,0,0,0,0,0,0,0,0,0,0
0,0,0,0,0,0,0,0,0,0,0,0,0,0,0,0,0,0,0,0,0,0,0,0
0,0,0,0,0,0,0,0,0,0,0,0,0,0,0,0,0,0,0,0,0,0,0,0
0,3,0,0,0,0,0,0,0,0,2,0,0,0,2,0,0,0,2,0,0,3,0,0
0,3,0,0,0,2,0,0,0,0,0,3,0,0,0,2,0,2,0,0,0,0,3,0
3,0,0,0,3,0,0,0,0,0,0,0,3,0,0,0,2,0,0,1,2,1,2,1
2,0,0,0,3,0,0,0,0,2,1,2,1,2,1,2,1,2,1,0,1,0,0,2
2,1,2,1,2,1,2,1,2,0,0,0,0,1,0,0,0,2,0,0,0,0,2,0
0,1,0,0,1,0,0,0,1,0,0,2,0,1,0,0,0,0,2,0,0,0,0,1
2,0,1,0,0,0,1,0,0,0,1,0,3,3,1,0,0,0,1,2,0,0,1,0
0,3,0,1,0,1,0,1,0,1,0,1,0,1,0,1,0,1,0,1,0,1,0,1
1,0,3,0,1,0,1,0,1,0,1,0,1,3,1,0,1,0,1,0,1,0,3,2
0,1,0,0,0,1,0,2,0,1,0,1,3,1,0,1,0,1,0,1,0,3,0,1
0,0,0,1,0,0,3,0,0,0,1,2,0,0,1,0,0,0,1,0,0,0,1,0
1,0,0,0,1,0,0,0,1,0,0,0,1,0,0,0,0,2,0,0,1,0,0,0
2,1,2,1,2,1,2,1,2,0,1,0,0,1,0,0,2,0,0,0,0,1,0,0
2,0,0,0,0,2,0,0,0,2,1,2,1,2,1,2,1,3,1,2,1,2,1,2
3,0,0,0,0,0,2,0,0,0,0,0,0,3,0,0,0,3,0,0,3,0,0,0
0,3,2,2,0,0,2,0,0,0,0,0,0,2,0,0,3,0,0,0,0,3,0,0
0,2,0,0,0,0,0,0,0,0,0,0,0,0,3,0,0,0,0,0,0,0,0,2
SpriteSpeccyBlock,6,3,3
7,0,1,7,0,1,7,0,1
7,0,1,7,0,1,7,0,1
7,0,1,7,0,1,7,0,1
SpriteAttribs,6,0,0,0
SpriteBitmapBlock,7,23,24
0,0,0,0,0,0,0,0,0,0,0,0,0,0,0,0,0,0,0,0,0,0,0,0
0,0,0,0,0,0,0,0,0,0,0,0,0,0,3,0,0,2,0,0,0,0,0,0
0,0,0,2,0,0,0,0,2,0,0,0,0,0,0,1,2,1,2,0,0,1,2,0
0,0,2,3,0,0,0,0,0,3,0,0,2,1,2,0,1,0,0,1,2,0,0,1
0,0,0,2,0,0,0,0,2,1,2,1,1,0,0,0,0,1,0,0,0,1,0,0
0,0,0,1,2,1,2,1,0,0,1,0,0,0,0,2,0,0,1,0,0,0,0,1
2,1,2,0,1,0,0,0,0,1,0,0,0,0,1,0,3,0,0,0,1,0,1,0
0,0,1,0,0,1,0,0,0,0,0,1,0,0,0,1,0,3,0,1,0,1,0,1
0,1,0,0,0,0,2,0,1,0,1,0,1,0,1,0,1,0,2,0,1,0,1,0
0,0,0,1,0,1,0,3,0,1,0,1,0,1,0,1,0,1,0,1,0,1,0,1
1,0,1,0,1,0,1,0,3,0,1,0,1,0,1,0,1,0,1,0,1,0,2,0
0,1,0,1,0,1,0,1,0,1,0,1,0,2,0,1,0,1,0,1,0,3,0,1
1,0,1,0,2,0,1,0,1,0,1,0,3,0,1,0,1,0,1,0,2,0,1,0
0,1,0,3,0,1,0,1,0,1,0,2,0,1,0,1,0,1,0,1,0,1,0,1
0,0,2,0,1,0,1,0,1,0,1,0,1,0,1,0,1,0,1,0,1,0,1,0
0,0,0,0,0,0,0,0,0,1,0,1,0,1,0,1,2,1,0,1,0,1,0,1
0,1,0,0,0,0,0,1,0,0,2,0,0,0,1,0,1,3,1,0,1,0,1,0
1,0,0,0,1,0,0,0,0,3,0,0,0,1,0,0,0,0,2,1,0,1,0,1
0,2,1,2,1,0,0,0,2,0,0,0,1,0,0,0,1,0,0,0,0,0,1,0
3,0,0,0,0,2,1,2,1,2,1,0,0,0,0,1,0,0,1,0,1,2,1,0
0,0,0,0,0,3,0,0,0,0,0,2,1,2,1,2,1,2,1,2,0,0,0,2
0,0,0,2,3,0,0,0,0,0,0,0,2,0,0,0,2,0,0,0,0,0,0,0
0,0,0,0,2,0,0,0,0,0,0,3,0,0,0,0,3,0,0,0,0,0,0,0
SpriteSpeccyBlock,7,3,3
7,0,1,7,0,1,7,0,1
7,0,1,7,0,1,7,0,1
7,0,1,7,0,1,7,0,1
SpriteAttribs,7,0,0,0
SpriteBitmapBlock,8,23,24
0,0,0,0,0,0,0,0,0,0,0,0,0,0,0,0,0,0,0,0,0,0,0,0
3,0,0,0,0,0,0,2,0,1,2,0,0,1,2,1,2,0,0,2,1,2,1,2
3,0,2,1,2,1,2,1,2,0,0,1,2,0,0,0,0,1,2,0,0,0,0,1
2,1,0,0,0,0,1,0,0,1,0,0,0,0,0,1,0,0,0,1,2,3,0,0
3,0,0,0,1,0,0,0,1,0,1,0,1,0,1,0,1,0,1,0,1,0,3,0
0,3,0,0,0,0,0,1,0,1,0,1,0,1,0,1,0,1,0,1,0,1,0,1
1,0,2,0,1,0,1,0,1,3,1,0,1,0,1,0,1,2,1,0,1,0,1,0
0,1,0,1,0,1,0,1,3,1,0,1,0,1,0,1,3,1,0,1,0,1,0,1
1,0,1,0,1,0,1,2,1,0,1,0,1,0,1,2,1,0,1,0,1,0,1,0
0,1,0,1,0,1,0,1,0,1,0,1,0,1,0,1,0,1,0,1,0,1,0,1
1,0,1,0,1,0,1,0,1,0,1,0,1,0,1,0,1,0,1,0,1,0,1,2
0,1,0,1,0,1,0,1,0,1,0,1,0,1,0,1,0,1,0,1,0,1,3,1
1,0,1,0,1,0,1,0,1,0,1,0,1,0,1,0,1,0,1,0,1,3,1,0
0,1,0,1,0,1,0,1,0,1,0,1,0,1,0,1,0,1,0,1,0,1,0,1
1,0,1,0,1,0,1,0,1,0,1,0,1,0,1,0,1,2,1,0,1,0,1,0
0,1,0,3,0,1,0,2,0,1,0,1,0,1,0,1,0,1,3,1,0,1,0,1
1,0,3,0,1,0,1,0,3,0,1,0,1,0,1,0,1,0,1,2,1,0,1,0
0,2,0,1,0,1,0,1,0,3,0,1,0,1,0,1,0,1,0,1,0,1,0,1
0,0,1,0,1,0,0,0,1,0,0,0,1,0,1,0,1,0,1,0,1,0,1,0
1,0,0,1,0,0,1,0,0,0,1,0,0,0,0,1,0,1,0,1,0,1,0,2
0,1,0,0,0,0,0,2,1,2,1,0,0,2,1,0,0,0,1,0,0,0,2,0
2,0,1,2,1,2,2,0,0,0,0,2,1,0,0,2,1,2,1,0,0,0,0,1
3,2,0,0,0,3,0,0,0,0,3,0,0,0,0,0,0,0,0,2,1,2,1,2
SpriteSpeccyBlock,8,3,3
7,0,1,7,0,1,7,0,1
7,0,1,7,0,1,7,0,1
7,0,1,7,0,1,7,0,1
SpriteAttribs,8,0,0,0
SpriteBitmapBlock,9,20,22
0,0,0,0,0,0,0,0,0,0,0,0,0,0,0,0,0,0,0,0,0,0
0,0,0,0,0,0,0,0,0,0,0,0,0,0,0,0,0,0,0,0,0,0
0,0,0,0,0,0,0,0,0,0,0,0,0,0,0,0,0,0,0,0,0,0
0,0,0,0,0,0,0,0,0,0,0,0,0,0,0,0,0,0,0,0,0,0
0,0,0,0,0,0,2,0,0,0,0,0,0,0,2,0,0,0,0,0,0,0
0,0,0,0,0,2,0,0,0,0,0,2,0,2,0,0,0,0,0,2,0,0
0,0,0,0,2,0,2,0,2,0,2,0,2,0,2,0,2,0,2,0,0,0
0,0,0,2,0,2,0,2,0,2,0,2,2,2,2,2,0,2,0,2,0,0
0,0,2,0,2,0,2,0,2,0,2,2,2,2,2,2,2,2,2,0,2,0
0,0,0,2,0,2,2,2,2,2,3,2,2,2,3,2,3,2,2,2,0,2
0,0,2,0,2,2,2,3,2,3,2,3,2,3,2,3,2,3,2,2,2,0
0,2,0,2,3,2,3,2,3,2,3,2,3,2,3,2,3,2,3,2,0,2
3,2,2,3,2,3,2,3,2,3,3,3,2,3,2,3,3,3,2,3,2,0
2,2,2,2,3,2,3,2,3,3,3,3,3,3,3,3,3,3,3,2,0,0
2,0,2,2,2,2,2,3,2,3,2,3,3,3,2,3,2,3,2,2,2,0
0,2,0,2,0,2,2,2,3,2,3,2,3,2,3,2,2,2,2,2,2,2
0,0,0,0,2,0,2,2,2,3,2,3,2,3,2,2,2,2,2,0,2,0
0,0,0,0,0,0,0,2,2,2,2,2,2,2,2,2,0,2,0,2,0,0
0,0,0,0,0,0,0,0,2,0,2,0,2,0,2,0,2,0,2,0,0,0
0,0,0,0,0,0,0,0,0,2,0,2,0,0,0,2,0,2,0,0,0,0
SpriteSpeccyBlock,9,3,3
7,0,1,7,0,1,7,0,1
7,0,1,7,0,1,7,0,1
7,0,1,7,0,1,7,0,1
SpriteAttribs,9,0,0,0
SpriteBitmapBlock,10,22,24
0,0,0,0,0,0,0,0,0,0,0,0,0,0,0,0,0,0,0,0,0,0,0,0
0,0,0,0,0,0,0,0,0,0,0,0,0,0,0,0,0,0,0,0,0,0,0,0
0,0,0,0,0,0,0,0,0,0,0,0,0,0,0,0,0,0,0,0,0,0,0,0
0,0,0,0,0,0,0,0,0,0,0,0,0,0,0,0,0,0,0,0,0,0,0,0
0,0,0,0,0,0,0,0,0,0,0,0,0,0,0,0,0,0,0,0,0,0,0,0
0,0,0,0,0,0,0,0,0,0,0,0,0,0,0,0,0,0,0,0,0,0,0,0
0,0,0,0,0,0,0,0,0,0,0,0,0,0,0,0,0,0,0,0,0,2,0,2
0,0,0,0,0,0,0,0,0,0,0,0,0,0,0,0,0,0,2,0,0,0,2,0
0,0,0,0,0,0,0,0,0,0,0,0,0,0,0,0,0,2,0,2,0,2,0,2
0,0,0,0,0,0,0,0,0,0,0,0,0,0,2,0,2,0,2,0,2,2,2,2
0,0,0,0,0,2,0,0,0,2,0,2,0,2,0,2,2,2,2,2,2,2,2,3
0,0,2,0,2,0,2,0,2,2,2,2,2,2,2,2,3,2,3,2,3,2,3,2
0,2,0,2,2,2,2,2,2,3,2,3,2,3,2,3,2,3,2,3,2,3,2,3
2,2,2,2,3,2,3,2,3,2,3,2,3,2,3,2,3,3,3,3,3,3,3,3
0,2,0,2,2,3,2,3,2,3,3,3,3,3,3,3,3,3,2,3,3,3,3,3
0,0,2,0,2,2,2,2,3,2,3,2,3,2,3,2,3,2,3,2,3,2,3,3
0,0,0,2,0,2,0,2,2,2,2,2,2,3,2,3,2,2,2,3,2,3,2,3
0,0,0,0,0,0,2,0,2,0,2,0,2,2,2,2,2,2,2,2,3,2,3,2
0,0,0,0,0,0,0,0,0,2,0,2,0,2,0,2,0,2,0,2,2,2,2,3
0,0,0,0,0,0,0,0,0,0,2,0,0,0,2,0,2,0,2,0,2,0,2,2
0,0,0,0,0,0,0,0,0,0,0,0,0,0,0,0,0,2,0,0,0,2,0,2
0,0,0,0,0,0,0,0,0,0,0,0,0,0,0,0,0,0,0,0,0,0,2,0
SpriteSpeccyBlock,10,3,3
7,0,1,7,0,1,7,0,1
7,0,1,7,0,1,7,0,1
7,0,1,7,0,1,7,0,1
SpriteAttribs,10,0,0,0
SpriteBitmapBlock,11,23,24
0,0,0,0,0,0,0,0,0,0,0,0,0,0,0,0,0,0,0,0,0,0,0,0
0,0,0,0,0,0,0,0,0,0,0,0,0,0,0,0,0,0,0,0,0,0,0,0
0,0,0,0,0,0,0,0,0,0,0,0,0,0,0,0,0,0,0,0,0,0,0,0
0,0,0,0,2,0,0,0,2,0,0,0,0,0,0,0,0,0,2,0,0,0,2,0
0,0,0,2,0,0,0,2,0,0,0,0,0,2,0,2,0,2,0,2,0,2,0,2
2,0,2,0,2,0,2,2,2,0,2,0,2,0,2,0,2,2,2,2,2,2,2,0
0,2,0,2,2,2,2,2,2,2,0,2,0,2,0,2,2,3,2,2,2,3,2,2
2,2,2,2,3,2,3,2,2,2,2,2,2,2,2,2,3,2,3,2,3,2,3,2
2,3,2,3,2,3,2,3,2,3,2,3,2,3,2,3,2,3,2,3,2,3,2,3
3,2,3,2,3,2,3,2,3,2,3,2,3,2,3,2,3,2,3,3,3,3,3,2
2,3,3,3,3,3,3,3,2,3,2,3,2,3,2,3,3,3,3,3,3,3,3,3
3,3,3,3,3,3,3,3,3,3,3,3,3,3,3,3,3,3,3,3,3,3,3,3
3,3,3,3,3,3,3,3,3,3,3,3,3,3,3,3,3,3,3,3,3,3,3,3
3,3,3,3,3,3,3,3,3,3,3,3,3,3,3,3,3,3,3,3,3,3,3,3
3,3,3,3,3,3,3,3,3,3,3,3,3,3,3,3,3,3,3,3,3,3,3,3
3,3,3,3,3,3,3,3,3,2,3,2,3,2,3,2,3,2,3,2,3,2,3,2
2,3,2,3,2,3,2,3,2,3,2,3,2,3,2,3,2,3,2,3,2,3,2,3
3,2,3,2,3,2,3,2,3,2,3,2,3,2,3,2,3,2,3,2,3,2,2,2
2,2,2,2,2,2,2,2,2,2,2,3,2,2,2,2,2,2,2,3,2,2,2,2
2,2,2,2,2,0,2,0,2,2,2,2,2,2,2,0,2,2,2,2,2,2,2,2
0,2,0,2,0,2,0,2,0,2,0,2,0,2,0,2,0,2,0,2,0,2,0,2
2,0,0,0,2,0,2,0,0,0,0,0,2,0,0,0,2,0,2,0,2,0,0,0
0,0,0,0,0,0,0,2,0,0,0,0,0,0,0,0,0,2,0,0,0,0,0,0
SpriteSpeccyBlock,11,3,3
7,0,1,7,0,1,7,0,1
7,0,1,7,0,1,7,0,1
7,0,1,7,0,1,7,0,1
SpriteAttribs,11,0,0,0
SpriteBitmapBlock,12,23,19
0,0,0,0,0,0,0,0,0,0,0,0,0,0,0,0,0,0,0
0,0,0,0,0,0,0,0,0,0,0,0,0,0,0,0,0,0,0
0,0,0,0,0,0,0,0,0,0,0,0,0,0,0,0,0,0,0
2,0,0,0,0,0,0,0,0,0,0,0,0,0,0,0,0,0,0
0,0,0,0,0,0,0,0,0,0,0,0,0,0,0,0,0,0,0
2,0,2,0,2,0,2,0,0,0,0,0,0,0,0,0,0,0,0
2,2,2,2,0,2,0,0,0,0,0,2,0,0,0,0,0,0,0
3,2,3,2,2,0,2,0,2,0,2,0,2,0,2,0,2,0,0
2,3,2,3,2,2,2,2,0,2,0,2,2,2,0,2,0,0,0
3,2,3,2,3,2,3,2,2,2,2,2,2,2,2,0,0,0,0
3,3,2,3,2,3,2,3,2,3,2,3,2,2,0,2,0,0,0
3,3,3,2,3,2,3,2,3,2,3,2,3,2,2,0,2,0,0
3,3,3,3,3,3,3,3,3,3,2,3,2,3,2,2,2,0,0
3,3,3,3,3,3,3,3,3,3,3,3,3,2,3,2,2,0,0
3,3,3,3,3,3,3,3,2,3,2,3,2,3,2,3,2,2,0
3,3,3,3,3,3,3,2,3,2,3,2,3,2,2,2,2,0,2
2,3,2,3,2,3,2,3,2,3,2,2,2,2,2,2,0,2,0
3,2,3,2,3,2,3,2,3,2,2,2,2,0,2,0,2,0,0
2,2,2,2,2,2,2,2,2,2,2,2,0,2,0,2,0,0,0
2,0,2,2,2,0,2,0,2,2,2,0,2,0,0,0,2,0,0
0,2,0,2,0,2,0,2,0,2,0,2,0,0,0,0,0,0,0
2,0,2,0,0,0,0,0,2,0,2,0,0,0,0,0,0,0,0
0,2,0,0,0,0,0,0,0,0,0,0,0,0,0,0,0,0,0
SpriteSpeccyBlock,12,3,3
7,0,1,7,0,1,7,0,1
7,0,1,7,0,1,7,0,1
7,0,1,7,0,1,7,0,1
SpriteAttribs,12,0,0,0
SpriteBitmapBlock,13,24,24
0,0,1,0,1,0,0,1,0,1,0,1,0,1,0,1,1,1,0,1,0,1,0,0
0,1,0,1,0,0,0,0,1,0,1,0,1,1,1,1,0,1,1,0,0,0,1,0
1,0,1,3,1,3,1,3,1,1,0,1,1,3,1,3,1,3,0,1,0,0,0,1
0,1,3,1,3,1,3,1,3,1,3,1,3,1,3,1,3,1,1,0,1,0,0,0
1,0,1,3,3,3,3,3,1,3,1,1,1,3,3,3,3,3,1,3,1,1,0,1
0,1,3,1,3,3,3,3,3,1,3,1,3,1,3,3,3,3,3,1,3,1,1,0
1,0,1,3,3,3,3,3,1,3,1,1,1,3,1,3,3,3,3,3,1,3,1,1
1,1,3,1,3,3,3,3,3,1,1,0,1,1,3,3,3,3,3,3,3,1,3,1
1,1,1,3,1,3,3,3,1,3,0,1,0,3,1,3,3,3,3,3,3,3,1,1
1,0,1,1,3,1,3,3,3,1,1,0,3,3,3,3,3,3,3,3,3,1,3,1
0,1,0,1,1,1,1,3,1,3,0,1,1,3,3,3,3,3,1,3,1,3,1,1
1,0,0,0,1,1,3,1,3,1,1,0,3,1,3,1,3,1,3,1,3,1,1,0
0,0,0,1,0,1,0,1,0,1,0,1,1,3,1,3,1,3,1,1,0,1,0,1
1,0,0,0,1,0,1,0,1,0,1,0,1,0,1,0,1,1,1,0,1,0,1,0
0,1,0,1,3,1,3,1,3,1,0,0,0,1,0,1,3,1,3,1,3,1,0,1
1,1,1,3,1,3,1,3,1,3,1,0,0,0,1,3,1,3,1,3,1,3,1,0
1,1,3,1,3,3,3,3,3,1,3,1,0,1,3,1,3,1,3,3,3,1,3,1
1,1,1,3,3,3,3,3,3,3,1,0,1,1,1,3,1,3,3,3,3,3,1,1
1,1,3,1,3,3,3,3,3,1,3,1,0,1,3,1,3,3,3,3,3,1,3,1
1,3,1,3,3,3,3,3,3,3,1,0,1,0,1,3,3,3,3,3,1,3,1,1
0,1,3,1,3,3,3,3,3,1,3,1,0,1,3,1,3,1,3,1,3,1,1,0
1,0,1,3,1,3,1,3,1,3,1,0,0,0,1,3,1,3,1,3,1,3,0,1
0,1,0,1,3,1,3,1,0,1,0,1,0,0,0,1,0,1,3,1,1,0,1,0
1,0,1,0,1,1,1,0,1,0,1,0,1,0,1,0,1,0,1,1,0,1,0,1
SpriteSpeccyBlock,13,3,3
7,0,1,7,0,1,7,0,1
7,0,1,7,0,1,7,0,1
7,0,1,7,0,1,7,0,1
SpriteAttribs,13,0,0,0
SpriteBitmapBlock,14,29,24
0,0,0,0,0,0,0,0,0,0,0,0,0,0,0,0,0,0,0,0,0,0,0,0
0,0,0,0,0,0,0,0,0,0,0,0,0,0,0,0,0,0,0,0,0,0,0,0
0,0,0,0,0,0,0,0,0,0,0,0,0,0,0,0,0,0,0,0,0,0,0,0
0,0,0,0,0,0,0,0,0,0,0,0,0,0,0,0,0,0,0,0,0,0,0,0
0,0,0,0,0,0,0,0,0,0,0,0,0,0,0,0,0,0,0,0,0,0,2,2
0,0,0,0,0,0,0,0,0,0,0,0,0,0,0,0,0,0,0,0,0,2,2,2
0,0,0,0,0,0,0,0,0,0,0,0,0,0,0,0,0,0,0,0,1,2,2,2
0,0,0,0,0,0,0,0,0,0,0,0,0,0,0,0,0,1,1,1,1,2,2,2
0,0,0,0,0,0,0,0,0,0,0,0,0,1,1,1,1,0,0,0,0,2,2,2
0,0,0,0,0,0,0,0,0,1,1,1,1,0,0,1,1,1,1,0,0,2,2,2
0,0,0,0,0,0,0,1,1,0,0,1,0,0,1,1,0,0,1,1,0,2,2,2
0,0,0,0,0,0,1,0,0,0,0,1,0,0,1,0,2,0,0,1,1,2,2,2
0,0,0,0,0,1,1,1,1,1,1,1,1,0,1,1,1,1,1,1,1,2,2,2
0,0,0,0,1,0,1,0,0,1,0,0,1,1,1,1,1,0,1,1,0,2,2,2
0,0,0,0,1,0,1,0,0,1,0,0,1,0,0,1,0,0,0,1,0,2,2,2
0,0,0,1,0,1,1,1,1,1,0,0,1,0,0,1,0,1,1,1,1,2,2,2
0,0,0,1,1,0,0,0,0,0,1,1,0,0,1,1,1,0,0,1,1,2,2,2
0,0,0,0,0,0,1,1,1,0,0,0,1,1,0,0,0,1,1,0,0,2,2,2
0,0,0,1,1,1,0,0,0,1,1,1,0,0,1,1,1,1,0,1,1,2,2,2
0,0,0,0,1,0,0,0,0,1,0,0,1,1,1,0,0,1,0,0,0,2,2,2
0,0,0,0,1,1,1,1,1,1,0,0,0,1,0,0,0,1,0,0,0,2,2,2
0,0,0,0,0,1,0,0,0,1,1,1,1,1,0,0,0,1,0,1,1,2,2,2
0,0,0,0,0,0,1,1,0,1,0,0,0,1,1,1,1,1,1,0,0,2,2,2
0,0,0,0,0,0,0,0,1,1,1,0,0,1,0,0,0,1,0,0,0,2,2,2
0,0,0,0,0,0,0,0,0,0,0,1,1,1,0,0,0,1,0,0,0,2,2,2
0,0,0,0,0,0,0,0,0,0,0,0,0,0,1,1,1,1,1,1,1,2,2,2
0,0,0,0,0,0,0,0,0,0,0,0,0,0,0,0,0,0,0,1,1,2,2,2
0,0,0,0,0,0,0,0,0,0,0,0,0,0,0,0,0,0,0,0,0,2,2,2
0,0,0,0,0,0,0,0,0,0,0,0,0,0,0,0,0,0,0,0,0,0,2,2
SpriteSpeccyBlock,14,4,3
7,0,1,7,0,1,7,0,1
7,0,1,7,0,1,7,0,1
7,0,1,7,0,1,7,0,1
7,0,1,7,0,1,7,0,1
SpriteAttribs,14,0,0,0
SpriteBitmapBlock,15,32,24
0,0,0,0,0,0,1,1,1,1,0,0,0,0,0,0,0,0,0,0,0,0,0,0
0,0,0,0,1,1,0,1,0,0,1,1,1,0,0,0,0,0,0,0,0,0,0,0
0,0,1,1,0,0,0,1,0,0,0,0,1,1,1,1,0,0,0,0,0,0,0,0
0,1,0,1,0,0,0,1,0,0,0,1,1,0,0,1,1,1,1,0,0,0,0,0
1,0,0,1,1,1,1,1,1,0,1,1,0,0,1,1,1,1,1,1,0,0,2,2
1,0,0,1,0,0,0,1,1,1,1,0,0,0,1,0,2,0,1,1,1,2,2,2
0,1,1,1,0,0,0,1,0,0,1,0,0,0,1,1,0,0,0,1,0,2,2,2
0,3,0,1,1,1,0,1,0,0,1,1,0,0,0,1,1,1,1,1,0,2,2,2
3,0,0,3,0,1,1,1,0,0,0,1,1,1,1,1,1,0,0,1,1,2,2,2
0,0,3,0,0,3,0,1,1,1,0,0,1,0,0,0,1,0,0,0,0,2,2,2
0,0,0,0,3,0,0,3,0,1,1,1,1,0,0,0,1,0,0,0,0,2,2,2
0,0,0,0,0,0,3,0,0,3,0,1,1,1,0,0,1,0,0,1,1,2,2,2
0,0,0,0,0,0,0,0,3,0,0,3,0,1,1,1,1,1,1,0,0,2,2,2
0,0,0,3,3,3,0,0,0,0,3,0,0,3,0,1,1,1,0,0,0,2,2,2
0,0,0,3,0,3,2,0,0,0,0,0,3,0,0,3,0,1,1,1,0,2,2,2
0,0,2,3,3,3,2,2,0,0,0,0,0,0,3,0,0,3,0,1,1,2,2,2
0,0,2,2,2,2,2,2,0,0,0,0,2,2,0,0,3,0,0,0,0,2,2,2
0,0,0,0,0,0,2,2,2,0,0,2,0,0,2,2,0,0,3,0,0,2,2,2
0,0,2,2,2,2,2,2,0,2,2,0,0,0,0,0,3,0,0,3,0,2,2,2
0,0,2,2,2,2,2,2,0,0,0,0,0,0,3,0,0,3,0,1,1,2,2,2
0,0,0,2,2,2,2,0,0,0,0,0,3,0,0,3,0,1,1,1,1,2,2,2
0,0,0,0,0,0,0,0,0,0,3,0,0,3,0,1,1,1,1,0,1,2,2,2
0,0,0,0,0,0,0,0,3,0,0,3,0,1,1,0,0,1,0,0,1,2,2,2
0,0,0,0,0,0,3,0,0,3,0,1,1,1,0,0,0,1,0,0,1,2,2,2
0,0,0,0,3,0,0,3,0,1,1,1,0,1,0,0,0,1,1,1,1,2,2,2
0,0,3,0,0,3,0,1,1,1,0,0,0,1,1,1,1,1,0,0,1,2,2,2
3,0,0,3,0,1,1,1,0,1,0,0,1,1,0,0,1,1,0,0,1,2,2,2
0,3,0,1,1,1,0,0,0,1,0,0,1,0,0,0,1,0,0,1,1,2,2,2
0,1,1,0,0,1,0,0,1,1,1,1,1,0,0,0,1,1,1,1,0,0,2,2
1,1,0,0,0,1,1,1,1,0,0,0,1,0,1,1,1,1,0,0,0,0,0,0
0,0,1,1,1,1,0,0,1,0,0,1,1,1,1,0,0,0,0,0,0,0,0,0
0,0,0,0,0,1,1,1,1,1,1,1,0,0,0,0,0,0,0,0,0,0,0,0
SpriteSpeccyBlock,15,4,3
7,0,1,7,0,1,7,0,1
7,0,1,7,0,1,7,0,1
7,0,1,7,0,1,7,0,1
7,0,1,7,0,1,7,0,1
SpriteAttribs,15,0,0,0
SpriteBitmapBlock,16,18,24
0,0,0,0,0,0,0,0,0,0,0,0,0,1,0,1,0,0,0,0,1,0,0,0
0,0,0,0,0,0,0,0,0,0,0,0,0,1,0,1,0,0,0,0,1,0,0,0
0,0,0,0,0,0,0,0,0,0,0,0,0,0,1,0,0,0,0,0,0,1,0,0
0,0,0,0,0,0,0,0,0,0,0,0,0,0,0,1,0,0,3,3,3,0,1,0
0,0,0,0,0,0,0,0,0,0,0,0,0,0,0,1,0,3,0,0,0,3,1,0
0,0,0,0,0,0,0,0,0,0,0,0,0,0,0,0,1,3,0,0,0,3,1,0
0,0,0,0,0,0,0,0,0,0,0,0,0,0,1,1,1,1,3,3,3,1,1,1
0,0,0,0,0,0,0,0,0,0,0,1,1,1,2,2,1,1,1,1,1,1,1,1
0,0,0,0,0,0,0,0,1,1,1,0,0,2,0,0,1,0,1,1,1,1,0,2
0,0,0,0,0,1,1,1,1,0,0,0,2,0,1,1,2,0,1,2,0,1,0,2
0,0,1,1,1,0,2,2,1,0,2,2,0,1,2,2,0,1,0,2,0,1,0,2
0,1,0,1,0,2,0,1,0,2,0,0,1,0,2,0,0,1,2,0,1,0,2,0
1,0,1,0,2,1,1,0,2,0,0,1,0,2,0,0,1,0,2,0,1,0,2,0
1,1,0,2,0,1,0,0,2,0,1,0,0,2,0,0,1,0,2,0,1,0,2,0
1,0,2,0,0,1,0,0,2,0,1,0,1,1,1,1,1,1,1,1,1,1,1,1
1,0,2,0,0,1,0,0,1,1,1,1,0,0,0,0,0,0,0,0,0,0,0,0
1,1,2,1,1,1,1,1,0,0,0,0,0,0,0,0,0,0,0,0,0,0,0,0
0,1,1,1,0,0,0,0,0,0,0,0,0,0,0,0,0,0,0,0,0,0,0,0
SpriteSpeccyBlock,16,3,3
7,0,1,7,0,1,7,0,1
7,0,1,7,0,1,7,0,1
7,0,1,7,0,1,7,0,1
SpriteAttribs,16,0,0,0
SpriteBitmapBlock,17,18,24
0,0,0,1,0,0,0,0,1,0,1,0,0,0,0,0,0,0,0,0,0,0,0,0
0,0,0,1,0,0,0,0,1,0,1,0,0,0,0,0,0,0,0,0,0,0,0,0
0,0,1,0,0,0,0,0,0,1,0,0,0,0,0,0,0,0,0,0,0,0,0,0
0,1,0,3,3,3,0,0,1,0,0,0,0,0,0,0,0,0,0,0,0,0,0,0
0,1,3,0,0,0,3,0,1,0,0,0,0,0,0,0,0,0,0,0,0,0,0,0
0,1,3,0,0,0,3,1,0,0,0,0,0,0,0,0,0,0,0,0,0,0,0,0
1,1,1,3,3,3,1,1,1,1,0,0,0,0,0,0,0,0,0,0,0,0,0,0
1,1,1,1,1,1,1,0,0,0,1,1,1,0,0,0,0,0,0,0,0,0,0,0
1,0,1,1,1,1,1,0,2,2,0,0,1,1,1,1,0,0,0,0,0,0,0,0
1,0,2,0,1,2,0,1,0,0,2,2,0,1,1,0,1,1,1,0,0,0,0,0
1,0,2,0,1,0,2,0,1,0,0,0,2,0,0,1,1,0,0,1,1,1,0,0
0,1,0,2,0,1,0,2,0,1,1,0,0,2,2,0,0,1,1,0,0,0,1,0
0,1,0,2,0,1,0,0,2,0,0,1,0,0,0,2,0,0,0,1,1,0,0,1
0,0,1,0,2,0,1,0,0,2,0,0,1,1,0,0,2,2,2,0,0,1,0,1
1,1,1,1,1,1,1,1,1,1,1,1,0,0,1,0,0,0,0,2,0,0,1,1
0,0,0,0,0,0,0,0,0,0,0,0,1,1,1,1,0,0,0,0,2,2,0,1
0,0,0,0,0,0,0,0,0,0,0,0,0,0,0,0,1,1,1,1,0,0,2,1
0,0,0,0,0,0,0,0,0,0,0,0,0,0,0,0,0,0,0,0,1,1,1,0
SpriteSpeccyBlock,17,3,3
7,0,1,7,0,1,7,0,1
7,0,1,7,0,1,7,0,1
7,0,1,7,0,1,7,0,1
SpriteAttribs,17,0,0,0
SpriteBitmapBlock,18,28,32
0,0,0,0,0,0,0,0,0,0,0,0,0,0,0,0,0,0,0,0,0,0,0,0,0,0,0,0,0,0,0,0
0,0,0,0,0,0,0,0,0,0,0,0,0,0,0,0,0,0,0,0,0,0,0,0,0,0,0,0,0,0,0,0
0,0,0,0,0,0,0,0,0,0,0,0,0,0,0,0,0,0,0,0,0,0,0,0,0,0,0,0,0,0,0,0
0,0,0,0,0,0,0,0,0,0,0,0,0,0,0,0,0,0,0,0,0,0,0,0,0,0,0,0,0,0,0,0
0,0,0,0,0,0,0,0,0,0,0,0,0,0,0,0,0,0,0,0,0,0,0,0,0,0,0,0,0,0,0,0
0,0,0,0,0,0,0,0,0,0,0,0,0,0,0,0,0,0,0,0,0,0,0,0,0,0,0,0,0,0,0,0
0,0,0,0,0,0,0,0,0,0,0,0,0,0,0,0,0,0,0,0,0,3,0,0,0,0,3,3,3,3,3,0
0,0,0,0,0,0,0,0,0,0,0,0,0,3,0,0,0,0,3,3,3,0,3,3,3,3,0,0,0,0,0,3
0,0,0,0,0,0,0,0,0,0,0,3,3,0,3,3,3,3,0,0,0,0,0,0,0,0,3,3,0,3,0,3
0,0,0,3,3,0,0,1,0,3,3,0,0,1,1,1,0,0,0,0,0,0,0,0,0,3,0,0,3,0,3,0
0,0,3,0,0,3,0,1,1,1,1,1,1,1,1,1,0,1,1,1,1,0,1,1,0,0,0,0,0,0,3,0
0,0,3,0,0,3,1,1,0,1,0,0,1,0,0,1,1,1,0,0,0,1,0,1,1,1,0,0,0,3,0,0
0,0,1,3,3,1,1,1,0,0,1,1,0,1,1,0,1,0,1,0,1,1,0,1,0,1,1,0,0,0,3,0
0,1,0,1,1,1,0,0,1,1,3,3,1,1,3,3,0,3,3,3,3,0,3,3,0,3,3,0,0,3,0,0
1,1,1,1,1,0,0,1,1,3,0,0,3,3,0,0,3,0,0,0,0,3,0,0,3,0,0,3,1,3,0,0
1,0,1,0,1,1,1,1,3,0,0,0,0,0,3,3,0,3,0,0,0,0,0,0,0,0,0,0,3,1,1,0
0,0,0,0,1,0,1,1,3,0,0,0,0,0,0,0,0,0,3,0,0,0,3,0,3,0,0,0,0,3,1,1
1,0,1,0,1,1,0,1,1,3,0,0,0,0,0,0,0,0,0,3,0,3,0,3,0,0,0,0,0,3,1,0
1,1,1,1,1,0,0,0,1,0,3,3,0,0,0,0,3,0,0,0,0,0,0,0,0,3,0,0,0,3,0,0
0,1,0,1,1,0,0,1,0,0,0,0,3,0,0,0,3,0,0,0,0,0,0,0,0,0,3,0,3,0,0,0
0,0,0,0,0,0,0,0,0,0,0,3,0,3,3,0,0,0,3,3,0,3,0,0,0,0,0,0,3,0,0,0
0,0,0,0,0,0,0,0,0,0,0,0,0,3,0,3,0,0,0,0,3,0,3,0,0,0,0,0,0,3,0,0
0,0,0,0,0,0,0,0,0,0,0,0,0,0,0,0,3,3,0,0,0,0,3,0,3,0,0,0,0,3,0,0
0,0,0,0,0,0,0,0,0,0,0,0,0,0,0,0,0,0,3,3,0,0,0,3,0,3,0,0,3,0,0,0
0,0,0,0,0,0,0,0,0,0,0,0,0,0,0,0,0,0,0,0,3,3,0,0,0,0,0,0,3,0,0,0
0,0,0,0,0,0,0,0,0,0,0,0,0,0,0,0,0,0,0,0,0,0,3,3,0,0,0,3,0,0,0,0
0,0,0,0,0,0,0,0,0,0,0,0,0,0,0,0,0,0,0,0,0,3,0,0,3,3,0,3,3,0,0,0
0,0,0,0,0,0,0,0,0,0,0,0,0,0,0,0,0,0,0,0,0,0,0,0,0,0,3,0,0,0,0,0
SpriteSpeccyBlock,18,4,4
7,0,1,7,0,1,7,0,1,7,0,1
7,0,1,7,0,1,7,0,1,7,0,1
7,0,1,7,0,1,7,0,1,7,0,1
7,0,1,7,0,1,7,0,1,7,0,1
SpriteAttribs,18,0,0,0
SpriteBitmapBlock,19,32,24
0,0,0,0,0,0,0,0,0,0,0,0,0,0,1,1,1,1,0,0,0,0,0,0
0,0,0,0,0,0,0,0,0,0,0,1,1,1,0,0,1,0,1,1,0,0,0,0
0,0,0,0,0,0,0,0,1,1,1,1,0,0,0,0,1,0,0,0,1,1,0,0
0,0,0,0,0,1,1,1,1,0,0,1,1,0,0,0,1,0,0,0,1,0,1,0
2,2,0,0,1,1,1,1,1,1,0,0,1,1,0,1,1,1,1,1,1,0,0,1
2,2,2,1,1,1,0,2,0,1,0,0,0,1,1,1,1,0,0,0,1,0,0,1
2,2,2,0,1,0,0,0,1,1,0,0,0,1,0,0,1,0,0,0,1,1,1,0
2,2,2,0,1,1,1,1,1,0,0,0,1,1,0,0,1,0,1,1,1,0,3,0
2,2,2,1,1,0,0,1,1,1,1,1,1,0,0,0,1,1,1,0,3,0,0,3
2,2,2,0,0,0,0,1,0,0,0,1,0,0,1,1,1,0,3,0,0,3,0,0
2,2,2,0,0,0,0,1,0,0,0,1,1,1,1,0,3,0,0,3,0,0,0,0
2,2,2,1,1,0,0,1,0,0,1,1,1,0,3,0,0,3,0,0,0,0,0,0
2,2,2,0,0,1,1,1,1,1,1,0,3,0,0,3,0,0,0,0,0,0,0,0
2,2,2,0,0,0,1,1,1,0,3,0,0,3,0,0,0,0,3,3,3,0,0,0
2,2,2,0,1,1,1,0,3,0,0,3,0,0,0,0,0,2,3,0,3,0,0,0
2,2,2,1,1,0,3,0,0,3,0,0,0,0,0,0,2,2,3,3,3,2,0,0
2,2,2,0,0,0,0,3,0,0,2,2,0,0,0,0,2,2,2,2,2,2,0,0
2,2,2,0,0,3,0,0,2,2,0,0,2,0,0,2,2,2,0,0,0,0,0,0
2,2,2,0,3,0,0,3,0,0,0,0,0,2,2,0,2,2,2,2,2,2,0,0
2,2,2,1,1,0,3,0,0,3,0,0,0,0,0,0,2,2,2,2,2,2,0,0
2,2,2,1,1,1,1,0,3,0,0,3,0,0,0,0,0,2,2,2,2,0,0,0
2,2,2,1,0,1,1,1,1,0,3,0,0,3,0,0,0,0,0,0,0,0,0,0
2,2,2,1,0,0,1,0,0,1,1,0,3,0,0,3,0,0,0,0,0,0,0,0
2,2,2,1,0,0,1,0,0,0,1,1,1,0,3,0,0,3,0,0,0,0,0,0
2,2,2,1,1,1,1,0,0,0,1,0,1,1,1,0,3,0,0,3,0,0,0,0
2,2,2,1,0,0,1,1,1,1,1,0,0,0,1,1,1,0,3,0,0,3,0,0
2,2,2,1,0,0,1,1,0,0,1,1,0,0,1,0,1,1,1,0,3,0,0,3
2,2,2,1,1,0,0,1,0,0,0,1,0,0,1,0,0,0,1,1,1,0,3,0
2,2,0,0,1,1,1,1,0,0,0,1,1,1,1,1,0,0,1,0,0,1,1,0
0,0,0,0,0,0,1,1,1,1,0,1,0,0,0,1,1,1,1,0,0,0,1,1
0,0,0,0,0,0,0,0,0,1,1,1,1,0,0,1,0,0,1,1,1,1,0,0
0,0,0,0,0,0,0,0,0,0,0,0,1,1,1,1,1,1,1,0,0,0,0,0
SpriteSpeccyBlock,19,4,3
7,0,1,7,0,1,7,0,1
7,0,1,7,0,1,7,0,1
7,0,1,7,0,1,7,0,1
7,0,1,7,0,1,7,0,1
SpriteAttribs,19,0,0,0
SpriteBitmapBlock,20,29,21
0,0,0,0,0,0,0,0,0,0,0,0,0,0,0,0,0,0,0,0,0
0,0,0,0,0,0,0,0,0,0,0,0,0,0,0,0,0,0,0,0,0
0,0,0,0,0,0,0,0,0,0,0,0,0,0,0,0,0,0,0,0,0
0,0,0,0,0,0,0,0,0,0,0,0,0,0,0,0,0,0,0,0,0
2,2,0,0,0,0,0,0,0,0,0,0,0,0,0,0,0,0,0,0,0
2,2,2,0,0,0,0,0,0,0,0,0,0,0,0,0,0,0,0,0,0
2,2,2,1,0,0,0,0,0,0,0,0,0,0,0,0,0,0,0,0,0
2,2,2,1,1,1,1,0,0,0,0,0,0,0,0,0,0,0,0,0,0
2,2,2,0,0,0,0,1,1,1,1,0,0,0,0,0,0,0,0,0,0
2,2,2,0,0,1,1,1,1,0,0,1,1,1,1,0,0,0,0,0,0
2,2,2,0,1,1,0,0,1,1,0,0,1,0,0,1,1,0,0,0,0
2,2,2,1,1,0,0,2,0,1,0,0,1,0,0,0,0,1,0,0,0
2,2,2,1,1,1,1,1,1,1,0,1,1,1,1,1,1,1,1,0,0
2,2,2,0,1,1,0,1,1,1,1,1,0,0,1,0,0,1,0,1,0
2,2,2,0,1,0,0,0,1,0,0,1,0,0,1,0,0,1,0,1,0
2,2,2,1,1,1,1,0,1,0,0,1,0,0,1,1,1,1,1,0,1
2,2,2,1,1,0,0,1,1,1,0,0,1,1,0,0,0,0,0,1,1
2,2,2,0,0,1,1,0,0,0,1,1,0,0,0,1,1,1,0,0,0
2,2,2,1,1,0,1,1,1,1,0,0,1,1,1,0,0,0,1,1,1
2,2,2,0,0,0,1,0,0,1,1,1,0,0,1,0,0,0,0,1,0
2,2,2,0,0,0,1,0,0,0,1,0,0,0,1,1,1,1,1,1,0
2,2,2,1,1,0,1,0,0,0,1,1,1,1,1,0,0,0,1,0,0
2,2,2,0,0,1,1,1,1,1,1,0,0,0,1,0,1,1,0,0,0
2,2,2,0,0,0,1,0,0,0,1,0,0,1,1,1,0,0,0,0,0
2,2,2,0,0,0,1,0,0,0,1,1,1,0,0,0,0,0,0,0,0
2,2,2,1,1,1,1,1,1,1,0,0,0,0,0,0,0,0,0,0,0
2,2,2,1,1,0,0,0,0,0,0,0,0,0,0,0,0,0,0,0,0
2,2,2,0,0,0,0,0,0,0,0,0,0,0,0,0,0,0,0,0,0
2,2,0,0,0,0,0,0,0,0,0,0,0,0,0,0,0,0,0,0,0
SpriteSpeccyBlock,20,4,3
7,0,1,7,0,1,7,0,1
7,0,1,7,0,1,7,0,1
7,0,1,7,0,1,7,0,1
7,0,1,7,0,1,7,0,1
SpriteAttribs,20,0,0,0
SpriteBitmapBlock,21,28,32
0,0,0,0,0,0,0,0,0,0,0,0,0,0,0,0,0,0,0,0,0,0,0,0,0,0,0,0,0,0,0,0
0,0,0,0,0,0,0,0,0,0,0,0,0,0,0,0,0,0,0,0,0,0,0,0,0,0,0,0,0,0,0,0
0,0,0,0,0,0,0,0,0,0,0,0,0,0,0,0,0,0,0,0,0,0,0,0,0,0,0,0,0,0,0,0
0,0,0,0,0,0,0,0,0,0,0,0,0,0,0,0,0,0,0,0,0,0,0,0,0,0,0,0,0,0,0,0
0,0,0,0,0,0,0,0,0,0,0,0,0,0,0,0,0,0,0,0,0,0,0,0,0,0,0,0,0,0,0,0
0,0,0,0,0,0,0,0,0,0,0,0,0,0,0,0,0,0,0,0,0,0,0,0,0,0,0,0,0,0,0,0
0,3,3,3,3,3,0,0,0,0,3,0,0,0,0,0,0,0,0,0,0,0,0,0,0,0,0,0,0,0,0,0
3,0,0,0,0,0,3,3,3,3,0,3,3,3,0,0,0,0,3,0,0,0,0,0,0,0,0,0,0,0,0,0
3,0,3,0,3,3,0,0,0,0,0,0,0,0,3,3,3,3,0,3,3,0,0,0,0,0,0,0,0,0,0,0
0,3,0,3,0,0,3,0,0,0,0,0,0,0,0,0,1,1,1,0,0,3,3,0,1,0,0,3,3,0,0,0
0,3,0,0,0,0,0,0,1,1,0,1,1,1,1,0,1,1,1,1,1,1,1,1,1,0,3,0,0,3,0,0
0,0,3,0,0,0,1,1,1,0,1,0,0,0,1,1,1,0,0,1,0,0,1,0,1,1,3,0,0,3,0,0
0,3,0,0,0,1,1,0,1,0,1,1,0,1,0,1,0,1,1,0,1,1,0,0,1,1,1,3,3,1,0,0
0,0,3,0,0,3,3,0,3,3,0,3,3,3,3,0,3,3,1,1,3,3,1,1,0,0,1,1,1,0,1,0
0,0,3,1,3,0,0,3,0,0,3,0,0,0,0,3,0,0,3,3,0,0,3,1,1,0,0,1,1,1,1,1
0,1,1,3,0,0,0,0,0,0,0,0,0,0,3,0,3,3,0,0,0,0,0,3,1,1,1,1,0,1,0,1
1,1,3,0,0,0,0,3,0,3,0,0,0,3,0,0,0,0,0,0,0,0,0,3,1,1,0,1,0,0,0,0
0,1,3,0,0,0,0,0,3,0,3,0,3,0,0,0,0,0,0,0,0,0,3,1,1,0,1,1,0,1,0,1
0,0,3,0,0,0,3,0,0,0,0,0,0,0,0,3,0,0,0,0,3,3,0,1,0,0,0,1,1,1,1,1
0,0,0,3,0,3,0,0,0,0,0,0,0,0,0,3,0,0,0,3,0,0,0,0,1,0,0,1,1,0,1,0
0,0,0,3,0,0,0,0,0,0,3,0,3,3,0,0,0,3,3,0,3,0,0,0,0,0,0,0,0,0,0,0
0,0,3,0,0,0,0,0,0,3,0,3,0,0,0,0,3,0,3,0,0,0,0,0,0,0,0,0,0,0,0,0
0,0,3,0,0,0,0,3,0,3,0,0,0,0,3,3,0,0,0,0,0,0,0,0,0,0,0,0,0,0,0,0
0,0,0,3,0,0,3,0,3,0,0,0,3,3,0,0,0,0,0,0,0,0,0,0,0,0,0,0,0,0,0,0
0,0,0,3,0,0,0,0,0,0,3,3,0,0,0,0,0,0,0,0,0,0,0,0,0,0,0,0,0,0,0,0
0,0,0,0,3,0,0,0,3,3,0,0,0,0,0,0,0,0,0,0,0,0,0,0,0,0,0,0,0,0,0,0
0,0,0,3,3,0,3,3,0,0,3,0,0,0,0,0,0,0,0,0,0,0,0,0,0,0,0,0,0,0,0,0
0,0,0,0,0,3,0,0,0,0,0,0,0,0,0,0,0,0,0,0,0,0,0,0,0,0,0,0,0,0,0,0
SpriteSpeccyBlock,21,4,4
7,0,1,7,0,1,7,0,1,7,0,1
7,0,1,7,0,1,7,0,1,7,0,1
7,0,1,7,0,1,7,0,1,7,0,1
7,0,1,7,0,1,7,0,1,7,0,1
SpriteAttribs,21,0,0,0
SpriteBitmapBlock,22,24,11
0,0,0,0,0,0,0,0,0,0,0
0,0,0,0,0,0,0,0,0,0,0
1,0,0,0,0,0,0,0,0,0,0
0,1,0,0,0,0,0,0,0,0,0
1,0,1,0,1,0,0,0,0,0,0
0,1,0,1,0,1,0,1,0,0,0
1,0,1,0,1,3,1,1,1,0,0
0,1,1,1,3,1,3,1,3,1,0
1,0,1,3,1,3,1,3,3,3,1
0,1,1,1,3,1,3,3,3,1,3
1,0,1,3,1,3,3,3,3,3,1
0,1,3,1,3,3,3,3,3,1,3
1,3,1,3,3,3,3,3,3,3,0
1,1,3,1,3,3,3,3,3,1,0
0,3,1,3,1,3,3,3,1,3,0
1,1,3,1,3,1,3,1,3,0,0
0,1,1,1,1,3,1,3,0,0,0
1,0,1,1,1,0,1,0,0,0,0
0,1,0,1,0,1,0,0,0,0,0
1,0,1,0,1,0,0,0,0,0,0
0,1,0,1,0,0,0,0,0,0,0
1,0,1,0,0,0,0,0,0,0,0
0,1,0,0,0,0,0,0,0,0,0
1,0,0,0,0,0,0,0,0,0,0
SpriteSpeccyBlock,22,3,2
7,0,1,7,0,1
7,0,1,7,0,1
7,0,1,7,0,1
SpriteAttribs,22,0,0,0
SpriteBitmapBlock,23,24,8
0,0,0,0,0,0,0,0
0,0,0,0,0,0,0,0
0,0,1,3,1,0,0,0
3,1,3,1,3,1,0,0
1,0,1,3,3,3,1,0
0,1,1,1,3,3,3,1
1,0,1,3,3,3,1,3
0,1,3,1,3,3,3,1
1,3,1,3,3,3,1,0
0,1,3,1,3,1,3,0
1,0,1,3,1,3,0,0
0,1,1,1,3,0,0,0
1,0,1,0,0,0,0,0
0,1,0,0,0,0,0,0
0,0,0,0,0,0,0,0
0,0,0,0,0,0,0,0
0,0,0,0,0,0,0,0
1,0,1,0,0,0,0,0
0,1,1,1,0,0,0,0
1,1,3,1,0,0,0,0
1,3,3,3,0,0,0,0
0,1,3,3,0,0,0,0
1,3,1,0,0,0,0,0
0,1,0,0,0,0,0,0
SpriteSpeccyBlock,23,3,1
7,0,1
7,0,1
7,0,1
SpriteAttribs,23,0,0,0
SpriteBitmapBlock,24,24,24
0,0,0,0,0,0,0,0,0,0,0,0,0,0,0,0,0,0,0,0,0,0,0,0
0,0,0,0,0,0,0,0,0,0,0,0,0,0,0,0,0,0,0,0,0,0,0,0
0,0,0,0,0,0,0,0,0,0,0,0,0,0,0,0,0,0,0,1,3,1,0,0
0,0,0,0,0,0,0,0,0,0,0,0,0,0,0,0,0,0,1,3,1,3,1,3
0,0,0,0,0,0,0,0,0,0,0,0,0,0,0,0,0,1,3,3,3,1,0,1
0,0,0,0,0,0,0,0,0,0,0,0,0,0,0,0,1,3,3,3,1,1,1,0
0,0,0,0,0,0,0,0,0,0,0,0,0,0,0,0,3,1,3,3,3,1,0,1
0,0,0,0,0,0,0,0,0,0,0,0,0,0,0,0,1,3,3,3,1,3,1,0
0,0,0,0,0,0,0,0,0,0,0,0,0,0,0,0,0,1,3,3,3,1,3,1
0,0,0,0,0,0,0,0,0,0,0,0,0,0,0,0,0,3,1,3,1,3,1,0
0,0,0,0,0,0,0,0,0,0,0,0,0,0,0,0,0,0,3,1,3,1,0,1
0,0,0,0,0,0,0,0,0,0,0,0,0,0,0,0,0,0,0,3,1,1,1,0
0,0,0,0,0,0,0,0,0,0,0,0,0,0,0,0,0,0,0,0,0,1,0,1
0,0,0,0,0,0,0,0,0,0,0,0,0,0,0,0,0,0,0,0,0,0,1,0
0,0,0,0,0,0,0,0,0,0,0,0,0,0,0,0,0,0,0,0,0,0,0,0
0,0,0,0,0,0,0,0,0,0,0,0,0,0,0,0,0,0,0,0,0,0,0,0
0,0,0,0,0,0,0,0,0,0,0,0,0,0,0,0,0,0,0,0,0,0,0,0
0,0,0,0,0,0,0,0,0,0,0,0,0,0,0,0,0,0,0,0,0,1,0,1
0,0,0,0,0,0,0,0,0,0,0,0,0,0,0,0,0,0,0,0,1,1,1,0
0,0,0,0,0,0,0,0,0,0,0,0,0,0,0,0,0,0,0,0,1,3,1,1
0,0,0,0,0,0,0,0,0,0,0,0,0,0,0,0,0,0,0,0,3,3,3,1
0,0,0,0,0,0,0,0,0,0,0,0,0,0,0,0,0,0,0,0,3,3,1,0
0,0,0,0,0,0,0,0,0,0,0,0,0,0,0,0,0,0,0,0,0,1,3,1
0,0,0,0,0,0,0,0,0,0,0,0,0,0,0,0,0,0,0,0,0,0,1,0
SpriteSpeccyBlock,24,3,3
7,0,1,7,0,1,7,0,1
7,0,1,7,0,1,7,0,1
7,0,1,7,0,1,7,0,1
SpriteAttribs,24,0,0,0
SpriteBitmapBlock,25,24,24
0,0,0,0,0,0,0,0,0,0,0,0,0,0,0,0,0,0,0,0,0,0,0,0
0,0,0,0,0,0,0,0,0,0,0,0,0,0,0,0,0,0,0,0,0,0,0,0
0,0,0,0,0,0,0,0,0,0,0,0,0,0,0,0,0,0,0,0,0,0,0,1
0,0,0,0,0,0,0,0,0,0,0,0,0,0,0,0,0,0,0,0,0,0,1,0
0,0,0,0,0,0,0,0,0,0,0,0,0,0,0,0,0,0,0,1,0,1,0,1
0,0,0,0,0,0,0,0,0,0,0,0,0,0,0,0,1,0,1,0,1,0,1,0
0,0,0,0,0,0,0,0,0,0,0,0,0,0,0,1,1,1,3,1,0,1,0,1
0,0,0,0,0,0,0,0,0,0,0,0,0,0,1,3,1,3,1,3,1,1,1,0
0,0,0,0,0,0,0,0,0,0,0,0,0,1,3,3,3,1,3,1,3,1,0,1
0,0,0,0,0,0,0,0,0,0,0,0,0,3,1,3,3,3,1,3,1,1,1,0
0,0,0,0,0,0,0,0,0,0,0,0,0,1,3,3,3,3,3,1,3,1,0,1
0,0,0,0,0,0,0,0,0,0,0,0,0,3,1,3,3,3,3,3,1,3,1,0
0,0,0,0,0,0,0,0,0,0,0,0,0,0,3,3,3,3,3,3,3,1,3,1
0,0,0,0,0,0,0,0,0,0,0,0,0,0,1,3,3,3,3,3,1,3,1,1
0,0,0,0,0,0,0,0,0,0,0,0,0,0,3,1,3,3,3,1,3,1,3,0
0,0,0,0,0,0,0,0,0,0,0,0,0,0,0,3,1,3,1,3,1,3,1,1
0,0,0,0,0,0,0,0,0,0,0,0,0,0,0,0,3,1,3,1,1,1,1,0
0,0,0,0,0,0,0,0,0,0,0,0,0,0,0,0,0,1,0,1,1,1,0,1
0,0,0,0,0,0,0,0,0,0,0,0,0,0,0,0,0,0,1,0,1,0,1,0
0,0,0,0,0,0,0,0,0,0,0,0,0,0,0,0,0,0,0,1,0,1,0,1
0,0,0,0,0,0,0,0,0,0,0,0,0,0,0,0,0,0,0,0,1,0,1,0
0,0,0,0,0,0,0,0,0,0,0,0,0,0,0,0,0,0,0,0,0,1,0,1
0,0,0,0,0,0,0,0,0,0,0,0,0,0,0,0,0,0,0,0,0,0,1,0
0,0,0,0,0,0,0,0,0,0,0,0,0,0,0,0,0,0,0,0,0,0,0,1
SpriteSpeccyBlock,25,3,3
7,0,1,7,0,1,7,0,1
7,0,1,7,0,1,7,0,1
7,0,1,7,0,1,7,0,1
SpriteAttribs,25,0,0,0
SpriteBitmapBlock,26,24,23
1,3,1,0,0,0,0,0,0,0,0,0,0,0,0,0,0,0,0,0,0,0,0
3,1,3,1,3,1,3,1,3,1,0,0,0,0,0,0,0,0,0,0,0,0,0
1,3,1,0,1,0,1,3,1,3,1,3,0,0,0,0,0,0,0,0,0,0,0
3,1,0,1,0,1,0,1,1,1,1,1,3,1,3,0,0,0,0,0,0,0,0
1,0,1,3,1,3,1,3,1,1,0,1,1,3,1,3,1,3,1,0,0,0,0
0,1,3,1,3,1,3,1,3,1,1,0,3,3,3,3,3,3,3,1,3,0,0
1,3,1,3,3,3,3,3,1,1,0,1,0,3,3,3,3,3,3,3,1,3,0
1,1,3,3,3,3,3,1,3,1,1,0,1,0,3,3,3,3,3,1,1,1,3
1,3,1,3,3,3,1,3,1,1,0,1,0,1,0,3,1,3,1,1,1,1,1
1,1,3,3,3,1,3,1,1,0,1,1,1,0,1,0,1,1,1,1,1,1,0
1,3,1,3,1,3,1,1,0,1,3,1,3,1,3,1,0,1,1,1,1,0,0
1,1,3,1,3,1,1,0,1,3,1,3,3,3,1,3,1,0,1,1,0,0,0
0,1,0,1,0,1,0,1,0,1,3,3,3,3,3,1,0,1,1,1,0,0,0
1,0,1,0,1,0,1,0,1,3,1,3,3,3,1,3,1,1,1,1,1,0,0
0,1,1,3,1,1,0,1,0,1,3,1,3,3,3,1,1,3,1,1,1,1,0
1,1,3,1,3,1,3,0,1,0,1,3,1,3,1,3,1,1,3,1,1,1,1
1,3,1,3,3,3,1,3,0,1,0,1,3,1,3,1,0,1,1,3,1,1,1
1,1,3,3,3,3,3,1,1,0,0,0,1,0,1,0,1,0,1,0,1,0,0
1,3,1,3,3,3,1,3,1,1,0,0,0,0,0,0,0,1,0,1,0,0,0
1,1,3,3,3,1,3,1,1,0,1,0,0,0,1,0,0,0,0,0,0,0,0
1,3,1,3,1,3,1,1,0,1,0,1,0,1,0,0,0,0,0,0,0,0,0
1,1,3,1,3,1,1,0,1,0,0,0,0,0,0,0,0,0,0,0,0,0,0
0,1,1,1,1,1,0,0,0,0,0,0,0,0,0,0,0,0,0,0,0,0,0
1,0,1,0,0,0,0,0,0,0,0,0,0,0,0,0,0,0,0,0,0,0,0
SpriteSpeccyBlock,26,3,3
7,0,1,7,0,1,7,0,1
7,0,1,7,0,1,7,0,1
7,0,1,7,0,1,7,0,1
SpriteAttribs,26,0,0,0
SpriteBitmapBlock,27,24,24
0,0,0,0,0,0,0,0,0,0,0,0,0,0,0,0,0,0,0,0,0,1,3,1
0,0,0,0,0,0,0,0,0,0,0,0,0,0,1,3,1,3,1,3,1,3,1,3
0,0,0,0,0,0,0,0,0,0,0,0,3,1,3,1,3,1,0,1,0,1,3,1
0,0,0,0,0,0,0,0,0,3,1,3,1,1,1,1,1,0,1,0,1,0,1,3
0,0,0,0,0,1,3,1,3,1,3,1,1,0,1,1,3,1,3,1,3,1,0,1
0,0,0,3,1,3,3,3,3,3,3,3,0,1,1,3,1,3,1,3,1,3,1,0
0,0,3,1,3,3,3,3,3,3,3,0,1,0,1,1,3,3,3,3,3,1,3,1
0,3,1,1,1,3,3,3,3,3,0,1,0,1,1,3,1,3,3,3,3,3,1,1
0,1,1,1,1,1,3,1,3,0,1,0,1,0,1,1,3,1,3,3,3,1,3,1
0,0,1,1,1,1,1,1,0,1,0,1,1,1,0,1,1,3,1,3,3,3,1,1
0,0,0,1,1,1,1,0,1,3,1,3,1,3,1,0,1,1,3,1,3,1,3,1
0,0,0,0,1,1,0,1,3,1,3,3,3,1,3,1,0,1,1,3,1,3,1,1
0,0,0,0,1,1,1,0,1,3,3,3,3,3,1,0,1,0,1,0,1,0,1,0
0,0,0,1,1,1,1,1,3,1,3,3,3,1,3,1,0,1,0,1,0,1,0,1
0,0,1,1,1,1,3,1,1,3,3,3,1,3,1,0,1,0,1,1,3,1,1,0
0,1,1,1,1,3,1,1,3,1,3,1,3,1,0,1,0,3,1,3,1,3,1,1
0,1,1,1,3,1,1,0,1,3,1,3,1,0,1,0,3,1,3,3,3,1,3,1
0,0,0,1,0,1,0,1,0,1,0,1,0,0,0,1,1,3,3,3,3,3,1,1
0,0,0,0,1,0,1,0,0,0,0,0,0,0,1,1,3,1,3,3,3,1,3,1
0,0,0,0,0,0,0,0,0,1,0,0,0,1,0,1,1,3,1,3,3,3,1,1
0,0,0,0,0,0,0,0,0,0,1,0,1,0,1,0,1,1,3,1,3,1,3,1
0,0,0,0,0,0,0,0,0,0,0,0,0,0,0,1,0,1,1,3,1,3,1,1
0,0,0,0,0,0,0,0,0,0,0,0,0,0,0,0,0,0,1,1,1,1,1,0
0,0,0,0,0,0,0,0,0,0,0,0,0,0,0,0,0,0,0,0,0,1,0,1
SpriteSpeccyBlock,27,3,3
7,0,1,7,0,1,7,0,1
7,0,1,7,0,1,7,0,1
7,0,1,7,0,1,7,0,1
SpriteAttribs,27,0,0,0
SpriteBitmapBlock,28,23,24
0,0,0,0,0,0,0,0,0,0,0,0,0,0,0,0,0,0,0,0,0,0,0,0
0,0,0,0,0,0,0,0,0,0,0,0,0,0,0,0,0,0,0,0,0,0,0,0
0,0,0,0,0,0,0,0,0,0,0,0,0,0,0,0,0,0,0,0,0,0,0,0
0,0,0,0,0,0,0,0,0,0,0,0,0,0,0,0,0,0,0,0,0,0,0,2
0,0,0,0,0,0,0,0,0,0,0,0,0,0,0,0,0,0,0,0,0,0,0,0
0,0,0,0,0,0,0,0,0,0,0,0,0,0,0,0,0,2,0,2,0,2,0,2
0,0,0,0,0,0,0,0,0,0,0,0,2,0,0,0,0,0,2,0,2,2,2,2
0,0,0,0,0,0,0,2,0,2,0,2,0,2,0,2,0,2,0,2,2,3,2,3
0,0,0,0,0,0,0,0,2,0,2,2,2,0,2,0,2,2,2,2,3,2,3,2
0,0,0,0,0,0,0,0,0,2,2,2,2,2,2,2,2,3,2,3,2,3,2,3
0,0,0,0,0,0,0,0,2,0,2,2,3,2,3,2,3,2,3,2,3,2,3,3
0,0,0,0,0,0,0,2,0,2,2,3,2,3,2,3,2,3,2,3,2,3,3,3
0,0,0,0,0,0,0,2,2,2,3,2,3,2,3,3,3,3,3,3,3,3,3,3
0,0,0,0,0,0,0,2,2,3,2,3,3,3,3,3,3,3,3,3,3,3,3,3
0,0,0,0,0,0,2,2,3,2,3,2,3,2,3,2,3,3,3,3,3,3,3,3
0,0,0,0,0,2,0,2,2,2,2,3,2,3,2,3,2,3,3,3,3,3,3,3
0,0,0,0,0,0,2,0,2,2,2,2,2,2,3,2,3,2,3,2,3,2,3,2
0,0,0,0,0,0,0,2,0,2,0,2,2,2,2,3,2,3,2,3,2,3,2,3
0,0,0,0,0,0,0,0,2,0,2,0,2,2,2,2,2,2,2,2,2,2,2,2
0,0,0,0,0,0,0,2,0,0,0,2,0,2,2,2,0,2,0,2,2,2,0,2
0,0,0,0,0,0,0,0,0,0,0,0,2,0,2,0,2,0,2,0,2,0,2,0
0,0,0,0,0,0,0,0,0,0,0,0,0,2,0,2,0,0,0,0,0,2,0,2
0,0,0,0,0,0,0,0,0,0,0,0,0,0,0,0,0,0,0,0,0,0,2,0
SpriteSpeccyBlock,28,3,3
7,0,1,7,0,1,7,0,1
7,0,1,7,0,1,7,0,1
7,0,1,7,0,1,7,0,1
SpriteAttribs,28,0,0,0
SpriteBitmapBlock,29,23,24
0,0,0,0,0,0,0,0,0,0,0,0,0,0,0,0,0,0,0,0,0,0,0,0
0,0,0,0,0,0,0,0,0,0,0,0,0,0,0,0,0,0,0,0,0,0,0,0
0,0,0,0,0,0,0,0,0,0,0,0,0,0,0,0,0,0,0,0,0,0,0,0
0,2,0,0,0,2,0,0,0,0,0,0,0,0,0,2,0,0,0,2,0,0,0,0
2,0,2,0,2,0,2,0,2,0,2,0,0,0,0,0,2,0,0,0,2,0,0,0
0,2,2,2,2,2,2,2,0,2,0,2,0,2,0,2,2,2,0,2,0,2,0,2
2,2,3,2,2,2,3,2,2,0,2,0,2,0,2,2,2,2,2,2,2,0,2,0
2,3,2,3,2,3,2,3,2,2,2,2,2,2,2,2,2,3,2,3,2,2,2,2
3,2,3,2,3,2,3,2,3,2,3,2,3,2,3,2,3,2,3,2,3,2,3,2
2,3,3,3,3,3,2,3,2,3,2,3,2,3,2,3,2,3,2,3,2,3,2,3
3,3,3,3,3,3,3,3,3,2,3,2,3,2,3,2,3,3,3,3,3,3,3,2
3,3,3,3,3,3,3,3,3,3,3,3,3,3,3,3,3,3,3,3,3,3,3,3
3,3,3,3,3,3,3,3,3,3,3,3,3,3,3,3,3,3,3,3,3,3,3,3
3,3,3,3,3,3,3,3,3,3,3,3,3,3,3,3,3,3,3,3,3,3,3,3
3,3,3,3,3,3,3,3,3,3,3,3,3,3,3,3,3,3,3,3,3,3,3,3
2,3,2,3,2,3,2,3,2,3,2,3,2,3,2,3,3,3,3,3,3,3,3,3
3,2,3,2,3,2,3,2,3,2,3,2,3,2,3,2,3,2,3,2,3,2,3,2
2,2,2,3,2,3,2,3,2,3,2,3,2,3,2,3,2,3,2,3,2,3,2,3
2,2,2,2,3,2,2,2,2,2,2,2,3,2,2,2,2,2,2,2,2,2,2,2
2,2,2,2,2,2,2,2,0,2,2,2,2,2,2,2,0,2,0,2,2,2,2,2
2,0,2,0,2,0,2,0,2,0,2,0,2,0,2,0,2,0,2,0,2,0,2,0
0,0,0,2,0,2,0,2,0,0,0,2,0,0,0,0,0,2,0,2,0,0,0,2
0,0,0,0,0,0,2,0,0,0,0,0,0,0,0,0,2,0,0,0,0,0,0,0
SpriteSpeccyBlock,29,3,3
7,0,1,7,0,1,7,0,1
7,0,1,7,0,1,7,0,1
7,0,1,7,0,1,7,0,1
SpriteAttribs,29,0,0,0
SpriteBitmapBlock,30,22,24
0,0,0,0,0,0,0,0,0,0,0,0,0,0,0,0,0,0,0,0,0,0,0,0
0,0,0,0,0,0,0,0,0,0,0,0,0,0,0,0,0,0,0,0,0,0,0,0
0,0,0,0,0,0,0,0,0,0,0,0,0,0,0,0,0,0,0,0,0,0,0,0
0,0,0,0,0,0,0,0,0,0,0,0,0,0,0,0,0,0,0,0,0,0,0,0
0,0,0,0,0,0,0,0,0,0,0,0,0,0,0,0,0,0,0,0,0,0,0,0
0,0,0,0,0,0,0,0,0,0,0,0,0,0,0,0,0,0,0,0,0,0,0,0
2,0,2,0,0,0,0,0,0,0,0,0,0,0,0,0,0,0,0,0,0,0,0,0
0,2,0,0,0,2,0,0,0,0,0,0,0,0,0,0,0,0,0,0,0,0,0,0
2,0,2,0,2,0,2,0,0,0,0,0,0,0,0,0,0,0,0,0,0,0,0,0
2,2,2,2,0,2,0,2,0,2,0,0,0,0,0,0,0,0,0,0,0,0,0,0
3,2,2,2,2,2,2,2,2,0,2,0,2,0,2,0,0,0,2,0,0,0,0,0
2,3,2,3,2,3,2,3,2,2,2,2,2,2,2,2,0,2,0,2,0,2,0,0
3,2,3,2,3,2,3,2,3,2,3,2,3,2,3,2,2,2,2,2,2,0,2,0
3,3,3,3,3,3,3,3,2,3,2,3,2,3,2,3,2,3,2,3,2,2,2,2
3,3,3,3,3,2,3,3,3,3,3,3,3,3,3,2,3,2,3,2,2,0,2,0
3,3,2,3,2,3,2,3,2,3,2,3,2,3,2,3,2,2,2,2,0,2,0,0
3,2,3,2,3,2,2,2,3,2,3,2,2,2,2,2,2,0,2,0,2,0,0,0
2,3,2,3,2,2,2,2,2,2,2,2,0,2,0,2,0,2,0,0,0,0,0,0
3,2,2,2,2,0,2,0,2,0,2,0,2,0,2,0,0,0,0,0,0,0,0,0
2,2,0,2,0,2,0,2,0,2,0,0,0,2,0,0,0,0,0,0,0,0,0,0
2,0,2,0,0,0,2,0,0,0,0,0,0,0,0,0,0,0,0,0,0,0,0,0
0,2,0,0,0,0,0,0,0,0,0,0,0,0,0,0,0,0,0,0,0,0,0,0
SpriteSpeccyBlock,30,3,3
7,0,1,7,0,1,7,0,1
7,0,1,7,0,1,7,0,1
7,0,1,7,0,1,7,0,1
SpriteAttribs,30,0,0,0
SpriteBitmapBlock,31,20,24
0,0,0,0,0,0,0,0,0,0,0,0,0,0,0,0,0,0,0,0,0,0,0,0
0,0,0,0,0,0,0,0,0,0,0,0,0,0,0,0,0,0,0,0,0,0,0,0
0,0,0,0,0,0,0,0,0,0,0,0,0,0,0,0,0,0,0,0,0,0,0,0
0,0,0,0,0,0,0,0,0,0,0,0,0,0,0,0,0,0,0,0,0,0,0,0
0,0,0,0,0,0,0,0,0,2,0,0,0,0,0,0,0,2,0,0,0,0,0,0
0,0,0,0,2,0,0,0,0,0,2,0,2,0,0,0,0,0,2,0,0,0,0,0
0,0,0,0,0,2,0,2,0,2,0,2,0,2,0,2,0,2,0,2,0,0,0,0
0,0,0,0,2,0,2,0,2,2,2,2,2,0,2,0,2,0,2,0,2,0,0,0
0,0,0,2,0,2,2,2,2,2,2,2,2,2,0,2,0,2,0,2,0,2,0,0
0,0,2,0,2,2,2,3,2,3,2,2,2,3,2,2,2,2,2,0,2,0,0,0
0,0,0,2,2,2,3,2,3,2,3,2,3,2,3,2,3,2,2,2,0,2,0,0
0,0,2,0,2,3,2,3,2,3,2,3,2,3,2,3,2,3,2,3,2,0,2,0
0,0,0,2,3,2,3,3,3,2,3,2,3,3,3,2,3,2,3,2,3,2,2,3
0,0,0,0,2,3,3,3,3,3,3,3,3,3,3,3,2,3,2,3,2,2,2,2
0,0,0,2,2,2,3,2,3,2,3,3,3,2,3,2,3,2,2,2,2,2,0,2
0,0,2,2,2,2,2,2,2,3,2,3,2,3,2,3,2,2,2,0,2,0,2,0
0,0,0,2,0,2,2,2,2,2,3,2,3,2,3,2,2,2,0,2,0,0,0,0
0,0,0,0,2,0,2,0,2,2,2,2,2,2,2,2,2,0,0,0,0,0,0,0
0,0,0,0,0,2,0,2,0,2,0,2,0,2,0,2,0,0,0,0,0,0,0,0
0,0,0,0,0,0,2,0,2,0,0,0,2,0,2,0,0,0,0,0,0,0,0,0
SpriteSpeccyBlock,31,3,3
7,0,1,7,0,1,7,0,1
7,0,1,7,0,1,7,0,1
7,0,1,7,0,1,7,0,1
SpriteAttribs,31,0,0,0
SpriteBitmapBlock,32,16,16
0,0,0,0,0,0,0,1,1,1,0,0,0,0,0,0
0,0,0,0,0,1,3,3,3,3,3,0,0,0,0,0
0,0,0,0,1,3,2,1,1,1,3,3,0,0,0,0
0,0,0,1,2,1,1,3,3,3,1,1,3,0,0,0
0,0,1,2,1,1,3,1,3,1,3,1,2,3,0,0
0,1,2,1,2,1,3,3,3,3,3,1,3,2,3,0
0,2,1,2,1,1,1,3,3,3,1,1,1,3,3,0
1,1,2,1,1,3,1,2,1,2,1,3,1,2,3,1
1,2,1,1,3,3,1,3,3,3,1,3,3,1,3,1
0,1,2,1,1,1,3,1,1,1,3,1,1,1,3,0
0,2,1,1,2,1,1,3,3,3,1,1,2,1,2,0
0,0,2,1,1,1,3,1,1,1,3,1,1,2,0,0
0,0,0,2,1,3,3,1,2,1,3,3,1,0,0,0
0,0,0,0,1,1,3,1,2,1,3,1,0,0,0,0
0,0,0,0,0,1,1,1,2,1,1,0,0,0,0,0
0,0,0,0,0,0,0,1,1,1,0,0,0,0,0,0
SpriteSpeccyBlock,32,2,2
7,0,1,7,0,1
7,0,1,7,0,1
SpriteAttribs,32,0,0,0
SpriteBitmapBlock,33,23,21
0,0,0,0,0,0,0,0,0,0,0,0,0,0,0,0,0,0,0,0,0
0,0,0,0,0,0,0,0,0,0,0,0,0,0,0,0,0,0,0,0,0
0,0,0,0,0,0,0,0,0,0,0,0,0,0,0,0,0,0,0,0,0
0,0,0,0,0,0,0,0,0,0,0,0,0,0,0,0,0,0,0,0,0
0,0,0,0,0,0,0,0,0,0,0,0,0,0,0,0,0,0,0,0,0
0,0,0,0,0,0,0,0,0,3,0,3,0,3,0,3,0,3,0,0,0
0,0,0,0,0,0,0,0,3,0,0,0,0,0,0,0,0,0,0,0,0
0,0,0,0,0,0,3,0,0,0,3,3,0,3,3,0,0,3,0,3,0
0,0,0,0,0,0,0,0,3,0,0,0,3,0,0,0,0,0,0,0,0
0,0,0,0,3,0,3,0,0,3,0,3,2,3,1,3,0,3,0,0,3
0,0,0,0,0,0,0,0,3,0,0,0,2,2,2,0,0,0,0,0,0
0,0,0,0,3,0,0,0,0,0,0,0,2,2,3,3,0,3,0,0,3
0,0,0,0,0,0,0,3,3,3,3,0,3,3,3,0,3,0,0,0,0
0,0,0,0,3,0,0,3,2,2,3,2,3,2,1,2,3,3,1,0,3
0,0,0,0,0,0,0,3,3,2,3,2,3,2,2,2,3,2,2,0,0
0,0,0,0,3,0,0,3,3,3,3,0,2,3,3,3,2,3,2,0,3
0,0,0,0,0,0,0,0,3,0,0,0,0,3,2,3,0,0,0,0,0
0,0,0,0,3,0,0,0,0,3,0,3,2,3,2,3,0,3,0,0,3
0,0,0,0,0,0,0,0,0,0,0,0,0,3,2,3,0,0,0,0,0
0,0,0,0,3,0,0,3,0,0,0,0,3,0,2,3,3,0,3,0,3
0,0,0,0,0,0,0,0,0,0,0,0,0,0,0,0,0,0,0,0,0
0,0,0,0,3,0,0,0,0,0,0,0,0,0,0,0,0,0,0,0,3
0,0,0,0,0,3,0,3,0,3,0,3,0,3,0,3,0,3,0,3,0
SpriteSpeccyBlock,33,3,3
7,0,1,7,0,1,7,0,1
7,0,1,7,0,1,7,0,1
7,0,1,7,0,1,7,0,1
SpriteAttribs,33,0,0,0
SpriteBitmapBlock,34,23,21
0,0,0,0,0,0,0,0,0,0,0,0,0,0,0,0,0,0,0,0,0
0,0,0,0,0,0,0,0,0,0,0,0,0,0,0,0,0,0,0,0,0
0,0,0,0,0,0,0,0,0,0,0,0,0,0,0,0,0,0,0,0,0
0,0,0,0,0,0,0,0,0,0,0,0,0,0,0,0,0,0,0,0,0
0,0,0,0,0,0,0,0,0,0,0,0,0,0,0,0,0,0,0,0,0
0,0,0,0,0,0,0,0,0,3,0,3,0,3,0,3,0,3,0,0,0
0,0,0,0,0,0,0,0,3,0,0,0,0,0,0,0,0,0,0,0,0
0,0,0,0,0,0,3,0,0,0,3,3,0,3,3,0,0,3,0,3,0
0,0,0,0,0,0,0,0,3,0,0,0,3,0,0,0,0,0,0,0,0
0,0,0,0,3,0,3,0,0,3,0,3,1,3,0,3,0,3,0,0,3
0,0,0,0,0,0,0,0,3,0,1,2,2,1,0,0,0,0,0,0,0
0,0,0,0,3,0,0,0,0,0,1,1,1,2,3,3,0,3,0,0,3
0,0,0,0,0,0,0,3,3,3,3,1,3,3,3,0,3,0,0,0,0
0,0,0,0,3,0,0,3,0,0,3,0,3,1,0,0,3,3,0,0,3
0,0,0,0,0,0,0,3,3,0,3,1,3,0,0,0,3,0,0,0,0
0,0,0,0,3,0,0,3,3,3,3,0,0,3,3,3,1,3,0,0,3
0,0,0,0,0,0,0,1,3,2,1,0,0,3,1,3,2,1,0,0,0
0,0,0,0,3,0,0,1,1,3,2,3,0,3,1,3,1,3,1,0,3
0,0,0,0,0,0,1,0,1,1,1,1,0,3,0,3,1,1,1,0,0
0,0,0,0,3,0,0,3,0,1,1,0,3,0,1,3,3,1,3,0,3
0,0,0,0,0,0,0,0,1,0,0,0,0,0,0,1,0,0,0,0,0
0,0,0,0,3,0,0,0,0,0,0,0,0,0,0,0,0,0,0,0,3
0,0,0,0,0,3,0,3,0,3,0,3,0,3,0,3,0,3,0,3,0
SpriteSpeccyBlock,34,3,3
7,0,1,7,0,1,7,0,1
7,0,1,7,0,1,7,0,1
7,0,1,7,0,1,7,0,1
SpriteAttribs,34,0,0,0
SpriteBitmapBlock,35,23,21
0,0,0,0,0,0,0,0,0,0,0,0,0,0,0,0,0,0,0,0,0
0,0,0,0,0,0,0,0,0,0,0,0,0,0,0,0,0,0,0,0,0
0,0,0,0,0,0,0,0,0,0,0,0,0,0,0,0,0,0,0,0,0
0,0,0,0,0,0,0,0,0,0,0,0,0,0,0,0,0,0,0,0,0
0,0,0,0,0,0,0,0,0,0,0,0,0,0,0,0,0,0,0,0,0
0,0,0,0,0,0,0,0,0,3,0,3,0,3,0,3,0,3,0,0,0
0,0,0,0,0,0,0,0,3,0,0,0,0,0,0,0,0,0,0,0,0
0,0,0,0,0,0,3,0,0,0,3,3,0,3,3,0,0,3,0,3,0
0,0,0,0,0,0,0,0,3,0,0,0,3,0,0,0,0,0,0,0,0
0,0,0,0,3,0,3,0,0,3,0,3,2,3,0,3,0,3,0,0,3
0,0,0,0,0,0,0,0,3,0,0,2,2,2,0,0,0,0,0,0,0
0,0,0,0,3,0,0,0,0,0,0,2,2,2,3,3,0,3,0,0,3
0,0,0,0,0,0,0,3,3,3,3,2,3,3,3,2,3,2,0,0,0
0,0,0,0,3,0,0,3,2,1,3,2,3,2,2,2,3,3,0,0,3
0,0,0,0,0,0,0,3,3,2,3,2,3,2,2,2,3,0,0,0,0
0,0,0,0,3,0,0,3,3,3,3,1,2,3,3,3,0,3,0,0,3
0,0,0,0,0,0,0,0,3,0,1,2,1,3,1,3,0,0,0,0,0
0,0,0,0,3,0,0,0,0,3,2,3,0,3,2,3,2,3,0,0,3
0,0,0,0,0,0,0,0,0,2,1,2,0,3,0,3,1,0,0,0,0
0,0,0,0,3,0,0,3,0,0,0,0,3,0,0,3,3,0,3,0,3
0,0,0,0,0,0,0,0,0,0,0,0,0,0,0,0,0,0,0,0,0
0,0,0,0,3,0,0,0,0,0,0,0,0,0,0,0,0,0,0,0,3
0,0,0,0,0,3,0,3,0,3,0,3,0,3,0,3,0,3,0,3,0
SpriteSpeccyBlock,35,3,3
7,0,1,7,0,1,7,0,1
7,0,1,7,0,1,7,0,1
7,0,1,7,0,1,7,0,1
SpriteAttribs,35,0,0,0
spritebank,1
SpriteStart
SpriteBitmapBlock,0,23,24
0,0,0,0,0,0,0,0,0,0,0,0,0,0,0,0,0,0,0,0,0,0,0,0
0,0,0,0,0,0,0,3,0,0,0,0,3,0,0,0,0,0,0,2,0,0,0,0
0,0,0,0,0,0,0,0,0,0,0,2,0,0,0,0,0,0,0,3,2,0,0,0
2,0,0,0,2,1,2,1,2,1,2,1,2,0,0,0,0,0,3,0,0,0,0,0
0,1,2,1,0,0,0,0,1,0,0,0,0,1,2,1,2,1,2,0,0,0,0,3
0,0,0,0,0,0,0,1,0,0,0,0,0,0,0,0,0,0,0,1,2,1,2,0
1,0,1,0,1,2,0,0,0,0,0,0,0,0,0,0,0,0,0,0,0,0,0,1
0,1,0,1,0,1,3,1,0,1,0,0,0,0,0,0,0,0,0,0,0,0,0,0
1,0,1,0,1,0,1,2,1,0,1,0,1,0,1,0,0,0,0,0,0,0,0,0
0,1,0,1,0,1,0,1,0,1,0,1,0,1,0,1,0,1,0,1,0,2,0,0
1,0,1,0,1,0,1,0,1,0,1,0,2,0,1,0,1,0,1,0,3,0,1,0
0,1,0,2,0,1,0,1,0,1,0,3,0,1,0,1,0,1,0,2,0,1,0,1
1,0,3,0,1,0,1,0,1,0,2,0,1,0,1,0,1,0,1,0,1,0,1,0
0,2,0,1,0,1,0,1,0,1,0,1,0,1,0,3,0,1,0,1,0,1,0,1
1,0,1,0,1,0,1,0,1,0,1,0,1,0,1,0,3,0,1,0,1,0,0,0
0,1,0,1,0,2,0,1,0,1,0,1,0,1,0,1,0,2,0,0,0,0,0,0
1,0,1,0,1,0,3,0,0,0,0,0,0,0,0,0,0,0,0,0,0,0,0,0
0,1,0,1,0,0,0,3,0,0,0,0,0,0,0,0,0,0,0,0,0,2,1,2
0,0,0,0,0,0,0,0,2,0,0,0,0,0,0,0,1,2,1,2,1,0,0,0
0,0,0,0,0,0,0,0,0,0,0,0,1,2,1,2,0,0,0,0,2,0,0,0
1,0,0,2,1,0,0,0,0,2,1,2,0,0,3,0,0,0,0,0,3,2,0,0
0,2,1,0,0,2,1,2,1,0,0,0,0,0,0,2,0,0,0,0,2,0,0,0
0,0,0,0,0,0,2,0,0,3,0,0,0,0,0,0,0,0,0,0,0,0,0,0
SpriteSpeccyBlock,0,3,3
7,0,1,7,0,1,7,0,1
7,0,1,7,0,1,7,0,1
7,0,1,7,0,1,7,0,1
SpriteAttribs,0,0,0,0
SpriteBitmapBlock,1,20,24
0,0,0,0,0,0,0,0,0,0,0,0,0,0,0,0,0,0,0,0,0,0,0,0
0,0,0,0,0,0,0,0,0,0,0,0,0,0,0,0,0,0,0,0,0,0,0,0
0,0,0,0,0,0,0,0,0,0,0,0,0,0,0,0,0,0,0,0,0,0,0,0
2,0,0,0,0,0,0,0,0,3,0,0,0,0,0,0,0,0,0,0,0,0,2,0
0,0,3,0,0,0,0,3,0,0,2,0,0,0,0,0,0,2,0,0,2,2,3,0
0,0,0,3,0,0,3,0,0,0,3,0,0,0,0,0,0,2,0,0,0,0,0,3
2,1,2,1,2,1,3,1,2,1,2,1,2,1,2,0,0,0,2,0,0,0,0,2
0,0,0,0,0,0,0,2,0,0,0,0,0,0,0,2,1,2,1,2,1,2,1,2
0,0,0,0,0,0,2,0,0,0,0,0,0,0,0,0,0,0,0,0,0,0,0,0
0,1,0,0,0,1,0,0,0,1,0,0,2,1,0,0,0,3,0,0,0,0,0,0
1,0,3,0,1,0,1,0,1,0,1,3,1,0,1,0,2,0,1,0,0,0,1,0
2,3,0,1,0,1,0,1,0,1,3,1,0,1,0,1,0,1,0,1,0,3,0,1
1,0,1,0,1,0,1,0,1,0,1,0,1,0,1,0,1,0,1,0,1,0,3,0
0,1,0,0,2,1,0,0,0,1,3,3,0,1,0,0,0,1,0,0,0,1,0,2
0,0,0,0,0,2,0,0,0,0,0,0,2,0,0,0,0,0,0,0,0,0,0,0
0,2,0,0,0,0,2,0,0,0,0,0,0,0,0,2,1,2,1,2,1,2,1,2
2,0,0,0,0,1,2,1,2,1,2,1,2,1,2,0,0,0,0,3,0,0,0,2
1,2,1,2,1,0,0,2,0,0,0,3,0,0,0,0,0,0,0,3,0,0,0,3
0,3,0,0,0,0,2,0,2,0,0,0,3,0,0,0,0,0,2,0,0,0,3,0
0,0,3,0,0,2,0,0,0,2,0,0,0,2,0,0,0,0,0,0,0,0,3,0
SpriteSpeccyBlock,1,3,3
7,0,1,7,0,1,7,0,1
7,0,1,7,0,1,7,0,1
7,0,1,7,0,1,7,0,1
SpriteAttribs,1,0,0,0
SpriteBitmapBlock,2,20,24
0,0,0,0,0,0,0,0,0,0,0,0,0,0,0,0,0,0,0,0,0,0,0,0
0,0,0,0,0,0,0,0,0,0,0,0,0,0,0,0,0,0,0,0,0,0,0,0
0,0,0,0,0,0,0,0,0,0,0,0,0,0,0,0,0,0,0,0,0,0,0,0
0,0,0,0,0,0,0,0,0,0,0,0,0,0,0,0,0,0,0,0,0,0,0,0
0,0,0,0,0,0,0,0,0,0,0,0,0,0,0,0,0,0,0,0,0,0,0,0
0,0,0,0,0,0,0,0,0,0,0,0,0,0,0,0,0,0,0,0,0,0,0,0
0,0,0,0,0,0,3,0,0,0,3,0,0,0,0,0,0,3,0,0,0,0,0,0
1,2,0,0,0,3,0,0,0,0,0,3,0,0,2,0,3,0,0,0,0,0,0,0
0,0,1,2,1,2,1,2,1,2,1,2,0,0,0,2,0,0,0,0,0,2,0,0
0,2,0,0,0,0,0,0,0,0,0,0,2,1,2,1,2,1,0,0,0,3,0,0
1,0,0,0,1,0,1,3,0,0,1,0,0,0,0,0,0,0,1,2,1,3,1,2
0,1,0,1,2,1,0,1,2,1,0,1,2,1,0,0,0,1,0,0,0,2,0,1
1,0,1,3,1,0,1,0,1,0,1,3,1,0,1,2,1,0,1,3,1,0,1,0
0,0,0,0,0,0,0,0,0,0,0,0,0,0,0,0,2,0,0,0,2,1,2,1
0,0,2,1,2,1,2,1,2,1,2,1,2,1,2,1,2,1,2,1,0,0,0,2
1,2,0,0,0,3,0,0,0,0,0,0,2,0,0,0,0,0,0,2,0,0,0,0
0,0,0,0,2,0,3,0,0,0,0,0,0,2,0,0,0,0,2,0,0,0,0,0
0,0,0,0,0,0,0,0,0,0,0,0,2,0,2,0,0,0,0,0,0,0,0,0
0,0,0,0,0,0,0,0,0,0,0,0,0,0,0,0,0,0,0,0,0,0,0,0
2,0,0,0,0,0,0,0,0,0,0,0,0,0,0,0,0,0,0,0,0,0,0,0
SpriteSpeccyBlock,2,3,3
7,0,1,7,0,1,7,0,1
7,0,1,7,0,1,7,0,1
7,0,1,7,0,1,7,0,1
SpriteAttribs,2,0,0,0
SpriteBitmapBlock,3,16,24
0,0,0,0,0,0,0,0,0,0,0,0,0,0,0,0,0,0,0,0,0,0,0,0
0,0,0,0,0,0,0,0,0,0,0,0,0,0,0,0,0,0,0,0,0,0,0,0
0,0,0,0,0,0,0,0,0,0,0,0,0,0,0,0,0,0,0,0,0,0,0,0
0,0,0,0,0,0,0,0,0,0,0,0,0,0,0,0,0,0,0,0,0,0,0,0
0,0,0,0,0,0,0,0,0,0,0,0,0,0,0,0,0,0,0,0,0,0,0,0
0,0,0,0,0,0,0,0,0,0,0,0,0,0,0,0,0,0,0,0,0,0,0,0
0,0,0,0,0,0,0,0,0,0,0,0,0,0,0,0,0,0,0,0,0,0,0,0
0,0,0,0,0,0,0,0,0,0,0,0,0,0,0,0,0,0,0,0,0,0,0,0
0,2,0,0,0,0,0,2,0,0,0,0,0,0,0,0,0,0,0,0,0,0,0,0
2,0,0,0,0,0,0,0,2,0,3,0,0,0,0,0,0,0,0,0,0,0,0,0
1,2,1,2,0,0,0,0,0,3,0,0,0,0,0,0,0,0,0,3,0,0,0,0
0,2,0,1,2,1,2,1,2,1,2,1,2,1,2,0,0,0,2,0,0,0,0,0
1,0,1,0,1,0,1,0,1,0,1,0,1,0,1,2,1,2,1,2,1,3,3,3
2,1,2,1,2,1,2,1,2,1,2,1,2,1,2,0,0,0,0,0,0,0,0,0
0,0,0,0,0,0,0,3,0,0,0,0,0,0,0,3,0,0,0,0,0,0,0,0
3,0,0,0,0,0,2,0,3,0,0,0,0,0,0,0,0,0,0,0,0,0,0,0
SpriteSpeccyBlock,3,2,3
7,0,1,7,0,1,7,0,1
7,0,1,7,0,1,7,0,1
SpriteAttribs,3,0,0,0
SpriteBitmapBlock,4,16,24
0,0,0,0,0,0,0,0,0,0,0,0,0,0,0,0,0,0,0,0,0,0,0,0
0,0,0,0,0,0,0,0,0,0,0,0,0,0,0,0,0,0,0,0,0,0,0,0
0,0,0,0,0,0,0,0,0,0,0,0,0,0,0,0,0,0,0,0,0,0,0,0
0,0,0,0,0,0,0,0,0,0,0,0,0,0,0,0,0,0,0,0,0,0,0,0
0,0,0,0,0,0,0,0,0,0,0,0,0,0,0,0,0,0,0,0,0,0,0,0
0,0,0,0,0,0,0,0,0,0,0,0,0,0,0,0,0,0,0,0,0,0,0,0
0,0,0,0,0,0,0,0,0,0,0,0,0,0,0,0,0,0,0,0,0,0,0,0
0,0,0,0,0,0,0,0,0,0,0,0,0,0,0,0,0,0,0,0,0,0,0,0
0,0,0,0,0,0,0,0,0,0,0,0,0,0,0,3,0,2,0,0,0,0,0,3
0,0,0,0,0,0,0,0,3,0,0,0,0,0,0,0,3,0,0,0,0,0,0,0
0,0,0,0,0,0,0,0,0,2,1,2,1,2,1,2,1,2,1,2,1,2,1,2
3,3,3,1,2,1,2,1,2,1,0,1,0,1,0,1,0,1,0,1,0,1,0,1
0,0,0,0,0,2,0,0,0,2,1,2,1,2,1,2,1,2,1,2,1,0,2,0
0,0,0,0,3,0,0,0,0,0,0,0,0,0,3,0,0,0,0,0,2,1,2,1
0,0,0,0,0,0,0,0,0,0,0,0,0,3,0,2,0,0,0,0,0,0,0,2
0,0,0,0,0,0,0,0,0,0,0,0,0,0,0,0,2,0,0,0,0,0,2,0
SpriteSpeccyBlock,4,2,3
7,0,1,7,0,1,7,0,1
7,0,1,7,0,1,7,0,1
SpriteAttribs,4,0,0,0
SpriteBitmapBlock,5,18,24
0,0,0,0,0,0,0,0,0,0,0,0,0,0,0,0,0,0,0,0,0,0,0,0
0,0,0,0,0,0,0,0,0,0,0,0,0,0,0,0,0,0,0,0,0,0,0,0
0,0,0,0,0,0,0,0,0,0,0,0,0,0,0,0,0,0,0,0,0,0,0,0
0,0,0,0,0,0,0,0,0,0,0,0,0,0,0,0,0,0,0,0,0,0,0,0
0,0,0,0,0,0,0,0,0,0,0,0,0,0,0,0,0,0,0,0,0,0,0,2
0,0,0,0,0,0,0,0,0,0,0,0,0,0,0,0,0,0,0,0,0,0,0,0
0,0,0,0,0,0,0,0,0,2,0,2,0,0,0,0,0,0,0,0,0,0,0,0
0,0,0,0,0,2,0,0,0,0,2,0,0,0,0,0,0,3,0,2,0,0,0,0
0,0,0,0,2,0,0,0,0,0,0,2,0,0,0,0,0,0,3,0,0,0,2,1
2,0,0,0,1,2,1,2,1,2,1,2,1,2,1,2,1,2,1,2,1,2,0,0
1,2,1,2,0,0,0,2,0,0,0,0,0,1,0,0,0,1,0,0,0,0,1,0
0,1,0,1,3,1,0,1,2,1,0,1,3,1,0,1,0,1,0,1,3,1,0,1
1,0,2,0,0,0,1,0,0,0,1,2,1,0,1,2,1,0,1,2,1,0,1,0
2,1,3,1,2,1,0,0,0,1,0,0,0,1,0,0,3,1,0,1,0,0,0,1
0,0,3,0,0,0,1,2,1,2,1,2,0,0,1,0,0,0,1,0,0,0,2,0
0,0,2,0,0,0,0,0,2,0,0,0,2,1,2,1,2,1,2,1,2,1,0,0
0,0,0,0,0,0,0,3,0,2,0,0,3,0,0,0,0,0,3,0,0,0,2,1
0,0,0,0,0,0,3,0,0,0,0,0,0,3,0,0,0,3,0,0,0,0,0,0
SpriteSpeccyBlock,5,3,3
7,0,1,7,0,1,7,0,1
7,0,1,7,0,1,7,0,1
7,0,1,7,0,1,7,0,1
SpriteAttribs,5,0,0,0
SpriteBitmapBlock,6,21,24
0,0,0,0,0,0,0,0,0,0,0,0,0,0,0,0,0,0,0,0,0,0,0,0
0,0,0,0,0,0,0,0,0,0,0,0,0,0,0,0,0,0,0,0,0,0,0,0
0,0,0,0,0,0,0,0,0,0,0,0,0,0,0,0,0,0,0,0,0,0,0,0
0,0,0,0,0,0,0,0,0,0,0,0,0,0,0,0,0,0,0,0,0,0,0,0
0,3,0,0,0,0,0,0,0,0,2,0,0,0,2,0,0,0,2,0,0,3,0,0
0,3,0,0,0,2,0,0,0,0,0,3,0,0,0,2,0,2,0,0,0,0,3,0
3,0,0,0,3,0,0,0,0,0,0,0,3,0,0,0,2,0,0,1,2,1,2,1
2,0,0,0,3,0,0,0,0,2,1,2,1,2,1,2,1,2,1,0,1,0,0,2
2,1,2,1,2,1,2,1,2,0,0,0,0,1,0,0,0,2,0,0,0,0,2,0
0,1,0,0,1,0,0,0,1,0,0,2,0,1,0,0,0,0,2,0,0,0,0,1
2,0,1,0,0,0,1,0,0,0,1,0,3,3,1,0,0,0,1,2,0,0,1,0
0,3,0,1,0,1,0,1,0,1,0,1,0,1,0,1,0,1,0,1,0,1,0,1
1,0,3,0,1,0,1,0,1,0,1,0,1,3,1,0,1,0,1,0,1,0,3,2
0,1,0,0,0,1,0,2,0,1,0,1,3,1,0,1,0,1,0,1,0,3,0,1
0,0,0,1,0,0,3,0,0,0,1,2,0,0,1,0,0,0,1,0,0,0,1,0
1,0,0,0,1,0,0,0,1,0,0,0,1,0,0,0,0,2,0,0,1,0,0,0
2,1,2,1,2,1,2,1,2,0,1,0,0,1,0,0,2,0,0,0,0,1,0,0
2,0,0,0,0,2,0,0,0,2,1,2,1,2,1,2,1,3,1,2,1,2,1,2
3,0,0,0,0,0,2,0,0,0,0,0,0,3,0,0,0,3,0,0,3,0,0,0
0,3,2,2,0,0,2,0,0,0,0,0,0,2,0,0,3,0,0,0,0,3,0,0
0,2,0,0,0,0,0,0,0,0,0,0,0,0,3,0,0,0,0,0,0,0,0,2
SpriteSpeccyBlock,6,3,3
7,0,1,7,0,1,7,0,1
7,0,1,7,0,1,7,0,1
7,0,1,7,0,1,7,0,1
SpriteAttribs,6,0,0,0
SpriteBitmapBlock,7,23,24
0,0,0,0,0,0,0,0,0,0,0,0,0,0,0,0,0,0,0,0,0,0,0,0
0,0,0,0,0,0,0,0,0,0,0,0,0,0,3,0,0,2,0,0,0,0,0,0
0,0,0,2,0,0,0,0,2,0,0,0,0,0,0,1,2,1,2,0,0,1,2,0
0,0,2,3,0,0,0,0,0,3,0,0,2,1,2,0,1,0,0,1,2,0,0,1
0,0,0,2,0,0,0,0,2,1,2,1,1,0,0,0,0,1,0,0,0,1,0,0
0,0,0,1,2,1,2,1,0,0,1,0,0,0,0,2,0,0,1,0,0,0,0,1
2,1,2,0,1,0,0,0,0,1,0,0,0,0,1,0,3,0,0,0,1,0,1,0
0,0,1,0,0,1,0,0,0,0,0,1,0,0,0,1,0,3,0,1,0,1,0,1
0,1,0,0,0,0,2,0,1,0,1,0,1,0,1,0,1,0,2,0,1,0,1,0
0,0,0,1,0,1,0,3,0,1,0,1,0,1,0,1,0,1,0,1,0,1,0,1
1,0,1,0,1,0,1,0,3,0,1,0,1,0,1,0,1,0,1,0,1,0,2,0
0,1,0,1,0,1,0,1,0,1,0,1,0,2,0,1,0,1,0,1,0,3,0,1
1,0,1,0,2,0,1,0,1,0,1,0,3,0,1,0,1,0,1,0,2,0,1,0
0,1,0,3,0,1,0,1,0,1,0,2,0,1,0,1,0,1,0,1,0,1,0,1
0,0,2,0,1,0,1,0,1,0,1,0,1,0,1,0,1,0,1,0,1,0,1,0
0,0,0,0,0,0,0,0,0,1,0,1,0,1,0,1,2,1,0,1,0,1,0,1
0,1,0,0,0,0,0,1,0,0,2,0,0,0,1,0,1,3,1,0,1,0,1,0
1,0,0,0,1,0,0,0,0,3,0,0,0,1,0,0,0,0,2,1,0,1,0,1
0,2,1,2,1,0,0,0,2,0,0,0,1,0,0,0,1,0,0,0,0,0,1,0
3,0,0,0,0,2,1,2,1,2,1,0,0,0,0,1,0,0,1,0,1,2,1,0
0,0,0,0,0,3,0,0,0,0,0,2,1,2,1,2,1,2,1,2,0,0,0,2
0,0,0,2,3,0,0,0,0,0,0,0,2,0,0,0,2,0,0,0,0,0,0,0
0,0,0,0,2,0,0,0,0,0,0,3,0,0,0,0,3,0,0,0,0,0,0,0
SpriteSpeccyBlock,7,3,3
7,0,1,7,0,1,7,0,1
7,0,1,7,0,1,7,0,1
7,0,1,7,0,1,7,0,1
SpriteAttribs,7,0,0,0
SpriteBitmapBlock,8,23,24
0,0,0,0,0,0,0,0,0,0,0,0,0,0,0,0,0,0,0,0,0,0,0,0
3,0,0,0,0,0,0,2,0,1,2,0,0,1,2,1,2,0,0,2,1,0,0,3
2,0,2,1,2,1,2,1,2,0,0,1,2,0,0,0,0,1,2,0,0,2,1,2
2,1,0,0,0,0,1,0,0,1,0,0,0,0,0,1,0,0,0,1,2,3,0,3
3,0,0,0,1,0,0,0,1,0,1,0,1,0,1,0,1,0,1,0,1,0,3,0
0,3,0,0,0,0,0,1,0,1,0,1,0,1,0,1,0,1,0,1,0,1,0,1
1,0,2,0,1,0,1,0,1,3,1,0,1,0,1,0,1,2,1,0,1,0,1,0
0,1,0,1,0,1,0,1,3,1,0,1,0,1,0,1,3,1,0,1,0,1,0,1
1,0,1,0,1,0,1,2,1,0,1,0,1,0,1,2,1,0,1,0,1,0,1,0
0,1,0,1,0,1,0,1,0,1,0,1,0,1,0,1,0,1,0,1,0,1,0,1
1,0,1,0,1,0,1,0,1,0,1,0,1,0,1,0,1,0,1,0,1,0,1,2
0,1,0,1,0,1,0,1,0,1,0,1,0,1,0,1,0,1,0,1,0,1,3,1
1,0,1,0,1,0,1,0,1,0,1,0,1,0,1,0,1,0,1,0,1,3,1,0
0,1,0,1,0,1,0,1,0,1,0,1,0,1,0,1,0,1,0,1,0,1,0,1
1,0,1,0,1,0,1,0,1,0,1,0,1,0,1,0,1,2,1,0,1,0,1,0
0,1,0,3,0,1,0,2,0,1,0,1,0,1,0,1,0,1,3,1,0,1,0,1
1,0,3,0,1,0,1,0,3,0,1,0,1,0,1,0,1,0,1,2,1,0,1,0
0,2,0,1,0,1,0,1,0,3,0,1,0,1,0,1,0,1,0,1,0,1,0,1
0,0,1,0,1,0,0,0,1,0,0,0,1,0,1,0,1,0,1,0,1,0,1,0
1,0,0,1,0,0,1,0,0,0,1,0,0,0,0,1,0,1,0,1,0,1,0,2
0,1,0,0,0,0,0,2,1,2,1,0,0,2,1,0,0,0,1,0,0,0,2,3
2,0,1,2,1,2,2,0,0,0,0,2,1,0,0,2,1,2,1,0,0,2,1,2
3,2,0,0,0,3,0,0,0,0,3,0,0,0,0,0,0,0,0,2,1,0,0,3
SpriteSpeccyBlock,8,3,3
7,0,1,7,0,1,7,0,1
7,0,1,7,0,1,7,0,1
7,0,1,7,0,1,7,0,1
SpriteAttribs,8,0,0,0
SpriteBitmapBlock,9,22,24
0,0,0,0,0,0,0,0,0,0,0,0,0,0,0,0,0,0,0,0,0,0,0,0
0,0,0,0,0,0,0,2,0,2,0,0,0,0,0,0,0,0,0,0,0,0,0,0
0,0,0,0,0,0,2,0,2,0,0,0,0,0,0,0,0,0,0,0,0,0,0,0
0,0,0,0,0,2,0,2,0,0,0,0,0,2,0,2,0,0,0,0,0,0,0,0
0,0,0,0,2,0,2,0,0,0,0,0,2,2,2,0,0,0,2,0,2,0,0,0
0,0,0,2,0,3,3,0,0,2,0,2,2,3,0,2,0,2,2,2,0,0,0,0
0,0,0,0,2,3,2,0,2,0,2,2,3,3,2,0,2,3,2,0,2,0,2,0
0,0,0,2,0,3,0,2,0,2,2,3,3,2,2,2,3,2,2,2,0,2,0,0
0,0,2,0,3,2,2,2,2,3,2,3,2,3,2,3,2,3,2,3,2,0,2,0
0,0,0,2,3,2,3,2,3,2,3,3,3,2,3,2,3,2,3,2,3,2,0,0
0,0,2,3,2,3,2,3,2,3,3,3,2,3,2,3,3,3,2,3,2,0,0,0
0,2,2,2,3,2,3,2,3,3,3,3,3,3,3,3,3,3,3,2,3,2,0,2
2,3,2,3,3,3,2,3,3,3,3,3,3,3,3,3,3,3,3,3,2,3,2,0
3,2,3,2,3,3,3,3,3,3,3,3,3,3,3,3,3,3,3,3,3,2,0,0
2,0,2,3,3,3,3,3,3,3,3,3,3,3,3,3,3,3,3,3,2,3,2,0
0,2,0,2,3,2,3,2,3,2,3,3,3,3,3,2,3,2,3,2,3,2,0,2
0,0,2,0,2,3,2,3,2,3,2,3,2,3,2,3,2,3,2,3,2,2,2,0
0,0,0,2,0,2,3,2,2,2,3,2,3,2,3,2,2,2,3,2,0,2,0,0
0,0,0,0,2,0,2,3,2,0,2,3,2,3,2,2,2,0,2,0,2,0,0,0
0,0,0,0,0,2,0,2,3,2,0,2,0,2,3,2,0,2,0,2,0,2,0,0
0,0,0,0,0,0,2,0,2,3,0,0,2,0,2,0,0,0,0,0,0,0,0,0
0,0,0,0,0,0,0,0,0,2,0,0,0,0,0,2,0,0,0,0,0,0,0,0
SpriteSpeccyBlock,9,3,3
7,0,1,7,0,1,7,0,1
7,0,1,7,0,1,7,0,1
7,0,1,7,0,1,7,0,1
SpriteAttribs,9,0,0,0
SpriteBitmapBlock,10,23,24
0,0,0,0,0,0,0,0,0,0,0,0,0,0,0,0,0,0,0,0,0,0,0,0
0,0,0,0,0,0,0,0,0,0,0,0,0,0,0,0,0,0,0,0,0,0,0,0
0,0,0,0,0,0,0,0,0,0,0,0,0,0,0,0,0,0,0,0,0,0,0,0
0,0,0,0,0,0,0,0,0,0,0,0,0,0,0,0,0,0,0,0,0,0,0,0
0,0,0,0,0,0,0,0,0,0,0,0,0,0,0,0,0,0,0,0,0,2,0,2
0,0,0,0,0,0,0,0,0,0,0,0,0,0,0,0,0,0,2,0,2,0,2,0
0,0,0,0,0,0,0,0,0,0,0,0,0,0,0,0,0,2,0,2,0,2,0,2
0,0,0,0,0,0,0,0,0,0,0,0,2,0,0,0,2,0,2,0,2,0,2,2
0,0,0,0,0,2,0,0,0,2,0,0,0,2,0,2,0,2,0,2,2,2,2,3
0,0,0,0,0,0,2,0,2,0,2,0,2,0,2,2,2,2,2,2,2,2,3,2
0,0,0,2,0,2,0,2,2,2,2,2,2,2,2,3,2,3,2,3,2,3,2,3
0,0,2,0,2,0,2,2,3,2,3,2,3,2,3,2,3,2,3,2,3,2,3,3
0,3,2,3,2,3,2,3,2,3,2,3,2,3,2,3,3,3,3,3,3,3,3,3
2,2,3,2,3,2,3,2,3,3,3,3,3,3,3,3,3,3,3,3,3,3,3,3
0,2,2,2,2,3,2,3,3,3,3,3,3,3,3,3,3,3,3,3,3,3,3,3
0,0,2,0,2,2,2,2,3,2,3,3,3,3,3,3,3,3,3,3,3,3,3,3
0,2,0,2,0,2,0,2,2,3,2,3,2,3,2,3,2,3,2,3,3,3,3,3
0,0,2,0,2,0,2,0,2,2,3,2,2,2,2,2,3,2,3,2,3,2,3,3
0,0,0,0,0,2,0,2,0,2,2,2,0,2,0,2,2,3,2,2,2,3,2,3
0,0,0,0,0,0,0,0,2,0,2,0,2,0,2,0,2,2,2,0,2,2,2,2
0,0,0,0,0,0,0,0,0,0,0,2,0,2,0,2,0,2,0,2,0,2,0,2
0,0,0,0,0,0,0,0,0,0,0,0,0,0,0,0,0,0,2,0,2,0,2,2
0,0,0,0,0,0,0,0,0,0,0,0,0,0,0,0,0,0,0,2,0,0,0,2
SpriteSpeccyBlock,10,3,3
7,0,1,7,0,1,7,0,1
7,0,1,7,0,1,7,0,1
7,0,1,7,0,1,7,0,1
SpriteAttribs,10,0,0,0
SpriteBitmapBlock,11,24,24
0,0,0,0,0,0,0,0,0,0,0,0,0,0,0,2,0,0,0,2,0,0,0,0
0,0,2,0,0,0,0,0,2,0,0,0,2,0,2,0,2,0,2,0,2,0,2,0
0,0,0,2,0,2,0,2,0,2,0,2,0,2,0,2,0,2,0,2,0,2,0,0
2,0,2,0,2,0,2,2,2,0,2,0,2,0,2,0,2,0,2,2,2,2,2,0
0,2,0,2,0,2,2,3,2,2,0,2,0,2,0,2,2,2,2,3,2,2,2,2
2,0,2,0,2,2,3,2,2,0,2,2,2,2,2,2,2,2,3,2,3,2,2,2
2,2,0,2,2,3,2,2,2,2,2,2,2,2,2,3,2,3,2,3,2,3,2,3
3,2,3,2,3,2,3,2,3,2,3,2,3,2,3,2,3,2,3,3,3,3,3,2
3,3,3,3,3,3,3,3,2,3,2,3,2,3,2,3,3,3,3,3,3,3,3,3
3,3,3,3,3,3,3,3,3,3,3,3,3,3,3,3,3,3,3,3,3,3,3,3
3,3,3,3,3,3,3,3,3,3,3,3,3,3,3,3,3,3,3,3,3,3,3,3
3,3,3,3,3,3,3,3,3,3,3,3,3,3,3,3,3,3,3,3,3,3,3,3
3,3,3,3,3,3,3,3,3,3,3,3,3,3,3,3,3,3,3,3,3,3,3,3
3,3,3,3,3,3,3,3,3,3,3,3,3,3,3,3,3,3,3,3,3,3,3,3
3,3,3,3,3,3,3,3,3,3,3,3,3,3,3,3,3,3,3,3,3,3,3,3
3,3,3,3,3,3,3,3,3,3,3,3,3,3,3,3,3,3,3,3,3,3,3,3
3,3,3,3,3,3,3,3,3,3,3,3,2,3,2,3,2,3,3,3,3,3,3,3
3,2,3,2,3,2,3,2,3,2,3,2,3,2,3,2,3,2,3,3,3,2,3,2
2,3,2,3,2,2,2,2,2,3,2,3,2,2,2,2,2,3,2,3,2,3,2,3
3,2,2,2,2,0,2,0,2,2,3,2,3,2,2,0,2,2,3,2,3,2,2,2
2,3,2,2,0,2,0,2,0,2,2,3,2,2,0,2,0,2,2,2,2,3,2,2
2,2,2,0,2,0,2,0,2,0,2,2,2,2,2,0,2,0,2,0,2,2,2,0
0,2,0,2,0,2,0,2,0,2,0,2,0,2,0,2,0,2,0,0,0,2,0,2
0,0,2,0,0,0,0,0,2,0,0,0,0,0,0,0,0,0,0,0,0,0,2,0
SpriteSpeccyBlock,11,3,3
7,0,1,7,0,1,7,0,1
7,0,1,7,0,1,7,0,1
7,0,1,7,0,1,7,0,1
SpriteAttribs,11,0,0,0
SpriteBitmapBlock,12,24,23
0,0,0,0,0,0,0,0,0,0,0,0,0,0,0,0,0,0,0,0,0,0,0
0,0,0,0,0,0,0,0,0,0,0,0,0,0,0,0,0,0,0,0,0,0,0
0,2,0,0,0,0,0,0,0,0,0,0,0,0,0,0,0,0,0,0,0,0,0
2,0,2,0,2,0,0,0,0,0,0,0,0,0,0,0,0,0,0,0,0,0,0
2,2,0,2,0,2,0,2,0,2,0,0,0,0,0,0,0,0,0,2,0,0,0
2,2,2,2,2,0,2,0,2,0,2,0,2,0,2,0,2,0,2,0,0,0,0
2,2,2,2,2,2,2,2,0,2,0,2,2,2,0,2,0,2,0,0,0,0,0
3,2,3,2,3,2,2,2,2,0,2,2,2,2,2,2,2,0,0,0,2,0,0
3,3,3,3,2,3,2,2,2,2,2,3,2,3,2,2,0,0,0,2,0,0,0
3,3,3,3,3,2,3,2,3,2,3,2,3,2,2,0,0,0,2,0,0,0,0
3,3,3,3,3,3,3,3,2,3,2,3,2,2,2,2,0,2,0,2,0,0,0
3,3,3,3,3,3,3,3,3,3,3,2,3,2,2,2,2,2,2,0,2,0,0
3,3,3,3,3,3,3,3,3,3,3,3,2,3,2,3,2,3,2,2,0,2,0
3,3,3,3,3,3,3,3,3,3,3,3,3,3,3,2,3,2,3,2,2,0,2
3,3,3,3,3,3,3,3,3,3,3,3,3,3,2,3,2,3,2,2,0,2,0
3,3,3,3,3,3,3,3,3,2,3,2,3,2,3,2,3,2,2,0,2,0,0
3,3,3,3,3,3,3,3,2,3,2,3,2,2,2,2,2,2,0,2,0,0,0
3,2,3,2,3,2,3,2,3,2,2,2,2,2,2,0,2,0,2,0,0,0,0
2,3,2,3,2,2,2,3,2,3,2,2,0,2,0,2,0,2,0,2,0,0,0
2,2,2,2,2,2,2,2,3,2,3,2,2,0,2,0,2,0,2,0,2,0,0
0,2,0,2,0,2,0,2,2,3,2,3,2,2,0,2,0,2,0,2,0,0,0
2,0,2,0,2,0,2,0,2,2,2,2,2,0,2,0,2,0,0,0,0,0,0
0,2,0,2,0,2,0,2,0,2,0,2,0,0,0,0,0,0,0,0,0,0,0
0,0,2,0,0,0,0,0,0,0,0,0,0,0,0,0,0,0,0,0,0,0,0
SpriteSpeccyBlock,12,3,3
7,0,1,7,0,1,7,0,1
7,0,1,7,0,1,7,0,1
7,0,1,7,0,1,7,0,1
SpriteAttribs,12,0,0,0
SpriteBitmapBlock,13,23,24
0,0,0,0,0,0,0,0,0,0,0,0,0,0,0,0,0,0,0,0,0,0,0,0
0,0,0,0,0,0,0,1,0,1,0,0,0,0,0,0,0,0,0,0,0,0,0,0
0,0,0,0,0,0,1,0,1,0,1,0,1,0,0,0,0,0,0,0,0,0,0,0
0,0,0,0,0,1,0,1,1,1,1,1,0,1,0,1,0,1,0,1,0,0,0,0
0,0,0,0,1,0,1,3,1,3,1,3,1,0,1,3,1,3,1,0,1,0,0,0
0,0,0,1,0,1,3,1,3,1,3,1,0,1,3,1,3,1,3,1,0,1,0,0
0,0,0,0,1,3,1,3,3,3,1,3,1,0,1,3,3,3,1,3,1,0,1,0
0,0,0,1,3,1,3,3,3,3,3,1,0,1,3,1,3,3,3,1,3,1,0,0
0,0,1,0,1,3,1,3,3,3,1,3,1,0,1,3,3,3,3,3,1,0,1,0
0,0,0,1,0,1,3,1,3,1,3,1,0,1,3,1,3,1,3,1,3,1,0,0
0,0,1,0,1,0,1,0,1,0,1,0,1,0,1,3,1,3,1,3,1,0,1,0
0,1,1,1,1,1,3,1,0,1,0,1,3,1,0,1,0,1,0,1,0,1,0,0
0,0,1,3,1,3,1,3,1,0,1,3,1,3,1,0,1,0,1,3,1,0,1,0
0,1,1,1,3,1,3,1,3,1,0,1,3,1,3,1,0,1,3,1,3,1,0,0
0,0,1,3,1,3,3,3,1,3,1,0,1,3,1,0,1,3,1,3,1,3,1,0
0,1,0,1,3,1,3,3,3,1,3,1,0,1,0,1,3,1,3,3,3,1,0,1
0,0,1,1,1,3,1,3,3,3,1,3,1,0,1,0,1,3,3,3,1,3,1,0
0,0,0,1,3,1,3,3,3,3,3,1,3,1,0,1,3,1,3,1,3,1,0,0
0,0,0,0,1,3,1,3,3,3,3,3,1,3,1,0,1,3,1,3,1,0,0,0
0,0,0,0,0,1,3,1,3,3,3,1,3,1,0,1,0,1,1,1,0,0,0,0
0,0,0,0,0,0,1,3,1,3,1,3,1,3,1,0,1,1,0,0,0,0,0,0
0,0,0,0,0,1,0,1,3,1,3,1,0,1,0,0,0,0,0,0,0,0,0,0
0,0,0,0,0,0,1,0,1,0,1,0,1,0,0,0,0,0,0,0,0,0,0,0
SpriteSpeccyBlock,13,3,3
7,0,1,7,0,1,7,0,1
7,0,1,7,0,1,7,0,1
7,0,1,7,0,1,7,0,1
SpriteAttribs,13,0,0,0
SpriteBitmapBlock,14,29,24
0,0,0,0,0,0,0,0,0,0,0,0,0,0,0,0,0,0,0,0,0,0,0,0
0,0,0,0,0,0,0,0,0,0,0,0,0,0,0,0,0,0,0,0,0,0,0,0
0,0,0,0,0,0,0,0,0,0,0,0,0,0,0,0,0,0,0,0,0,0,0,0
0,0,0,0,0,0,0,0,0,0,0,0,0,0,0,0,0,0,0,0,0,0,0,0
0,0,0,0,0,0,0,0,0,0,0,0,0,0,0,0,0,0,0,0,0,0,2,2
0,0,0,0,0,0,0,0,0,0,0,0,0,0,0,0,0,0,0,0,0,2,2,2
0,0,0,0,0,0,0,0,0,0,1,1,1,1,1,1,1,0,0,0,0,2,2,2
0,0,0,0,0,0,0,0,1,1,1,0,0,0,1,1,1,1,1,0,0,2,2,2
0,0,0,0,0,0,1,1,1,0,1,0,0,0,1,0,0,1,1,1,1,2,2,2
0,0,0,0,1,1,1,0,0,0,1,1,0,0,1,2,0,0,1,0,0,2,2,2
0,0,0,1,1,0,1,1,1,1,1,1,0,0,1,1,1,1,1,0,0,2,2,2
0,0,1,1,0,0,0,1,0,0,0,1,1,1,1,1,1,0,0,0,0,2,2,2
0,0,1,1,1,1,0,1,0,0,0,1,1,0,0,0,1,1,1,1,1,2,2,2
0,0,0,3,0,1,1,1,1,1,0,0,1,0,0,0,1,0,0,1,1,2,2,2
0,0,3,0,0,0,3,0,0,1,1,1,1,1,0,0,1,0,0,0,0,2,2,2
0,0,0,0,0,3,0,0,0,3,0,0,3,1,1,1,1,1,1,0,0,2,2,2
0,0,0,0,0,0,0,0,3,0,0,3,0,0,0,3,0,1,1,1,1,2,2,2
0,0,0,0,0,0,0,0,0,0,0,0,0,0,0,0,0,0,3,0,0,2,2,2
0,0,0,0,0,0,0,0,3,0,0,3,0,0,0,3,0,1,1,1,1,2,2,2
0,0,0,0,0,3,0,0,0,3,0,0,3,1,1,1,1,1,1,0,1,2,2,2
0,0,3,0,0,0,3,0,0,1,1,1,1,0,0,0,1,0,0,0,1,2,2,2
0,0,0,3,0,1,1,1,1,0,0,1,0,0,0,0,1,0,0,0,1,2,2,2
0,0,1,1,1,0,1,0,0,0,0,1,0,0,0,0,1,1,1,1,1,2,2,2
0,0,1,0,0,0,1,0,0,1,1,1,1,1,1,1,1,0,0,0,1,2,2,2
0,0,0,1,1,0,1,1,1,1,0,0,0,1,0,0,1,0,0,1,1,2,2,2
0,0,0,0,0,1,1,0,0,1,0,0,0,1,0,0,1,1,1,1,1,2,2,2
0,0,0,0,0,0,0,1,1,1,1,0,1,0,0,0,0,1,1,1,1,2,2,2
0,0,0,0,0,0,0,0,0,0,1,1,1,1,1,1,1,1,0,0,0,2,2,2
0,0,0,0,0,0,0,0,0,0,0,0,0,0,0,0,0,0,0,0,0,0,2,2
SpriteSpeccyBlock,14,4,3
7,0,1,7,0,1,7,0,1
7,0,1,7,0,1,7,0,1
7,0,1,7,0,1,7,0,1
7,0,1,7,0,1,7,0,1
SpriteAttribs,14,0,0,0
SpriteBitmapBlock,15,32,24
0,0,0,0,0,0,1,1,1,1,0,0,0,0,0,0,0,0,0,0,0,0,0,0
0,0,0,0,1,1,0,1,0,0,1,1,1,0,0,0,0,0,0,0,0,0,0,0
0,0,1,1,0,0,0,1,0,0,0,0,1,1,1,1,0,0,0,0,0,0,0,0
0,1,0,1,0,0,0,1,0,0,0,1,1,0,0,1,1,1,1,0,0,0,0,0
1,0,0,1,1,1,1,1,1,0,1,1,0,0,1,1,1,1,1,1,0,0,2,2
1,0,0,1,0,0,0,1,1,1,1,0,0,0,1,0,2,0,1,1,1,2,2,2
0,1,1,1,0,0,0,1,0,0,1,0,0,0,1,1,0,0,0,1,0,2,2,2
0,3,0,1,1,1,0,1,0,0,1,1,0,0,0,1,1,1,1,1,0,2,2,2
3,0,0,3,0,1,1,1,0,0,0,1,1,1,1,1,1,0,0,1,1,2,2,2
0,0,3,0,0,3,0,1,1,1,0,0,1,0,0,0,1,0,0,0,0,2,2,2
0,0,0,0,3,0,0,3,0,1,1,1,1,0,0,0,1,0,0,0,0,2,2,2
0,0,0,0,0,0,3,0,0,3,0,1,1,1,0,0,1,0,0,1,1,2,2,2
0,0,3,3,3,0,0,0,3,0,0,3,0,1,1,1,1,1,1,0,0,2,2,2
0,0,3,0,3,0,0,0,0,0,3,0,0,3,0,1,1,1,0,0,0,2,2,2
0,2,3,3,3,2,0,0,0,0,0,0,3,0,0,3,0,1,1,1,0,2,2,2
0,0,2,2,2,2,2,0,0,0,0,0,0,0,3,0,0,3,0,1,1,2,2,2
0,0,0,2,2,2,2,0,2,2,0,0,0,0,0,0,3,0,0,0,0,2,2,2
0,0,0,0,2,2,2,2,0,0,2,0,0,2,2,0,0,0,3,0,0,2,2,2
0,0,0,2,2,2,2,0,0,0,0,2,2,0,0,0,3,0,0,3,0,2,2,2
0,0,2,2,2,2,2,0,0,0,0,0,0,0,3,0,0,3,0,1,1,2,2,2
0,2,2,2,2,2,0,0,0,0,0,0,3,0,0,3,0,1,1,1,1,2,2,2
0,0,2,2,2,0,0,0,0,0,3,0,0,3,0,1,1,1,1,0,1,2,2,2
0,0,0,0,0,0,0,0,3,0,0,3,0,1,1,0,0,1,0,0,1,2,2,2
0,0,0,0,0,0,3,0,0,3,0,1,1,1,0,0,0,1,0,0,1,2,2,2
0,0,0,0,3,0,0,3,0,1,1,1,0,1,0,0,0,1,1,1,1,2,2,2
0,0,3,0,0,3,0,1,1,1,0,0,0,1,1,1,1,1,0,0,1,2,2,2
3,0,0,3,0,1,1,1,0,1,0,0,1,1,0,0,1,1,0,0,1,2,2,2
0,3,0,1,1,1,0,0,0,1,0,0,1,0,0,0,1,0,0,1,1,2,2,2
0,1,1,0,0,1,0,0,1,1,1,1,1,0,0,0,1,1,1,1,0,0,2,2
1,1,0,0,0,1,1,1,1,0,0,0,1,0,1,1,1,1,0,0,0,0,0,0
0,0,1,1,1,1,0,0,1,0,0,1,1,1,1,0,0,0,0,0,0,0,0,0
0,0,0,0,0,1,1,1,1,1,1,1,0,0,0,0,0,0,0,0,0,0,0,0
SpriteSpeccyBlock,15,4,3
7,0,1,7,0,1,7,0,1
7,0,1,7,0,1,7,0,1
7,0,1,7,0,1,7,0,1
7,0,1,7,0,1,7,0,1
SpriteAttribs,15,0,0,0
SpriteBitmapBlock,16,20,24
0,0,0,0,0,0,0,0,0,0,0,0,1,0,1,0,0,0,0,0,0,1,0,0
0,0,0,0,0,0,0,0,0,0,0,0,1,0,1,0,0,0,0,0,0,1,0,0
0,0,0,0,0,0,0,0,0,0,0,0,0,1,0,0,0,0,0,0,0,0,1,0
0,0,0,0,0,0,0,0,0,0,0,0,0,0,1,0,0,0,3,3,3,0,1,0
0,0,0,0,0,0,0,0,0,0,0,0,0,0,0,1,0,3,0,0,0,3,1,0
0,0,0,0,0,0,0,0,0,0,0,0,0,0,0,0,1,3,0,0,0,3,1,0
0,0,0,0,0,0,0,0,0,0,0,0,0,0,1,1,1,3,0,0,0,3,1,1
0,0,0,0,0,0,0,0,0,0,0,1,1,1,2,2,1,1,3,3,3,1,1,1
0,0,0,0,0,0,0,0,1,1,1,0,0,2,0,0,1,0,1,1,1,1,0,2
0,0,0,0,0,1,1,1,1,0,0,2,2,0,1,1,2,0,1,2,0,1,0,2
0,0,1,1,1,0,2,1,0,2,2,0,1,1,2,2,0,1,0,2,0,1,0,2
0,1,0,0,2,2,0,1,2,0,0,1,0,2,0,0,1,0,2,0,0,1,0,2
1,0,0,2,0,1,1,2,0,0,1,0,2,0,0,1,0,2,0,0,1,0,0,2
1,2,2,1,1,2,2,0,0,1,0,2,0,0,1,0,0,2,0,0,1,0,2,0
1,0,1,0,2,0,0,1,1,0,2,0,1,1,0,0,2,0,0,0,1,0,2,0
1,0,1,2,2,0,1,0,0,2,0,1,0,1,0,2,0,0,0,1,0,0,2,0
1,1,2,1,2,1,0,0,2,0,0,1,0,1,0,2,0,0,0,1,0,0,2,0
0,1,1,1,2,1,0,2,0,2,0,1,0,1,2,0,2,0,1,0,0,2,0,0
0,0,0,0,1,1,1,1,1,1,1,1,0,1,2,0,2,0,1,0,2,0,2,0
0,0,0,0,0,0,0,0,0,0,0,0,1,1,1,1,1,1,1,1,1,1,1,1
SpriteSpeccyBlock,16,3,3
7,0,1,7,0,1,7,0,1
7,0,1,7,0,1,7,0,1
7,0,1,7,0,1,7,0,1
SpriteAttribs,16,0,0,0
SpriteBitmapBlock,17,20,24
0,0,1,0,0,0,0,0,0,1,0,1,0,0,0,0,0,0,0,0,0,0,0,0
0,0,1,0,0,0,0,0,0,1,0,1,0,0,0,0,0,0,0,0,0,0,0,0
0,1,0,0,0,0,0,0,0,0,1,0,0,0,0,0,0,0,0,0,0,0,0,0
0,1,0,3,3,3,0,0,0,1,0,0,0,0,0,0,0,0,0,0,0,0,0,0
0,1,3,0,0,0,3,0,1,0,0,0,0,0,0,0,0,0,0,0,0,0,0,0
0,1,3,0,0,0,3,1,0,0,0,0,0,0,0,0,0,0,0,0,0,0,0,0
1,1,3,0,0,0,3,1,1,1,0,0,0,0,0,0,0,0,0,0,0,0,0,0
1,1,1,3,3,3,1,0,0,0,1,1,1,0,0,0,0,0,0,0,0,0,0,0
1,0,1,1,1,1,1,0,2,0,0,0,1,1,1,1,0,0,0,0,0,0,0,0
1,0,2,0,1,2,0,1,0,2,2,2,0,1,0,0,1,1,1,0,0,0,0,0
1,0,2,0,1,2,0,0,1,0,0,0,2,0,1,1,0,0,0,1,1,1,0,0
1,0,0,2,1,0,2,2,0,1,0,0,0,2,0,0,1,1,1,0,0,0,1,0
1,0,0,2,0,1,0,0,2,0,1,0,0,0,2,2,0,0,0,1,0,0,0,1
1,1,0,2,0,1,0,0,0,2,0,1,1,0,0,0,2,0,0,0,1,0,0,1
0,1,0,0,2,1,0,0,0,2,0,0,0,1,0,0,0,2,2,2,0,1,0,1
0,1,0,0,2,0,1,0,0,0,2,0,0,0,1,1,0,0,0,0,2,0,1,1
0,1,0,2,2,0,0,1,0,2,0,2,2,2,2,0,1,1,0,2,0,2,0,1
1,0,2,0,0,2,0,1,0,2,0,0,2,0,0,2,2,0,1,2,1,1,1,0
1,2,0,0,2,0,2,0,1,2,0,0,1,1,1,1,1,1,1,1,0,0,0,0
1,1,1,1,1,1,1,1,1,1,1,1,0,0,0,0,0,0,0,0,0,0,0,0
SpriteSpeccyBlock,17,3,3
7,0,1,7,0,1,7,0,1
7,0,1,7,0,1,7,0,1
7,0,1,7,0,1,7,0,1
SpriteAttribs,17,0,0,0
SpriteBitmapBlock,18,32,32
0,0,0,0,0,0,0,0,0,0,0,0,0,0,0,0,0,0,0,0,0,0,0,0,0,0,3,3,0,3,0,0
0,0,0,0,0,0,0,0,0,0,0,0,0,0,0,0,0,0,0,0,0,0,0,0,3,3,0,0,3,0,3,0
0,0,0,0,0,0,0,0,0,0,0,0,0,0,0,0,0,0,0,0,0,0,3,3,0,0,0,0,0,0,0,3
0,0,0,0,0,0,0,0,0,0,0,0,0,0,0,0,0,3,0,0,3,3,0,0,0,0,0,0,0,3,3,0
0,0,0,0,0,0,0,0,0,0,0,0,0,0,0,0,3,0,3,3,0,0,0,0,0,3,0,3,0,0,0,3
0,0,0,0,0,0,0,0,0,0,0,0,0,3,3,3,0,0,0,0,0,0,3,3,3,0,3,0,0,0,0,3
0,0,0,0,0,0,0,0,0,3,0,0,3,0,0,0,0,3,0,3,0,3,0,0,0,0,0,0,0,0,3,0
0,0,0,0,0,0,0,0,0,0,3,3,0,0,0,3,3,0,3,0,3,0,0,0,0,0,0,3,0,0,0,3
0,0,0,0,0,0,0,0,0,3,0,0,0,0,0,0,0,0,0,0,0,0,0,0,0,0,3,0,3,0,0,3
0,0,0,3,3,0,0,0,3,0,0,0,0,1,1,0,1,1,0,0,0,0,0,0,0,3,0,0,0,0,3,0
0,0,3,0,0,3,0,1,1,1,1,1,1,0,0,1,0,1,1,1,0,1,1,1,0,0,0,0,0,0,3,0
0,0,3,0,0,3,1,1,1,0,1,1,0,1,0,1,0,1,0,1,1,1,0,1,1,1,0,0,0,3,0,0
1,0,1,3,3,1,0,1,0,0,1,0,1,1,1,1,0,0,1,1,0,1,1,1,0,1,1,0,0,0,3,0
0,1,1,1,1,1,1,1,1,1,3,1,3,3,0,3,1,3,3,1,3,3,3,0,3,3,3,0,0,3,0,0
1,1,0,1,0,1,0,1,1,3,0,3,0,0,3,0,3,0,0,3,0,0,0,3,0,3,0,3,1,3,1,0
1,0,1,0,1,1,0,1,3,0,0,0,3,0,0,0,0,0,0,0,0,0,0,0,0,0,0,0,3,1,0,1
0,0,0,0,0,1,1,1,3,0,0,0,0,3,0,3,0,3,0,0,0,0,0,0,0,3,0,0,0,3,1,1
0,0,0,0,1,1,0,1,1,3,0,0,0,0,3,0,3,0,3,0,3,0,0,0,0,3,0,0,0,3,0,0
1,0,1,0,1,0,0,0,1,0,3,0,0,0,0,0,0,0,0,3,0,3,0,0,0,0,0,0,3,0,0,0
1,1,1,1,1,0,0,0,1,0,3,0,0,0,0,0,0,0,0,0,0,0,3,3,0,0,0,0,0,3,0,0
0,1,0,1,1,0,0,0,0,0,0,3,0,0,0,0,0,0,0,0,0,0,0,0,3,0,0,0,0,3,0,0
0,0,0,0,0,0,0,0,0,0,0,0,3,0,0,0,0,3,0,0,0,0,0,0,0,0,0,0,0,3,0,0
0,0,0,0,0,0,0,0,0,0,0,3,0,3,0,0,0,0,3,0,0,0,0,0,0,0,0,0,3,0,0,0
0,0,0,0,0,0,0,0,0,0,0,0,0,3,0,0,0,0,0,3,3,0,0,0,0,0,0,0,3,0,0,0
0,0,0,0,0,0,0,0,0,0,0,0,0,0,3,0,0,0,0,0,0,3,0,0,0,0,0,3,0,0,0,0
0,0,0,0,0,0,0,0,0,0,0,0,0,0,0,3,3,0,0,0,0,3,0,0,0,0,0,0,3,0,0,0
0,0,0,0,0,0,0,0,0,0,0,0,0,0,3,0,0,3,0,0,0,0,3,3,0,3,0,0,3,0,0,0
0,0,0,0,0,0,0,0,0,0,0,0,0,0,0,0,0,0,3,3,0,0,0,0,3,0,0,0,3,0,0,0
0,0,0,0,0,0,0,0,0,0,0,0,0,0,0,0,0,0,0,0,3,3,0,0,0,0,0,3,0,0,0,0
0,0,0,0,0,0,0,0,0,0,0,0,0,0,0,0,0,0,0,3,0,0,3,3,0,0,0,0,3,0,0,0
0,0,0,0,0,0,0,0,0,0,0,0,0,0,0,0,0,0,0,0,0,0,0,0,3,3,0,0,3,0,0,0
0,0,0,0,0,0,0,0,0,0,0,0,0,0,0,0,0,0,0,0,0,0,0,3,0,0,3,3,0,0,0,0
SpriteSpeccyBlock,18,4,4
7,0,1,7,0,1,7,0,1,7,0,1
7,0,1,7,0,1,7,0,1,7,0,1
7,0,1,7,0,1,7,0,1,7,0,1
7,0,1,7,0,1,7,0,1,7,0,1
SpriteAttribs,18,0,0,0
SpriteBitmapBlock,19,32,24
0,0,0,0,0,0,0,0,0,0,0,0,0,0,1,1,1,1,0,0,0,0,0,0
0,0,0,0,0,0,0,0,0,0,0,1,1,1,0,0,1,0,1,1,0,0,0,0
0,0,0,0,0,0,0,0,1,1,1,1,0,0,0,0,1,0,0,0,1,1,0,0
0,0,0,0,0,1,1,1,1,0,0,1,1,0,0,0,1,0,0,0,1,0,1,0
2,2,0,0,1,1,1,1,1,1,0,0,1,1,0,1,1,1,1,1,1,0,0,1
2,2,2,1,1,1,0,2,0,1,0,0,0,1,1,1,1,0,0,0,1,0,0,1
2,2,2,0,1,0,0,0,1,1,0,0,0,1,0,0,1,0,0,0,1,1,1,0
2,2,2,0,1,1,1,1,1,0,0,0,1,1,0,0,1,0,1,1,1,0,3,0
2,2,2,1,1,0,0,1,1,1,1,1,1,0,0,0,1,1,1,0,3,0,0,3
2,2,2,0,0,0,0,1,0,0,0,1,0,0,1,1,1,0,3,0,0,3,0,0
2,2,2,0,0,0,0,1,0,0,0,1,1,1,1,0,3,0,0,3,0,0,0,0
2,2,2,1,1,0,0,1,0,0,1,1,1,0,3,0,0,3,0,0,0,0,0,0
2,2,2,0,0,1,1,1,1,1,1,0,3,0,0,3,0,0,0,3,3,3,0,0
2,2,2,0,0,0,1,1,1,0,3,0,0,3,0,0,0,0,0,3,0,3,0,0
2,2,2,0,1,1,1,0,3,0,0,3,0,0,0,0,0,0,2,3,3,3,2,0
2,2,2,1,1,0,3,0,0,3,0,0,0,0,0,0,0,2,2,2,2,2,0,0
2,2,2,0,0,0,0,3,0,0,0,0,0,0,2,2,0,2,2,2,2,0,0,0
2,2,2,0,0,3,0,0,0,2,2,0,0,2,0,0,2,2,2,2,0,0,0,0
2,2,2,0,3,0,0,3,0,0,0,2,2,0,0,0,0,2,2,2,2,0,0,0
2,2,2,1,1,0,3,0,0,3,0,0,0,0,0,0,0,2,2,2,2,2,0,0
2,2,2,1,1,1,1,0,3,0,0,3,0,0,0,0,0,0,2,2,2,2,2,0
2,2,2,1,0,1,1,1,1,0,3,0,0,3,0,0,0,0,0,2,2,2,0,0
2,2,2,1,0,0,1,0,0,1,1,0,3,0,0,3,0,0,0,0,0,0,0,0
2,2,2,1,0,0,1,0,0,0,1,1,1,0,3,0,0,3,0,0,0,0,0,0
2,2,2,1,1,1,1,0,0,0,1,0,1,1,1,0,3,0,0,3,0,0,0,0
2,2,2,1,0,0,1,1,1,1,1,0,0,0,1,1,1,0,3,0,0,3,0,0
2,2,2,1,0,0,1,1,0,0,1,1,0,0,1,0,1,1,1,0,3,0,0,3
2,2,2,1,1,0,0,1,0,0,0,1,0,0,1,0,0,0,1,1,1,0,3,0
2,2,0,0,1,1,1,1,0,0,0,1,1,1,1,1,0,0,1,0,0,1,1,0
0,0,0,0,0,0,1,1,1,1,0,1,0,0,0,1,1,1,1,0,0,0,1,1
0,0,0,0,0,0,0,0,0,1,1,1,1,0,0,1,0,0,1,1,1,1,0,0
0,0,0,0,0,0,0,0,0,0,0,0,1,1,1,1,1,1,1,0,0,0,0,0
SpriteSpeccyBlock,19,4,3
7,0,1,7,0,1,7,0,1
7,0,1,7,0,1,7,0,1
7,0,1,7,0,1,7,0,1
7,0,1,7,0,1,7,0,1
SpriteAttribs,19,0,0,0
SpriteBitmapBlock,20,29,22
0,0,0,0,0,0,0,0,0,0,0,0,0,0,0,0,0,0,0,0,0,0
0,0,0,0,0,0,0,0,0,0,0,0,0,0,0,0,0,0,0,0,0,0
0,0,0,0,0,0,0,0,0,0,0,0,0,0,0,0,0,0,0,0,0,0
0,0,0,0,0,0,0,0,0,0,0,0,0,0,0,0,0,0,0,0,0,0
2,2,0,0,0,0,0,0,0,0,0,0,0,0,0,0,0,0,0,0,0,0
2,2,2,0,0,0,0,0,0,0,0,0,0,0,0,0,0,0,0,0,0,0
2,2,2,0,0,0,0,1,1,1,1,1,1,1,0,0,0,0,0,0,0,0
2,2,2,0,0,1,1,1,1,1,0,0,0,1,1,1,0,0,0,0,0,0
2,2,2,1,1,1,1,0,0,1,0,0,0,1,0,1,1,1,0,0,0,0
2,2,2,0,0,1,0,0,2,1,0,0,1,1,0,0,0,1,1,1,0,0
2,2,2,0,0,1,1,1,1,1,0,0,1,1,1,1,1,1,0,1,1,0
2,2,2,0,0,0,0,1,1,1,1,1,1,0,0,0,1,0,0,0,1,1
2,2,2,1,1,1,1,1,0,0,0,1,1,0,0,0,1,0,1,1,1,1
2,2,2,1,1,0,0,1,0,0,0,1,0,0,1,1,1,1,1,0,3,0
2,2,2,0,0,0,0,1,0,0,1,1,1,1,1,0,0,3,0,0,0,3
2,2,2,0,0,1,1,1,1,1,1,3,0,0,3,0,0,0,3,0,0,0
2,2,2,1,1,1,1,0,3,0,0,0,3,0,0,3,0,0,0,0,0,0
2,2,2,0,0,3,0,0,0,0,0,0,0,0,0,0,0,0,0,0,0,0
2,2,2,1,1,1,1,0,3,0,0,0,3,0,0,3,0,0,0,0,0,0
2,2,2,1,0,1,1,1,1,1,1,3,0,0,3,0,0,0,3,0,0,0
2,2,2,1,0,0,0,1,0,0,0,1,1,1,1,0,0,3,0,0,0,3
2,2,2,1,0,0,0,1,0,0,0,0,1,0,0,1,1,1,1,0,3,0
2,2,2,1,1,1,1,1,0,0,0,0,1,0,0,0,0,1,0,1,1,1
2,2,2,1,0,0,0,1,1,1,1,1,1,1,1,0,0,1,0,0,0,1
2,2,2,1,1,0,0,1,0,0,1,0,0,0,1,1,1,1,0,1,1,0
2,2,2,1,1,1,1,1,0,0,1,0,0,0,1,0,0,1,1,0,0,0
2,2,2,1,1,1,1,0,0,0,0,1,0,1,1,1,1,0,0,0,0,0
2,2,2,0,0,0,1,1,1,1,1,1,1,1,0,0,0,0,0,0,0,0
2,2,0,0,0,0,0,0,0,0,0,0,0,0,0,0,0,0,0,0,0,0
SpriteSpeccyBlock,20,4,3
7,0,1,7,0,1,7,0,1
7,0,1,7,0,1,7,0,1
7,0,1,7,0,1,7,0,1
7,0,1,7,0,1,7,0,1
SpriteAttribs,20,0,0,0
SpriteBitmapBlock,21,32,32
0,0,3,0,3,3,0,0,0,0,0,0,0,0,0,0,0,0,0,0,0,0,0,0,0,0,0,0,0,0,0,0
0,3,0,3,0,0,3,3,0,0,0,0,0,0,0,0,0,0,0,0,0,0,0,0,0,0,0,0,0,0,0,0
3,0,0,0,0,0,0,0,3,3,0,0,0,0,0,0,0,0,0,0,0,0,0,0,0,0,0,0,0,0,0,0
0,3,3,0,0,0,0,0,0,0,3,3,0,0,3,0,0,0,0,0,0,0,0,0,0,0,0,0,0,0,0,0
3,0,0,0,3,0,3,0,0,0,0,0,3,3,0,3,0,0,0,0,0,0,0,0,0,0,0,0,0,0,0,0
3,0,0,0,0,3,0,3,3,3,0,0,0,0,0,0,3,3,3,0,0,0,0,0,0,0,0,0,0,0,0,0
0,3,0,0,0,0,0,0,0,0,3,0,3,0,3,0,0,0,0,3,0,0,3,0,0,0,0,0,0,0,0,0
3,0,0,0,3,0,0,0,0,0,0,3,0,3,0,3,3,0,0,0,3,3,0,0,0,0,0,0,0,0,0,0
3,0,0,3,0,3,0,0,0,0,0,0,0,0,0,0,0,0,0,0,0,0,3,0,0,0,0,0,0,0,0,0
0,3,0,0,0,0,3,0,0,0,0,0,0,0,1,1,0,1,1,0,0,0,0,3,0,0,0,3,3,0,0,0
0,3,0,0,0,0,0,0,1,1,1,0,1,1,1,0,1,0,0,1,1,1,1,1,1,0,3,0,0,3,0,0
0,0,3,0,0,0,1,1,1,0,1,1,1,0,1,0,1,0,1,0,1,1,0,1,1,1,3,0,0,3,0,0
0,3,0,0,0,1,1,0,1,1,1,0,1,1,0,0,1,1,1,1,0,1,0,0,1,0,1,3,3,1,0,1
0,0,3,0,0,3,3,3,0,3,3,3,1,3,3,1,3,0,3,3,1,3,1,1,1,1,1,1,1,1,1,0
0,1,3,1,3,0,3,0,3,0,0,0,3,0,0,3,0,3,0,0,3,0,3,1,1,0,1,0,1,0,1,1
1,0,1,3,0,0,0,0,0,0,0,0,0,0,0,0,0,0,0,3,0,0,0,3,1,0,1,1,0,1,0,1
1,1,3,0,0,0,3,0,0,0,0,0,0,0,3,0,3,0,3,0,0,0,0,3,1,1,1,0,0,0,0,0
0,0,3,0,0,0,3,0,0,0,0,3,0,3,0,3,0,3,0,0,0,0,3,1,1,0,1,1,0,0,0,0
0,0,0,3,0,0,0,0,0,0,3,0,3,0,0,0,0,0,0,0,0,3,0,1,0,0,0,1,0,1,0,1
0,0,3,0,0,0,0,0,3,3,0,0,0,0,0,0,0,0,0,0,0,3,0,1,0,0,0,1,1,1,1,1
0,0,3,0,0,0,0,3,0,0,0,0,0,0,0,0,0,0,0,0,3,0,0,0,0,0,0,1,1,0,1,0
0,0,3,0,0,0,0,0,0,0,0,0,0,0,3,0,0,0,0,3,0,0,0,0,0,0,0,0,0,0,0,0
0,0,0,3,0,0,0,0,0,0,0,0,0,3,0,0,0,0,3,0,3,0,0,0,0,0,0,0,0,0,0,0
0,0,0,3,0,0,0,0,0,0,0,3,3,0,0,0,0,0,3,0,0,0,0,0,0,0,0,0,0,0,0,0
0,0,0,0,3,0,0,0,0,0,3,0,0,0,0,0,0,3,0,0,0,0,0,0,0,0,0,0,0,0,0,0
0,0,0,3,0,0,0,0,0,0,3,0,0,0,0,3,3,0,0,0,0,0,0,0,0,0,0,0,0,0,0,0
0,0,0,3,0,0,3,0,3,3,0,0,0,0,3,0,0,3,0,0,0,0,0,0,0,0,0,0,0,0,0,0
0,0,0,3,0,0,0,3,0,0,0,0,3,3,0,0,0,0,0,0,0,0,0,0,0,0,0,0,0,0,0,0
0,0,0,0,3,0,0,0,0,0,3,3,0,0,0,0,0,0,0,0,0,0,0,0,0,0,0,0,0,0,0,0
0,0,0,3,0,0,0,0,3,3,0,0,3,0,0,0,0,0,0,0,0,0,0,0,0,0,0,0,0,0,0,0
0,0,0,3,0,0,3,3,0,0,0,0,0,0,0,0,0,0,0,0,0,0,0,0,0,0,0,0,0,0,0,0
0,0,0,0,3,3,0,0,3,0,0,0,0,0,0,0,0,0,0,0,0,0,0,0,0,0,0,0,0,0,0,0
SpriteSpeccyBlock,21,4,4
7,0,1,7,0,1,7,0,1,7,0,1
7,0,1,7,0,1,7,0,1,7,0,1
7,0,1,7,0,1,7,0,1,7,0,1
7,0,1,7,0,1,7,0,1,7,0,1
SpriteAttribs,21,0,0,0
SpriteBitmapBlock,22,24,22
0,0,0,0,0,0,0,0,0,0,0,0,0,0,0,0,0,0,0,0,0,0
0,0,0,0,0,0,0,0,0,0,0,0,0,0,0,0,0,0,0,0,0,0
1,0,1,0,0,0,0,0,0,0,0,0,0,0,0,0,0,0,0,0,0,0
0,1,3,3,3,0,0,0,0,0,0,0,0,0,0,0,0,0,0,0,0,0
1,3,1,3,1,3,1,3,1,0,0,0,0,0,0,0,0,0,0,0,0,0
0,1,3,1,3,1,3,3,3,1,3,0,0,0,0,0,0,0,0,0,0,0
1,0,1,3,1,3,1,3,1,0,1,1,3,1,3,1,3,1,3,0,0,0
0,1,0,1,1,1,1,1,0,1,1,3,1,3,1,3,1,3,1,3,1,0
1,0,1,1,3,1,1,3,1,0,3,1,3,3,3,3,3,3,3,1,3,1
0,1,1,3,1,3,3,1,3,1,1,3,1,3,3,3,3,3,3,3,1,3
1,0,1,1,3,3,3,3,1,3,1,1,3,3,3,3,3,3,3,3,3,1
0,1,1,3,1,3,3,3,3,1,1,1,1,3,1,3,3,3,3,3,1,0
1,1,3,1,3,1,3,3,3,3,1,1,3,1,3,1,3,3,3,1,1,0
0,1,1,3,1,3,1,3,3,1,3,1,1,3,1,3,1,3,1,3,0,0
1,0,1,1,3,1,3,1,3,3,1,1,0,1,3,1,3,1,3,1,0,0
0,1,0,1,1,3,1,3,1,3,1,0,1,1,1,3,1,3,1,0,0,0
1,0,1,0,1,1,1,1,0,1,0,1,3,1,1,1,3,1,0,0,0,0
0,1,0,1,0,1,3,1,1,0,1,3,3,3,0,0,0,0,0,0,0,0
1,1,1,3,1,3,1,3,1,3,1,1,3,1,0,0,0,0,0,0,0,0
1,1,3,1,3,1,3,3,3,1,0,0,0,0,0,0,0,0,0,0,0,0
1,3,1,3,1,3,3,3,1,0,0,0,0,0,0,0,0,0,0,0,0,0
1,1,3,1,3,3,3,1,3,0,0,0,0,0,0,0,0,0,0,0,0,0
1,3,1,3,3,3,1,3,0,0,0,0,0,0,0,0,0,0,0,0,0,0
0,1,3,1,3,1,3,0,0,0,0,0,0,0,0,0,0,0,0,0,0,0
SpriteSpeccyBlock,22,3,3
7,0,1,7,0,1,7,0,1
7,0,1,7,0,1,7,0,1
7,0,1,7,0,1,7,0,1
SpriteAttribs,22,0,0,0
SpriteBitmapBlock,23,24,22
0,0,0,0,0,0,0,0,0,0,0,0,0,0,0,0,0,0,0,0,0,0
0,0,0,0,0,0,0,0,0,0,0,0,0,0,0,0,0,0,0,0,0,0
0,0,0,0,0,0,0,0,0,0,0,0,0,0,0,0,0,0,0,0,0,0
0,0,0,0,0,0,0,0,0,0,0,0,0,0,0,0,0,0,0,0,0,0
3,0,0,0,0,0,0,0,0,0,0,0,0,0,0,0,0,0,0,0,0,0
1,3,0,0,0,0,0,0,0,0,0,0,0,0,0,0,0,0,0,0,0,0
1,1,3,0,0,0,0,0,0,0,0,0,0,0,0,0,0,0,0,0,0,0
1,1,1,3,0,0,0,0,0,0,0,0,0,0,0,0,0,0,0,0,0,0
1,0,1,1,3,3,3,3,0,0,0,0,0,0,0,0,0,0,0,0,0,0
0,1,0,1,1,3,3,3,3,3,3,3,3,0,0,0,0,0,0,0,0,0
1,0,1,1,3,1,3,1,3,1,3,3,3,3,3,3,3,3,3,3,3,3
0,1,0,1,1,1,1,1,1,1,1,3,1,0,0,0,0,0,0,0,0,0
1,0,1,0,1,0,1,0,0,0,0,0,0,0,0,0,0,0,0,0,0,0
0,1,0,0,0,0,0,0,0,0,0,0,0,0,0,0,0,0,0,0,0,0
1,0,0,0,0,0,0,0,0,0,0,0,0,0,0,0,0,0,0,0,0,0
0,0,0,0,0,0,0,0,0,0,0,0,0,0,0,0,0,0,0,0,0,0
3,0,0,0,0,0,0,0,0,0,0,0,0,0,0,0,0,0,0,0,0,0
1,3,0,0,0,0,0,0,0,0,0,0,0,0,0,0,0,0,0,0,0,0
0,1,3,0,0,0,0,0,0,0,0,0,0,0,0,0,0,0,0,0,0,0
1,0,1,3,1,0,0,0,0,0,0,0,0,0,0,0,0,0,0,0,0,0
0,1,0,1,1,1,3,1,3,3,3,3,3,3,3,3,3,0,0,0,0,0
1,0,1,0,1,1,1,1,1,1,0,0,0,0,0,0,0,0,0,0,0,0
0,1,0,1,0,0,0,0,0,0,0,0,0,0,0,0,0,0,0,0,0,0
1,0,0,0,0,0,0,0,0,0,0,0,0,0,0,0,0,0,0,0,0,0
SpriteSpeccyBlock,23,3,3
7,0,1,7,0,1,7,0,1
7,0,1,7,0,1,7,0,1
7,0,1,7,0,1,7,0,1
SpriteAttribs,23,0,0,0
SpriteBitmapBlock,24,24,24
0,0,0,0,0,0,0,0,0,0,0,0,0,0,0,0,0,0,0,0,0,0,0,0
0,0,0,0,0,0,0,0,0,0,0,0,0,0,0,0,0,0,0,0,0,0,0,0
0,0,0,0,0,0,0,0,0,0,0,0,0,0,0,0,0,0,0,0,0,0,0,0
0,0,0,0,0,0,0,0,0,0,0,0,0,0,0,0,0,0,0,0,0,0,0,0
0,0,0,0,0,0,0,0,0,0,0,0,0,0,0,0,0,0,0,0,0,0,0,3
0,0,0,0,0,0,0,0,0,0,0,0,0,0,0,0,0,0,0,0,0,0,3,1
0,0,0,0,0,0,0,0,0,0,0,0,0,0,0,0,0,0,0,0,0,3,1,1
0,0,0,0,0,0,0,0,0,0,0,0,0,0,0,0,0,0,0,0,3,1,1,1
0,0,0,0,0,0,0,0,0,0,0,0,0,0,0,0,3,3,3,3,1,1,0,1
0,0,0,0,0,0,0,0,0,0,0,3,3,3,3,3,3,3,3,1,1,0,1,0
0,0,3,3,3,3,3,3,3,3,3,3,3,3,1,3,1,3,1,3,1,1,0,1
0,0,0,0,0,0,0,0,0,0,0,1,3,1,1,1,1,1,1,1,1,0,1,0
0,0,0,0,0,0,0,0,0,0,0,0,0,0,0,0,0,1,0,1,0,1,0,1
0,0,0,0,0,0,0,0,0,0,0,0,0,0,0,0,0,0,0,0,0,0,1,0
0,0,0,0,0,0,0,0,0,0,0,0,0,0,0,0,0,0,0,0,0,0,0,1
0,0,0,0,0,0,0,0,0,0,0,0,0,0,0,0,0,0,0,0,0,0,0,0
0,0,0,0,0,0,0,0,0,0,0,0,0,0,0,0,0,0,0,0,0,0,0,3
0,0,0,0,0,0,0,0,0,0,0,0,0,0,0,0,0,0,0,0,0,0,3,1
0,0,0,0,0,0,0,0,0,0,0,0,0,0,0,0,0,0,0,0,0,3,1,0
0,0,0,0,0,0,0,0,0,0,0,0,0,0,0,0,0,0,0,1,3,1,0,1
0,0,0,0,0,0,0,3,3,3,3,3,3,3,3,3,1,3,1,1,1,0,1,0
0,0,0,0,0,0,0,0,0,0,0,0,0,0,1,1,1,1,1,1,0,1,0,1
0,0,0,0,0,0,0,0,0,0,0,0,0,0,0,0,0,0,0,0,1,0,1,0
0,0,0,0,0,0,0,0,0,0,0,0,0,0,0,0,0,0,0,0,0,0,0,1
SpriteSpeccyBlock,24,3,3
7,0,1,7,0,1,7,0,1
7,0,1,7,0,1,7,0,1
7,0,1,7,0,1,7,0,1
SpriteAttribs,24,0,0,0
SpriteBitmapBlock,25,24,24
0,0,0,0,0,0,0,0,0,0,0,0,0,0,0,0,0,0,0,0,0,0,0,0
0,0,0,0,0,0,0,0,0,0,0,0,0,0,0,0,0,0,0,0,0,0,0,0
0,0,0,0,0,0,0,0,0,0,0,0,0,0,0,0,0,0,0,0,0,1,0,1
0,0,0,0,0,0,0,0,0,0,0,0,0,0,0,0,0,0,0,3,3,3,1,0
0,0,0,0,0,0,0,0,0,0,0,0,0,0,0,1,3,1,3,1,3,1,3,1
0,0,0,0,0,0,0,0,0,0,0,0,0,3,1,3,3,3,1,3,1,3,1,0
0,0,0,0,0,3,1,3,1,3,1,3,1,1,0,1,3,1,3,1,3,1,0,1
0,0,0,1,3,1,3,1,3,1,3,1,3,1,1,0,1,1,1,1,1,0,1,0
0,0,1,3,1,3,3,3,3,3,3,3,1,3,0,1,3,1,1,3,1,1,0,1
0,0,3,1,3,3,3,3,3,3,3,1,3,1,1,3,1,3,3,1,3,1,1,0
0,0,1,3,3,3,3,3,3,3,3,3,1,1,3,1,3,3,3,3,1,1,0,1
0,0,0,1,3,3,3,3,3,1,3,1,1,1,1,3,3,3,3,1,3,1,1,0
0,0,0,1,1,3,3,3,1,3,1,3,1,1,3,3,3,3,1,3,1,3,1,1
0,0,0,0,3,1,3,1,3,1,3,1,1,3,1,3,3,1,3,1,3,1,1,0
0,0,0,0,1,3,1,3,1,3,1,0,1,1,3,3,1,3,1,3,1,1,0,1
0,0,0,0,0,1,3,1,3,1,1,1,0,1,3,1,3,1,3,1,1,0,1,0
0,0,0,0,0,0,1,3,1,1,1,3,1,0,1,0,1,1,1,1,0,1,0,1
0,0,0,0,0,0,0,0,0,0,3,3,3,1,0,1,1,3,1,0,1,0,1,0
0,0,0,0,0,0,0,0,0,0,1,3,1,1,3,1,3,1,3,1,3,1,1,1
0,0,0,0,0,0,0,0,0,0,0,0,0,0,1,3,3,3,1,3,1,3,1,1
0,0,0,0,0,0,0,0,0,0,0,0,0,0,0,1,3,3,3,1,3,1,3,1
0,0,0,0,0,0,0,0,0,0,0,0,0,0,0,3,1,3,3,3,1,3,1,1
0,0,0,0,0,0,0,0,0,0,0,0,0,0,0,0,3,1,3,3,3,1,3,1
0,0,0,0,0,0,0,0,0,0,0,0,0,0,0,0,0,3,1,3,1,3,1,0
SpriteSpeccyBlock,25,3,3
7,0,1,7,0,1,7,0,1
7,0,1,7,0,1,7,0,1
7,0,1,7,0,1,7,0,1
SpriteAttribs,25,0,0,0
SpriteBitmapBlock,26,24,23
1,3,1,0,0,0,0,0,0,0,0,0,0,0,0,0,0,0,0,0,0,0,0
3,1,3,1,3,1,3,1,3,1,0,0,0,0,0,0,0,0,0,0,0,0,0
1,3,1,0,1,0,1,3,1,3,1,3,0,0,0,0,0,0,0,0,0,0,0
3,1,0,1,0,1,0,1,1,1,1,1,3,1,3,0,0,0,0,0,0,0,0
1,0,1,3,1,3,1,3,1,1,0,1,1,3,1,3,1,3,1,0,0,0,0
0,1,3,1,3,1,3,1,3,1,1,0,3,3,3,3,3,3,3,1,3,0,0
1,3,1,3,3,3,3,3,1,1,0,1,0,3,3,3,3,3,3,3,1,3,0
1,1,3,3,3,3,3,1,3,1,1,0,1,0,3,3,3,3,3,1,1,1,3
1,3,1,3,3,3,1,3,1,1,0,1,0,1,0,3,1,3,1,1,1,1,1
1,1,3,3,3,1,3,1,1,0,1,1,1,0,1,0,1,1,1,1,1,1,0
1,3,1,3,1,3,1,1,0,1,3,1,3,1,3,1,0,1,1,1,1,0,0
1,1,3,1,3,1,1,0,1,3,1,3,3,3,1,3,1,0,1,1,0,0,0
0,1,0,1,0,1,0,1,0,1,3,3,3,3,3,1,0,1,1,1,0,0,0
1,0,1,0,1,0,1,0,1,3,1,3,3,3,1,3,1,1,1,1,1,0,0
0,1,1,3,1,1,0,1,0,1,3,1,3,3,3,1,1,3,1,1,1,1,0
1,1,3,1,3,1,3,0,1,0,1,3,1,3,1,3,1,1,3,1,1,1,1
1,3,1,3,3,3,1,3,0,1,0,1,3,1,3,1,0,1,1,3,1,1,1
1,1,3,3,3,3,3,1,1,0,0,0,1,0,1,0,1,0,1,0,1,0,0
1,3,1,3,3,3,1,3,1,1,0,0,0,0,0,0,0,1,0,1,0,0,0
1,1,3,3,3,1,3,1,1,0,1,0,0,0,1,0,0,0,0,0,0,0,0
1,3,1,3,1,3,1,1,0,1,0,1,0,1,0,0,0,0,0,0,0,0,0
1,1,3,1,3,1,1,0,1,0,0,0,0,0,0,0,0,0,0,0,0,0,0
0,1,1,1,1,1,0,0,0,0,0,0,0,0,0,0,0,0,0,0,0,0,0
1,0,1,0,0,0,0,0,0,0,0,0,0,0,0,0,0,0,0,0,0,0,0
SpriteSpeccyBlock,26,3,3
7,0,1,7,0,1,7,0,1
7,0,1,7,0,1,7,0,1
7,0,1,7,0,1,7,0,1
SpriteAttribs,26,0,0,0
SpriteBitmapBlock,27,24,24
0,0,0,0,0,0,0,0,0,0,0,0,0,0,0,0,0,0,0,0,0,1,3,1
0,0,0,0,0,0,0,0,0,0,0,0,0,0,1,3,1,3,1,3,1,3,1,3
0,0,0,0,0,0,0,0,0,0,0,0,3,1,3,1,3,1,0,1,0,1,3,1
0,0,0,0,0,0,0,0,0,3,1,3,1,1,1,1,1,0,1,0,1,0,1,3
0,0,0,0,0,1,3,1,3,1,3,1,1,0,1,1,3,1,3,1,3,1,0,1
0,0,0,3,1,3,3,3,3,3,3,3,0,1,1,3,1,3,1,3,1,3,1,0
0,0,3,1,3,3,3,3,3,3,3,0,1,0,1,1,3,3,3,3,3,1,3,1
0,3,1,1,1,3,3,3,3,3,0,1,0,1,1,3,1,3,3,3,3,3,1,1
0,1,1,1,1,1,3,1,3,0,1,0,1,0,1,1,3,1,3,3,3,1,3,1
0,0,1,1,1,1,1,1,0,1,0,1,1,1,0,1,1,3,1,3,3,3,1,1
0,0,0,1,1,1,1,0,1,3,1,3,1,3,1,0,1,1,3,1,3,1,3,1
0,0,0,0,1,1,0,1,3,1,3,3,3,1,3,1,0,1,1,3,1,3,1,1
0,0,0,0,1,1,1,0,1,3,3,3,3,3,1,0,1,0,1,0,1,0,1,0
0,0,0,1,1,1,1,1,3,1,3,3,3,1,3,1,0,1,0,1,0,1,0,1
0,0,1,1,1,1,3,1,1,3,3,3,1,3,1,0,1,0,1,1,3,1,1,0
0,1,1,1,1,3,1,1,3,1,3,1,3,1,0,1,0,3,1,3,1,3,1,1
0,1,1,1,3,1,1,0,1,3,1,3,1,0,1,0,3,1,3,3,3,1,3,1
0,0,0,1,0,1,0,1,0,1,0,1,0,0,0,1,1,3,3,3,3,3,1,1
0,0,0,0,1,0,1,0,0,0,0,0,0,0,1,1,3,1,3,3,3,1,3,1
0,0,0,0,0,0,0,0,0,1,0,0,0,1,0,1,1,3,1,3,3,3,1,1
0,0,0,0,0,0,0,0,0,0,1,0,1,0,1,0,1,1,3,1,3,1,3,1
0,0,0,0,0,0,0,0,0,0,0,0,0,0,0,1,0,1,1,3,1,3,1,1
0,0,0,0,0,0,0,0,0,0,0,0,0,0,0,0,0,0,1,1,1,1,1,0
0,0,0,0,0,0,0,0,0,0,0,0,0,0,0,0,0,0,0,0,0,1,0,1
SpriteSpeccyBlock,27,3,3
7,0,1,7,0,1,7,0,1
7,0,1,7,0,1,7,0,1
7,0,1,7,0,1,7,0,1
SpriteAttribs,27,0,0,0
SpriteBitmapBlock,28,24,24
0,0,0,0,0,0,0,0,0,0,0,0,0,0,0,0,0,0,0,0,0,0,0,0
0,0,0,0,0,0,0,0,0,0,0,0,0,0,0,0,0,0,0,0,0,0,0,0
0,0,0,0,0,0,0,0,0,0,0,0,0,0,0,0,0,0,0,0,0,0,2,0
0,0,0,0,0,0,0,0,0,0,0,0,0,0,0,0,0,0,0,2,0,2,0,2
0,0,0,0,2,0,0,0,0,0,0,0,0,0,2,0,2,0,2,0,2,0,2,2
0,0,0,0,0,2,0,2,0,2,0,2,0,2,0,2,0,2,0,2,2,2,2,2
0,0,0,0,0,0,2,0,2,0,2,2,2,0,2,0,2,2,2,2,2,2,2,2
0,0,0,2,0,0,0,2,2,2,2,2,2,2,0,2,2,2,2,3,2,3,2,3
0,0,0,0,2,0,0,0,2,2,3,2,3,2,2,2,2,2,3,2,3,3,3,3
0,0,0,0,0,2,0,0,0,2,2,3,2,3,2,3,2,3,2,3,3,3,3,3
0,0,0,0,2,0,2,0,2,2,2,2,3,2,3,2,3,3,3,3,3,3,3,3
0,0,0,2,0,2,2,2,2,2,2,3,2,3,3,3,3,3,3,3,3,3,3,3
0,0,2,0,2,2,3,2,3,2,3,2,3,3,3,3,3,3,3,3,3,3,3,3
0,2,0,2,2,3,2,3,2,3,3,3,3,3,3,3,3,3,3,3,3,3,3,3
0,0,2,0,2,2,3,2,3,2,3,3,3,3,3,3,3,3,3,3,3,3,3,3
0,0,0,2,0,2,2,3,2,3,2,3,2,3,2,3,3,3,3,3,3,3,3,3
0,0,0,0,2,0,2,2,2,2,2,2,3,2,3,2,3,3,3,3,3,3,3,3
0,0,0,0,0,2,0,2,0,2,2,2,2,2,2,3,2,3,2,3,2,3,2,3
0,0,0,0,2,0,2,0,2,0,2,0,2,2,3,2,3,2,2,2,3,2,3,2
0,0,0,2,0,2,0,2,0,2,0,2,2,3,2,3,2,2,2,2,2,2,2,2
0,0,0,0,2,0,2,0,2,0,2,2,3,2,3,2,2,0,2,0,2,0,2,0
0,0,0,0,0,0,0,2,0,2,0,2,2,2,2,2,0,2,0,2,0,2,0,2
0,0,0,0,0,0,0,0,0,0,0,0,2,0,2,0,2,0,2,0,2,0,2,0
0,0,0,0,0,0,0,0,0,0,0,0,0,0,0,0,0,0,0,0,0,2,0,0
SpriteSpeccyBlock,28,3,3
7,0,1,7,0,1,7,0,1
7,0,1,7,0,1,7,0,1
7,0,1,7,0,1,7,0,1
SpriteAttribs,28,0,0,0
SpriteBitmapBlock,29,24,24
0,0,0,0,2,0,0,0,2,0,0,0,0,0,0,0,0,0,0,0,0,0,0,0
0,2,0,2,0,2,0,2,0,2,0,2,0,0,0,2,0,0,0,0,0,2,0,0
0,0,2,0,2,0,2,0,2,0,2,0,2,0,2,0,2,0,2,0,2,0,0,0
0,2,2,2,2,2,0,2,0,2,0,2,0,2,0,2,2,2,0,2,0,2,0,2
2,2,2,2,3,2,2,2,2,0,2,0,2,0,2,2,3,2,2,0,2,0,2,0
2,2,2,3,2,3,2,2,2,2,2,2,2,2,0,2,2,3,2,2,0,2,0,2
3,2,3,2,3,2,3,2,3,2,2,2,2,2,2,2,2,2,3,2,2,0,2,2
2,3,3,3,3,3,2,3,2,3,2,3,2,3,2,3,2,3,2,3,2,3,2,3
3,3,3,3,3,3,3,3,3,2,3,2,3,2,3,2,3,3,3,3,3,3,3,3
3,3,3,3,3,3,3,3,3,3,3,3,3,3,3,3,3,3,3,3,3,3,3,3
3,3,3,3,3,3,3,3,3,3,3,3,3,3,3,3,3,3,3,3,3,3,3,3
3,3,3,3,3,3,3,3,3,3,3,3,3,3,3,3,3,3,3,3,3,3,3,3
3,3,3,3,3,3,3,3,3,3,3,3,3,3,3,3,3,3,3,3,3,3,3,3
3,3,3,3,3,3,3,3,3,3,3,3,3,3,3,3,3,3,3,3,3,3,3,3
3,3,3,3,3,3,3,3,3,3,3,3,3,3,3,3,3,3,3,3,3,3,3,3
3,3,3,3,3,3,3,3,3,3,3,3,3,3,3,3,3,3,3,3,3,3,3,3
3,3,3,3,3,3,3,2,3,2,3,2,3,3,3,3,3,3,3,3,3,3,3,3
2,3,2,3,3,3,2,3,2,3,2,3,2,3,2,3,2,3,2,3,2,3,2,3
3,2,3,2,3,2,3,2,2,2,2,2,3,2,3,2,2,2,2,2,3,2,3,2
2,2,2,3,2,3,2,2,0,2,2,3,2,3,2,2,0,2,0,2,2,2,2,3
2,2,3,2,2,2,2,0,2,0,2,2,3,2,2,0,2,0,2,0,2,2,3,2
0,2,2,2,0,2,0,2,0,2,2,2,2,2,0,2,0,2,0,2,0,2,2,2
2,0,2,0,0,0,2,0,2,0,2,0,2,0,2,0,2,0,2,0,2,0,2,0
0,2,0,0,0,0,0,0,0,0,0,0,0,0,0,2,0,0,0,0,0,2,0,0
SpriteSpeccyBlock,29,3,3
7,0,1,7,0,1,7,0,1
7,0,1,7,0,1,7,0,1
7,0,1,7,0,1,7,0,1
SpriteAttribs,29,0,0,0
SpriteBitmapBlock,30,23,24
0,0,0,0,0,0,0,0,0,0,0,0,0,0,0,0,0,0,0,0,0,0,0,0
0,0,0,0,0,0,0,0,0,0,0,0,0,0,0,0,0,0,0,0,0,0,0,0
0,0,0,0,0,0,0,0,0,0,0,0,0,0,0,0,0,0,0,0,0,0,0,0
0,0,0,0,0,0,0,0,0,0,0,0,0,0,0,0,0,0,0,0,0,0,0,0
2,0,2,0,0,0,0,0,0,0,0,0,0,0,0,0,0,0,0,0,0,0,0,0
0,2,0,2,0,2,0,0,0,0,0,0,0,0,0,0,0,0,0,0,0,0,0,0
2,0,2,0,2,0,2,0,0,0,0,0,0,0,0,0,0,0,0,0,0,0,0,0
2,2,0,2,0,2,0,2,0,0,0,2,0,0,0,0,0,0,0,0,0,0,0,0
3,2,2,2,2,0,2,0,2,0,2,0,0,0,2,0,0,0,2,0,0,0,0,0
2,3,2,2,2,2,2,2,2,2,0,2,0,2,0,2,0,2,0,0,0,0,0,0
3,2,3,2,3,2,3,2,3,2,2,2,2,2,2,2,2,0,2,0,2,0,0,0
3,3,2,3,2,3,2,3,2,3,2,3,2,3,2,3,2,2,0,2,0,2,0,0
3,3,3,3,3,3,3,3,3,2,3,2,3,2,3,2,3,2,3,2,3,2,3,0
3,3,3,3,3,3,3,3,3,3,3,3,3,3,3,3,2,3,2,3,2,3,2,2
3,3,3,3,3,3,3,3,3,3,3,3,3,3,3,3,3,2,3,2,2,2,2,0
3,3,3,3,3,3,3,3,3,3,3,3,3,3,2,3,2,2,2,2,0,2,0,0
3,3,3,3,3,2,3,2,3,2,3,2,3,2,3,2,2,0,2,0,2,0,2,0
3,3,2,3,2,3,2,3,2,2,2,2,2,3,2,2,0,2,0,2,0,2,0,0
3,2,3,2,2,2,3,2,2,0,2,0,2,2,2,0,2,0,2,0,0,0,0,0
2,2,2,2,0,2,2,2,0,2,0,2,0,2,0,2,0,0,0,0,0,0,0,0
2,0,2,0,2,0,2,0,2,0,2,0,2,0,0,0,0,0,0,0,0,0,0,0
2,2,0,2,0,2,0,0,0,0,0,0,0,0,0,0,0,0,0,0,0,0,0,0
2,0,0,0,2,0,0,0,0,0,0,0,0,0,0,0,0,0,0,0,0,0,0,0
SpriteSpeccyBlock,30,3,3
7,0,1,7,0,1,7,0,1
7,0,1,7,0,1,7,0,1
7,0,1,7,0,1,7,0,1
SpriteAttribs,30,0,0,0
SpriteBitmapBlock,31,22,24
0,0,0,0,0,0,0,0,0,0,0,0,0,0,0,0,0,0,0,0,0,0,0,0
0,0,0,0,0,0,0,0,0,0,0,0,0,0,2,0,2,0,0,0,0,0,0,0
0,0,0,0,0,0,0,0,0,0,0,0,0,0,0,2,0,2,0,0,0,0,0,0
0,0,0,0,0,0,0,0,2,0,2,0,0,0,0,0,2,0,2,0,0,0,0,0
0,0,0,2,0,2,0,0,0,2,2,2,0,0,0,0,0,2,0,2,0,0,0,0
0,0,0,0,2,2,2,0,2,0,3,2,2,0,2,0,0,3,3,0,2,0,0,0
0,2,0,2,0,2,3,2,0,2,3,3,2,2,0,2,0,2,3,2,0,0,0,0
0,0,2,0,2,2,2,3,2,2,2,3,3,2,2,0,2,0,3,0,2,0,0,0
0,2,0,2,3,2,3,2,3,2,3,2,3,2,3,2,2,2,2,3,0,2,0,0
0,0,2,3,2,3,2,3,2,3,2,3,3,3,2,3,2,3,2,3,2,0,0,0
0,0,0,2,3,2,3,3,3,2,3,2,3,3,3,2,3,2,3,2,3,2,0,0
2,0,2,3,2,3,3,3,3,3,3,3,3,3,3,3,2,3,2,3,2,2,2,0
0,2,3,2,3,3,3,3,3,3,3,3,3,3,3,3,3,2,3,3,3,2,3,2
0,0,2,3,3,3,3,3,3,3,3,3,3,3,3,3,3,3,3,3,2,3,2,3
0,2,3,2,3,3,3,3,3,3,3,3,3,3,3,3,3,3,3,3,3,2,0,2
2,0,2,3,2,3,2,3,2,3,3,3,3,3,2,3,2,3,2,3,2,0,2,0
0,2,2,2,3,2,3,2,3,2,3,2,3,2,3,2,3,2,3,2,0,2,0,0
0,0,2,0,2,3,2,2,2,3,2,3,2,3,2,2,2,3,2,0,2,0,0,0
0,0,0,2,0,2,0,2,2,2,3,2,3,2,0,2,3,2,0,2,0,0,0,0
0,0,2,0,2,0,2,0,2,3,2,0,2,0,2,3,2,0,2,0,0,0,0,0
0,0,0,0,0,0,0,0,0,2,0,2,0,0,3,2,0,2,0,0,0,0,0,0
0,0,0,0,0,0,0,0,2,0,0,0,0,0,2,0,0,0,0,0,0,0,0,0
SpriteSpeccyBlock,31,3,3
7,0,1,7,0,1,7,0,1
7,0,1,7,0,1,7,0,1
7,0,1,7,0,1,7,0,1
SpriteAttribs,31,0,0,0
SpriteBitmapBlock,32,16,11
0,0,0,0,0,0,0,1,1,1,0
0,0,0,0,0,0,1,2,2,1,0
0,0,0,0,0,1,3,3,2,0,1
0,0,0,0,0,1,2,2,0,2,1
0,0,0,0,0,1,3,2,2,3,1
0,0,0,0,0,1,2,2,0,2,1
0,0,0,0,0,1,3,2,2,3,1
0,0,0,0,0,1,2,2,0,2,1
0,0,0,0,0,1,3,2,2,3,1
0,0,0,0,0,1,2,2,0,2,1
0,0,0,0,0,1,2,2,2,3,1
0,0,0,0,0,1,2,2,0,2,1
0,0,0,0,0,1,3,3,2,0,1
0,0,0,0,0,1,2,2,2,2,1
0,0,0,0,0,0,0,2,2,1,0
0,0,0,0,0,0,0,1,1,0,0
SpriteSpeccyBlock,32,2,2
7,0,1,7,0,1
7,0,1,7,0,1
SpriteAttribs,32,0,0,0
SpriteBitmapBlock,33,23,23
0,0,0,0,0,0,0,0,0,0,0,0,0,0,0,0,0,0,0,0,0,0,0
0,0,0,0,0,0,0,0,0,0,0,0,0,0,0,0,0,0,0,0,0,0,0
0,0,0,0,0,0,0,0,0,0,0,0,0,0,0,0,0,0,0,0,0,0,0
0,0,0,0,0,0,0,0,0,0,0,3,0,3,0,0,0,0,0,0,0,0,0
0,0,0,0,0,0,0,0,3,0,3,0,0,0,3,0,0,0,0,0,0,0,0
0,0,0,0,0,3,0,3,0,0,0,0,0,3,0,0,3,0,3,0,0,0,0
0,0,0,3,0,0,0,0,0,3,0,3,3,3,0,0,0,0,0,0,3,0,0
0,0,3,0,0,0,0,0,0,3,3,0,0,3,0,3,0,0,0,0,0,0,3
0,0,0,3,0,0,0,3,3,3,3,3,0,3,3,0,0,0,0,0,0,3,0
0,0,3,0,0,3,0,0,0,0,0,3,3,2,1,0,0,3,0,3,0,0,3
0,0,0,0,0,0,0,3,0,3,0,0,3,2,3,0,3,0,0,0,0,0,0
0,0,3,0,3,0,0,0,0,0,0,3,2,3,1,0,0,0,0,3,0,0,3
0,0,0,3,0,3,0,0,3,0,0,0,3,2,2,3,0,3,3,0,0,0,0
0,0,3,3,0,3,0,3,2,3,2,2,2,3,3,2,1,2,3,0,0,0,3
0,0,0,0,3,0,0,3,0,2,3,2,3,2,3,2,2,2,2,0,0,0,0
0,0,3,0,0,0,0,3,2,0,3,0,2,2,2,2,3,2,2,3,3,0,3
0,0,0,0,0,0,0,0,3,3,0,0,3,2,2,3,0,0,3,3,0,0,0
0,0,3,0,0,0,0,0,3,0,3,0,2,2,3,3,0,3,0,0,3,0,3
0,0,0,0,0,0,0,0,3,0,0,3,3,2,2,3,0,0,3,0,3,0,0
0,0,3,0,0,0,0,3,0,0,0,0,2,0,2,3,0,3,0,3,0,0,3
0,0,0,3,0,0,0,0,0,0,0,0,3,0,0,0,0,0,0,0,0,3,0
0,0,0,0,0,3,0,3,0,0,0,0,0,0,0,0,0,3,0,3,0,0,0
0,0,0,0,0,0,0,0,0,3,0,0,3,0,3,0,3,0,0,0,0,0,0
SpriteSpeccyBlock,33,3,3
7,0,1,7,0,1,7,0,1
7,0,1,7,0,1,7,0,1
7,0,1,7,0,1,7,0,1
SpriteAttribs,33,0,0,0
SpriteBitmapBlock,34,23,23
0,0,0,0,0,0,0,0,0,0,0,0,0,0,0,0,0,0,0,0,0,0,0
0,0,0,0,0,0,0,0,0,0,0,0,0,0,0,0,0,0,0,0,0,0,0
0,0,0,0,0,0,0,0,0,0,0,0,0,0,0,0,0,0,0,0,0,0,0
0,0,0,0,0,0,0,0,0,0,0,3,0,3,0,0,0,0,0,0,0,0,0
0,0,0,0,0,0,0,0,3,0,3,0,0,0,3,0,0,0,0,0,0,0,0
0,0,0,0,0,3,0,3,0,0,0,0,0,3,0,0,3,0,3,0,0,0,0
0,0,0,3,0,0,0,0,0,3,0,3,3,3,0,0,0,0,0,0,3,0,0
0,0,3,0,0,0,0,0,0,3,3,0,0,3,0,3,0,0,0,0,0,0,3
0,0,0,3,0,0,0,3,3,3,3,3,0,3,3,0,0,0,0,0,0,3,0
0,0,3,0,0,3,0,0,0,0,0,3,3,0,0,0,0,3,0,3,0,0,3
0,0,0,0,0,0,0,3,0,3,1,2,3,1,3,0,3,0,0,0,0,0,0
0,0,3,0,3,0,0,0,0,0,1,3,1,3,1,0,0,0,0,3,0,0,3
0,0,0,3,0,3,0,0,3,1,0,1,3,1,1,3,0,3,3,0,0,0,0
0,0,3,3,0,3,0,3,0,3,1,0,1,3,3,0,0,0,3,0,0,0,3
0,0,0,0,3,0,0,3,0,0,3,1,3,0,3,0,0,0,0,0,0,0,0
0,0,3,0,0,0,0,3,1,1,3,0,0,0,0,1,3,0,0,3,3,0,3
0,0,0,0,0,0,0,1,3,3,1,0,3,0,1,3,2,1,3,3,0,0,0
0,0,3,0,0,0,0,1,3,1,3,1,0,0,3,3,1,3,1,0,3,0,3
0,0,0,0,0,0,1,0,3,1,1,3,3,1,0,3,1,1,3,0,3,0,0
0,0,3,0,0,0,0,3,0,1,1,0,0,0,1,3,1,3,0,3,0,0,3
0,0,0,3,0,0,0,0,1,0,0,0,3,0,0,1,0,0,0,0,0,3,0
0,0,0,0,0,3,0,3,0,0,0,0,0,0,0,0,0,3,0,3,0,0,0
0,0,0,0,0,0,0,0,0,3,0,0,3,0,3,0,3,0,0,0,0,0,0
SpriteSpeccyBlock,34,3,3
7,0,1,7,0,1,7,0,1
7,0,1,7,0,1,7,0,1
7,0,1,7,0,1,7,0,1
SpriteAttribs,34,0,0,0
SpriteBitmapBlock,35,23,23
0,0,0,0,0,0,0,0,0,0,0,0,0,0,0,0,0,0,0,0,0,0,0
0,0,0,0,0,0,0,0,0,0,0,0,0,0,0,0,0,0,0,0,0,0,0
0,0,0,0,0,0,0,0,0,0,0,0,0,0,0,0,0,0,0,0,0,0,0
0,0,0,0,0,0,0,0,0,0,0,3,0,3,0,0,0,0,0,0,0,0,0
0,0,0,0,0,0,0,0,3,0,3,0,0,0,3,0,0,0,0,0,0,0,0
0,0,0,0,0,3,0,3,0,0,0,0,0,3,0,0,3,0,3,0,0,0,0
0,0,0,3,0,0,0,0,0,3,0,3,3,3,0,0,0,0,0,0,3,0,0
0,0,3,0,0,0,0,0,0,3,3,0,0,3,0,3,0,0,0,0,0,0,3
0,0,0,3,0,0,0,3,3,3,3,3,2,3,3,0,0,0,0,0,0,3,0
0,0,3,0,0,3,0,0,0,0,0,3,3,0,0,0,0,3,0,3,0,0,3
0,0,0,0,0,0,0,3,0,3,0,2,3,2,3,0,3,0,0,0,0,0,0
0,0,3,0,3,0,0,0,0,0,0,3,2,3,0,0,0,0,0,3,0,0,3
0,0,0,3,0,3,0,2,3,2,2,2,3,2,2,3,2,3,3,0,0,0,0
0,0,3,3,0,3,0,3,2,3,2,2,2,3,3,2,2,2,3,0,0,0,3
0,0,0,0,3,0,0,3,0,2,3,2,3,2,3,2,2,0,0,0,0,0,0
0,0,3,0,0,0,0,3,0,0,3,1,2,1,2,1,3,0,0,3,3,0,3
0,0,0,0,0,0,0,0,3,3,1,2,3,2,1,3,0,0,3,3,0,0,0
0,0,3,0,0,0,0,0,3,1,3,1,0,0,3,3,2,3,0,0,3,0,3
0,0,0,0,0,0,0,0,3,2,1,3,3,0,0,3,1,0,3,0,3,0,0
0,0,3,0,0,0,0,3,0,0,0,0,0,0,0,3,0,3,0,3,0,0,3
0,0,0,3,0,0,0,0,0,0,0,0,3,0,0,0,0,0,0,0,0,3,0
0,0,0,0,0,3,0,3,0,0,0,0,0,0,0,0,0,3,0,3,0,0,0
0,0,0,0,0,0,0,0,0,3,0,0,3,0,3,0,3,0,0,0,0,0,0
SpriteSpeccyBlock,35,3,3
7,0,1,7,0,1,7,0,1
7,0,1,7,0,1,7,0,1
7,0,1,7,0,1,7,0,1
SpriteAttribs,35,0,0,0
SpriteDataOffSet,&150
eof
