FileVersion,1
Sprites,64
Colorselector,0,45,22,0
Colorselector,1,0,0,0
Colorselector,2,86,86,86
Colorselector,3,172,172,172
Colorselector,4,255,255,255
Colorselector,5,128,0,128
Colorselector,6,0,255,255
Colorselector,7,255,0,0
Colorselector,8,0,255,64
Colorselector,9,247,121,200
Colorselector,10,128,0,0
Colorselector,11,146,79,227
Colorselector,12,238,133,17
Colorselector,13,68,147,225
Colorselector,14,240,235,164
Colorselector,15,240,240,240
Colorselector,16,255,0,255
spritebank,0
SpriteStart
SpriteBitmapBlock,0,16,256
0,0,0,0,0,0,0,0,0,0,0,0,0,0,0,0,0,0,0,0,0,0,0,0,1,0,0,0,0,0,0,0,0,0,0,0,0,0,0,0,0,0,0,0,0,0,0,0,0,0,0,0,0,0,0,0,1,0,0,0,0,0,0,0,0,0,0,0,0,0,0,0,0,0,0,0,0,0,0,0,0,0,0,0,0,0,0,0,1,0,0,0,0,0,0,0,0,0,0,0,0,0,0,0,0,0,0,0,0,0,0,0,0,0,0,0,0,0,0,0,1,0,0,0,0,0,0,0,0,0,0,0,0,0,0,0,0,0,0,0,0,0,0,0,0,0,0,0,0,0,0,0,1,0,0,0,0,0,0,0,0,0,0,0,0,0,0,0,0,0,0,0,0,0,0,0,0,0,0,0,0,0,0,0,1,0,0,0,0,0,0,0,0,0,0,0,0,0,0,0,0,0,0,0,0,0,0,0,0,0,0,0,0,0,0,0,1,0,0,0,0,0,0,0,0,0,0,0,0,0,0,0,0,0,0,0,0,0,0,0,0,0,0,0,0,0,0,0,1,0,0,0,0,0,0,0
0,0,0,1,0,0,0,0,0,0,0,0,0,0,0,0,0,0,1,0,0,0,0,0,0,0,0,0,0,0,0,0,0,0,0,1,0,0,0,0,0,0,0,0,0,0,0,0,0,0,1,0,0,0,0,0,0,0,0,0,0,0,0,0,0,0,0,1,0,0,0,0,0,0,0,0,0,0,0,0,0,0,1,0,0,0,0,0,0,0,0,0,0,0,0,0,0,0,0,1,0,0,0,0,0,0,0,0,0,0,0,0,0,0,1,0,0,0,0,0,0,0,0,0,0,0,0,0,0,0,0,1,0,0,0,0,0,0,0,0,0,0,0,0,0,0,1,0,0,0,0,0,0,0,0,0,0,0,0,0,0,0,0,1,0,0,0,0,0,0,0,0,0,0,0,0,0,0,1,0,0,0,0,0,0,0,0,0,0,0,0,0,0,0,0,1,0,0,0,0,0,0,0,0,0,0,0,0,0,0,1,0,0,0,0,0,0,0,0,0,0,0,0,0,0,0,0,1,0,0,0,0,0,0,0,0,0,0,0,0,0,0,1,0,0,0,0,0,0,0,0,0,0,0,0,0
0,0,1,1,0,0,0,0,0,0,0,0,0,0,0,0,0,0,0,0,0,0,0,0,0,0,0,0,1,1,1,0,0,0,1,1,0,0,0,0,0,0,0,0,0,0,0,0,0,0,0,0,0,0,0,0,0,0,0,0,1,1,1,0,0,0,1,1,0,0,0,0,0,0,0,0,0,0,0,0,0,0,0,0,0,0,0,0,0,0,0,0,1,1,1,0,0,0,1,1,0,0,0,0,0,0,0,0,0,0,0,0,0,0,0,0,0,0,0,0,0,0,0,0,1,1,1,0,0,0,1,1,0,0,0,0,0,0,0,0,0,0,0,0,0,0,0,0,0,0,0,0,0,0,0,0,1,1,1,0,0,0,1,1,0,0,0,0,0,0,0,0,0,0,0,0,0,0,0,0,0,0,0,0,0,0,0,0,1,1,1,0,0,0,1,1,0,0,0,0,0,0,0,0,0,0,0,0,0,0,0,0,0,0,0,0,0,0,0,0,1,1,1,0,0,0,1,1,0,0,0,0,0,0,0,0,0,0,0,0,0,0,0,0,0,0,0,0,0,0,0,0,1,1,1,0
0,1,0,0,0,0,0,0,0,1,0,0,0,0,1,0,0,0,0,0,0,0,0,0,0,0,0,0,0,0,0,0,0,1,0,0,0,0,0,0,0,1,0,0,0,0,1,0,0,0,0,0,0,0,0,0,0,0,0,0,0,0,0,0,0,1,0,0,0,0,0,0,0,1,0,0,0,0,1,0,0,0,0,0,0,0,0,0,0,0,0,0,0,0,0,0,0,1,0,0,0,0,0,0,0,1,0,0,0,0,1,0,0,0,0,0,0,0,0,0,0,0,0,0,0,0,0,0,0,1,0,0,0,0,0,0,0,1,0,0,0,0,1,0,0,0,0,0,0,0,0,0,0,0,0,0,0,0,0,0,0,1,0,0,0,0,0,0,0,1,0,0,0,0,1,0,0,0,0,0,0,0,0,0,0,0,0,0,0,0,0,0,0,1,0,0,0,0,0,0,0,1,0,0,0,0,1,0,0,0,0,0,0,0,0,0,0,0,0,0,0,0,0,0,0,1,0,0,0,0,0,0,0,1,0,0,0,0,1,0,0,0,0,0,0,0,0,0,0,0,0,0,0,0,0,0
0,0,0,0,1,0,0,0,0,0,0,0,0,0,1,0,0,0,0,0,1,1,0,0,0,0,0,0,0,0,0,0,0,0,0,0,1,0,0,0,0,0,0,0,0,0,1,0,0,0,0,0,1,1,0,0,0,0,0,0,0,0,0,0,0,0,0,0,1,0,0,0,0,0,0,0,0,0,1,0,0,0,0,0,1,1,0,0,0,0,0,0,0,0,0,0,0,0,0,0,1,0,0,0,0,0,0,0,0,0,1,0,0,0,0,0,1,1,0,0,0,0,0,0,0,0,0,0,0,0,0,0,1,0,0,0,0,0,0,0,0,0,1,0,0,0,0,0,1,1,0,0,0,0,0,0,0,0,0,0,0,0,0,0,1,0,0,0,0,0,0,0,0,0,1,0,0,0,0,0,1,1,0,0,0,0,0,0,0,0,0,0,0,0,0,0,1,0,0,0,0,0,0,0,0,0,1,0,0,0,0,0,1,1,0,0,0,0,0,0,0,0,0,0,0,0,0,0,1,0,0,0,0,0,0,0,0,0,1,0,0,0,0,0,1,1,0,0,0,0,0,0,0,0,0,0
0,0,0,0,1,1,1,1,1,0,0,0,0,0,0,1,0,0,0,0,0,0,0,0,0,0,1,0,0,0,0,0,0,0,0,0,1,1,1,1,1,0,0,0,0,0,0,1,0,0,0,0,0,0,0,0,0,0,1,0,0,0,0,0,0,0,0,0,1,1,1,1,1,0,0,0,0,0,0,1,0,0,0,0,0,0,0,0,0,0,1,0,0,0,0,0,0,0,0,0,1,1,1,1,1,0,0,0,0,0,0,1,0,0,0,0,0,0,0,0,0,0,1,0,0,0,0,0,0,0,0,0,1,1,1,1,1,0,0,0,0,0,0,1,0,0,0,0,0,0,0,0,0,0,1,0,0,0,0,0,0,0,0,0,1,1,1,1,1,0,0,0,0,0,0,1,0,0,0,0,0,0,0,0,0,0,1,0,0,0,0,0,0,0,0,0,1,1,1,1,1,0,0,0,0,0,0,1,0,0,0,0,0,0,0,0,0,0,1,0,0,0,0,0,0,0,0,0,1,1,1,1,1,0,0,0,0,0,0,1,0,0,0,0,0,0,0,0,0,0,1,0,0,0,0,0
0,0,0,0,0,0,0,0,0,0,0,0,0,0,0,1,0,0,0,0,0,0,0,0,0,0,1,1,0,0,0,0,0,0,0,0,0,0,0,0,0,0,0,0,0,0,0,1,0,0,0,0,0,0,0,0,0,0,1,1,0,0,0,0,0,0,0,0,0,0,0,0,0,0,0,0,0,0,0,1,0,0,0,0,0,0,0,0,0,0,1,1,0,0,0,0,0,0,0,0,0,0,0,0,0,0,0,0,0,0,0,1,0,0,0,0,0,0,0,0,0,0,1,1,0,0,0,0,0,0,0,0,0,0,0,0,0,0,0,0,0,0,0,1,0,0,0,0,0,0,0,0,0,0,1,1,0,0,0,0,0,0,0,0,0,0,0,0,0,0,0,0,0,0,0,1,0,0,0,0,0,0,0,0,0,0,1,1,0,0,0,0,0,0,0,0,0,0,0,0,0,0,0,0,0,0,0,1,0,0,0,0,0,0,0,0,0,0,1,1,0,0,0,0,0,0,0,0,0,0,0,0,0,0,0,0,0,0,0,1,0,0,0,0,0,0,0,0,0,0,1,1,0,0,0,0
0,0,0,0,0,0,0,0,0,0,0,0,0,0,0,0,1,0,0,0,0,0,0,0,0,0,0,0,1,1,0,0,0,0,0,0,0,0,0,0,0,0,0,0,0,0,0,0,1,0,0,0,0,0,0,0,0,0,0,0,1,1,0,0,0,0,0,0,0,0,0,0,0,0,0,0,0,0,0,0,1,0,0,0,0,0,0,0,0,0,0,0,1,1,0,0,0,0,0,0,0,0,0,0,0,0,0,0,0,0,0,0,1,0,0,0,0,0,0,0,0,0,0,0,1,1,0,0,0,0,0,0,0,0,0,0,0,0,0,0,0,0,0,0,1,0,0,0,0,0,0,0,0,0,0,0,1,1,0,0,0,0,0,0,0,0,0,0,0,0,0,0,0,0,0,0,1,0,0,0,0,0,0,0,0,0,0,0,1,1,0,0,0,0,0,0,0,0,0,0,0,0,0,0,0,0,0,0,1,0,0,0,0,0,0,0,0,0,0,0,1,1,0,0,0,0,0,0,0,0,0,0,0,0,0,0,0,0,0,0,1,0,0,0,0,0,0,0,0,0,0,0,1,1,0,0
0,0,0,0,0,0,0,0,0,0,0,0,0,0,0,0,0,1,0,0,0,0,0,0,0,0,0,0,0,1,1,1,0,0,0,0,0,0,0,0,0,0,0,0,0,0,0,0,0,1,0,0,0,0,0,0,0,0,0,0,0,1,1,1,0,0,0,0,0,0,0,0,0,0,0,0,0,0,0,0,0,1,0,0,0,0,0,0,0,0,0,0,0,1,1,1,0,0,0,0,0,0,0,0,0,0,0,0,0,0,0,0,0,1,0,0,0,0,0,0,0,0,0,0,0,1,1,1,0,0,0,0,0,0,0,0,0,0,0,0,0,0,0,0,0,1,0,0,0,0,0,0,0,0,0,0,0,1,1,1,0,0,0,0,0,0,0,0,0,0,0,0,0,0,0,0,0,1,0,0,0,0,0,0,0,0,0,0,0,1,1,1,0,0,0,0,0,0,0,0,0,0,0,0,0,0,0,0,0,1,0,0,0,0,0,0,0,0,0,0,0,1,1,1,0,0,0,0,0,0,0,0,0,0,0,0,0,0,0,0,0,1,0,0,0,0,0,0,0,0,0,0,0,1,1,1
0,0,0,0,0,0,0,0,0,0,0,0,0,0,0,0,0,1,1,0,0,0,0,0,0,0,0,0,0,1,0,0,0,0,0,0,0,0,0,0,0,0,0,0,0,0,0,0,0,1,1,0,0,0,0,0,0,0,0,0,0,1,0,0,0,0,0,0,0,0,0,0,0,0,0,0,0,0,0,0,0,1,1,0,0,0,0,0,0,0,0,0,0,1,0,0,0,0,0,0,0,0,0,0,0,0,0,0,0,0,0,0,0,1,1,0,0,0,0,0,0,0,0,0,0,1,0,0,0,0,0,0,0,0,0,0,0,0,0,0,0,0,0,0,0,1,1,0,0,0,0,0,0,0,0,0,0,1,0,0,0,0,0,0,0,0,0,0,0,0,0,0,0,0,0,0,0,1,1,0,0,0,0,0,0,0,0,0,0,1,0,0,0,0,0,0,0,0,0,0,0,0,0,0,0,0,0,0,0,1,1,0,0,0,0,0,0,0,0,0,0,1,0,0,0,0,0,0,0,0,0,0,0,0,0,0,0,0,0,0,0,1,1,0,0,0,0,0,0,0,0,0,0,1,0,0
0,0,1,0,0,0,0,0,0,0,0,0,0,0,0,0,1,1,0,1,1,1,0,0,0,0,0,0,1,0,0,0,0,0,1,0,0,0,0,0,0,0,0,0,0,0,0,0,1,1,0,1,1,1,0,0,0,0,0,0,1,0,0,0,0,0,1,0,0,0,0,0,0,0,0,0,0,0,0,0,1,1,0,1,1,1,0,0,0,0,0,0,1,0,0,0,0,0,1,0,0,0,0,0,0,0,0,0,0,0,0,0,1,1,0,1,1,1,0,0,0,0,0,0,1,0,0,0,0,0,1,0,0,0,0,0,0,0,0,0,0,0,0,0,1,1,0,1,1,1,0,0,0,0,0,0,1,0,0,0,0,0,1,0,0,0,0,0,0,0,0,0,0,0,0,0,1,1,0,1,1,1,0,0,0,0,0,0,1,0,0,0,0,0,1,0,0,0,0,0,0,0,0,0,0,0,0,0,1,1,0,1,1,1,0,0,0,0,0,0,1,0,0,0,0,0,1,0,0,0,0,0,0,0,0,0,0,0,0,0,1,1,0,1,1,1,0,0,0,0,0,0,1,0,0,0
0,0,1,1,0,0,0,0,0,0,0,0,0,0,1,1,0,0,0,0,0,0,1,1,1,1,0,1,0,0,0,0,0,0,1,1,0,0,0,0,0,0,0,0,0,0,1,1,0,0,0,0,0,0,1,1,1,1,0,1,0,0,0,0,0,0,1,1,0,0,0,0,0,0,0,0,0,0,1,1,0,0,0,0,0,0,1,1,1,1,0,1,0,0,0,0,0,0,1,1,0,0,0,0,0,0,0,0,0,0,1,1,0,0,0,0,0,0,1,1,1,1,0,1,0,0,0,0,0,0,1,1,0,0,0,0,0,0,0,0,0,0,1,1,0,0,0,0,0,0,1,1,1,1,0,1,0,0,0,0,0,0,1,1,0,0,0,0,0,0,0,0,0,0,1,1,0,0,0,0,0,0,1,1,1,1,0,1,0,0,0,0,0,0,1,1,0,0,0,0,0,0,0,0,0,0,1,1,0,0,0,0,0,0,1,1,1,1,0,1,0,0,0,0,0,0,1,1,0,0,0,0,0,0,0,0,0,0,1,1,0,0,0,0,0,0,1,1,1,1,0,1,0,0,0,0
0,0,0,1,1,1,1,0,0,0,1,1,1,1,1,0,0,0,0,0,0,0,0,0,0,0,0,0,0,0,0,0,0,0,0,1,1,1,1,0,0,0,1,1,1,1,1,0,0,0,0,0,0,0,0,0,0,0,0,0,0,0,0,0,0,0,0,1,1,1,1,0,0,0,1,1,1,1,1,0,0,0,0,0,0,0,0,0,0,0,0,0,0,0,0,0,0,0,0,1,1,1,1,0,0,0,1,1,1,1,1,0,0,0,0,0,0,0,0,0,0,0,0,0,0,0,0,0,0,0,0,1,1,1,1,0,0,0,1,1,1,1,1,0,0,0,0,0,0,0,0,0,0,0,0,0,0,0,0,0,0,0,0,1,1,1,1,0,0,0,1,1,1,1,1,0,0,0,0,0,0,0,0,0,0,0,0,0,0,0,0,0,0,0,0,1,1,1,1,0,0,0,1,1,1,1,1,0,0,0,0,0,0,0,0,0,0,0,0,0,0,0,0,0,0,0,0,1,1,1,1,0,0,0,1,1,1,1,1,0,0,0,0,0,0,0,0,0,0,0,0,0,0,0,0,0
0,0,0,0,0,0,1,1,1,1,0,0,0,0,0,0,1,0,0,0,1,0,0,0,0,0,0,1,1,0,0,0,0,0,0,0,0,0,1,1,1,1,0,0,0,0,0,0,1,0,0,0,1,0,0,0,0,0,0,1,1,0,0,0,0,0,0,0,0,0,1,1,1,1,0,0,0,0,0,0,1,0,0,0,1,0,0,0,0,0,0,1,1,0,0,0,0,0,0,0,0,0,1,1,1,1,0,0,0,0,0,0,1,0,0,0,1,0,0,0,0,0,0,1,1,0,0,0,0,0,0,0,0,0,1,1,1,1,0,0,0,0,0,0,1,0,0,0,1,0,0,0,0,0,0,1,1,0,0,0,0,0,0,0,0,0,1,1,1,1,0,0,0,0,0,0,1,0,0,0,1,0,0,0,0,0,0,1,1,0,0,0,0,0,0,0,0,0,1,1,1,1,0,0,0,0,0,0,1,0,0,0,1,0,0,0,0,0,0,1,1,0,0,0,0,0,0,0,0,0,1,1,1,1,0,0,0,0,0,0,1,0,0,0,1,0,0,0,0,0,0,1,1,0,0,0
0,0,1,1,0,0,0,0,0,0,0,0,0,0,0,0,1,1,1,1,0,0,0,0,0,0,0,0,1,1,0,0,0,0,1,1,0,0,0,0,0,0,0,0,0,0,0,0,1,1,1,1,0,0,0,0,0,0,0,0,1,1,0,0,0,0,1,1,0,0,0,0,0,0,0,0,0,0,0,0,1,1,1,1,0,0,0,0,0,0,0,0,1,1,0,0,0,0,1,1,0,0,0,0,0,0,0,0,0,0,0,0,1,1,1,1,0,0,0,0,0,0,0,0,1,1,0,0,0,0,1,1,0,0,0,0,0,0,0,0,0,0,0,0,1,1,1,1,0,0,0,0,0,0,0,0,1,1,0,0,0,0,1,1,0,0,0,0,0,0,0,0,0,0,0,0,1,1,1,1,0,0,0,0,0,0,0,0,1,1,0,0,0,0,1,1,0,0,0,0,0,0,0,0,0,0,0,0,1,1,1,1,0,0,0,0,0,0,0,0,1,1,0,0,0,0,1,1,0,0,0,0,0,0,0,0,0,0,0,0,1,1,1,1,0,0,0,0,0,0,0,0,1,1,0,0
1,1,0,0,0,0,0,0,0,0,0,0,0,0,0,0,0,0,0,0,0,0,0,0,0,0,0,0,0,0,1,1,1,1,0,0,0,0,0,0,0,0,0,0,0,0,0,0,0,0,0,0,0,0,0,0,0,0,0,0,0,0,1,1,1,1,0,0,0,0,0,0,0,0,0,0,0,0,0,0,0,0,0,0,0,0,0,0,0,0,0,0,0,0,1,1,1,1,0,0,0,0,0,0,0,0,0,0,0,0,0,0,0,0,0,0,0,0,0,0,0,0,0,0,0,0,1,1,1,1,0,0,0,0,0,0,0,0,0,0,0,0,0,0,0,0,0,0,0,0,0,0,0,0,0,0,0,0,1,1,1,1,0,0,0,0,0,0,0,0,0,0,0,0,0,0,0,0,0,0,0,0,0,0,0,0,0,0,0,0,1,1,1,1,0,0,0,0,0,0,0,0,0,0,0,0,0,0,0,0,0,0,0,0,0,0,0,0,0,0,0,0,1,1,1,1,0,0,0,0,0,0,0,0,0,0,0,0,0,0,0,0,0,0,0,0,0,0,0,0,0,0,0,0,1,1
SpriteSpeccyBlock,0,2,32
7,0,1,7,0,1,7,0,1,7,0,1,7,0,1,7,0,1,7,0,1,7,0,1,7,0,1,7,0,1,7,0,1,7,0,1,7,0,1,7,0,1,7,0,1,7,0,1,7,0,1,7,0,1,7,0,1,7,0,1,7,0,1,7,0,1,7,0,1,7,0,1,7,0,1,7,0,1,7,0,1,7,0,1,7,0,1,7,0,1,7,0,1,7,0,1
7,0,1,7,0,1,7,0,1,7,0,1,7,0,1,7,0,1,7,0,1,7,0,1,7,0,1,7,0,1,7,0,1,7,0,1,7,0,1,7,0,1,7,0,1,7,0,1,7,0,1,7,0,1,7,0,1,7,0,1,7,0,1,7,0,1,7,0,1,7,0,1,7,0,1,7,0,1,7,0,1,7,0,1,7,0,1,7,0,1,7,0,1,7,0,1
SpriteAttribs,0,0,0,0
spritebank,1
SpriteStart
SpriteBitmapBlock,0,16,256
0,0,0,0,0,0,0,0,0,0,0,0,0,0,0,0,0,0,0,0,0,0,0,0,13,0,0,0,0,0,0,0,0,0,0,0,0,0,0,0,0,0,0,0,0,0,0,0,0,0,0,0,0,0,0,0,13,0,0,0,0,0,0,0,0,0,0,0,0,0,0,0,0,0,0,0,0,0,0,0,0,0,0,0,0,0,0,0,13,0,0,0,0,0,0,0,0,0,0,0,0,0,0,0,0,0,0,0,0,0,0,0,0,0,0,0,0,0,0,0,13,0,0,0,0,0,0,0,0,0,0,0,0,0,0,0,0,0,0,0,0,0,0,0,0,0,0,0,0,0,0,0,13,0,0,0,0,0,0,0,0,0,0,0,0,0,0,0,0,0,0,0,0,0,0,0,0,0,0,0,0,0,0,0,13,0,0,0,0,0,0,0,0,0,0,13,0,0,0,0,0,0,0,0,0,0,0,0,0,0,0,0,0,0,0,0,13,0,0,0,0,0,0,0,0,0,0,0,0,0,0,0,0,0,0,0,0,0,0,0,0,0,0,0,0,0,0,0,13,0,0,0,0,0,0,0
0,0,0,13,0,0,0,0,0,0,0,0,0,0,0,0,0,0,13,0,0,0,0,0,0,0,0,0,0,0,0,0,0,0,0,13,0,0,0,0,0,0,0,0,0,0,0,0,0,0,13,0,0,0,0,0,0,0,0,0,0,0,0,0,0,0,0,0,0,0,0,0,0,13,0,0,0,0,0,0,0,0,13,0,0,0,0,0,0,0,0,0,0,0,0,0,0,0,0,13,0,0,0,0,0,0,0,0,0,0,0,0,0,0,13,0,0,0,0,0,0,0,0,0,0,0,0,0,0,0,0,13,0,0,0,0,0,0,0,0,0,0,0,0,0,0,13,0,0,0,0,0,0,0,0,0,0,0,0,0,0,0,0,13,0,0,0,0,0,0,0,0,0,0,0,0,0,0,13,0,0,0,0,0,0,0,0,0,0,0,0,0,0,0,13,13,0,0,0,0,0,0,0,0,0,0,0,0,0,0,13,0,0,0,0,0,0,0,0,0,0,0,0,0,0,0,0,13,0,0,0,0,0,0,0,0,0,0,0,0,0,0,13,0,0,0,0,0,0,0,0,0,0,0,0,0
0,0,13,13,0,0,0,0,0,0,0,0,0,0,0,0,0,0,0,0,0,0,0,0,0,0,0,0,13,13,13,0,0,0,13,13,0,0,0,0,0,0,0,0,0,0,0,0,0,0,0,0,0,0,0,0,0,0,0,0,13,13,0,0,0,0,0,0,0,0,0,13,13,13,0,0,0,0,0,0,0,0,0,0,0,0,0,0,0,0,0,0,13,13,13,0,0,0,13,13,0,0,0,0,0,0,0,0,0,0,0,0,0,0,0,0,0,0,0,0,0,0,0,0,13,0,13,0,0,0,13,13,0,0,0,0,0,0,0,0,0,0,0,0,0,0,0,0,0,0,0,0,0,0,0,0,0,0,0,0,0,0,13,13,0,0,0,0,0,0,0,0,0,0,0,0,0,0,0,0,0,0,0,0,0,0,0,0,0,0,0,0,13,13,13,0,0,0,0,0,0,0,0,0,0,0,0,0,0,0,0,0,0,0,0,0,0,0,0,0,13,13,13,0,0,0,13,13,0,0,0,0,0,0,0,0,0,0,0,0,0,0,0,0,0,0,0,0,0,0,0,0,13,13,13,0
0,13,0,0,0,0,0,0,0,13,0,13,0,0,0,0,0,0,0,0,0,0,0,0,0,0,0,0,0,0,0,0,0,13,0,0,0,0,0,0,0,13,0,0,0,0,13,0,0,0,0,0,0,0,0,0,0,0,0,0,0,0,13,13,0,0,13,13,13,13,13,13,0,0,0,0,0,0,13,0,0,0,0,0,0,0,0,0,0,0,0,0,0,0,0,0,0,13,0,0,0,0,0,0,0,13,0,0,0,0,0,0,0,0,0,0,0,0,0,0,0,0,0,0,0,0,0,0,0,13,0,0,0,0,0,0,0,13,0,0,0,0,13,0,0,0,0,0,0,0,0,0,0,0,0,0,0,0,0,0,0,13,0,0,0,0,0,0,0,13,0,0,0,0,0,0,0,0,0,0,0,0,0,0,0,0,0,0,0,0,0,13,0,0,0,0,0,0,0,0,0,13,0,0,0,0,13,0,0,0,0,0,0,0,0,0,0,0,0,0,0,0,0,0,0,13,0,0,0,0,0,0,0,0,0,0,0,0,0,0,0,0,0,0,0,0,0,0,0,0,0,0,0,0,0,0
0,0,0,0,13,0,0,0,0,0,0,13,0,0,0,0,0,0,0,0,13,13,0,0,0,0,0,0,0,0,0,0,0,0,0,0,13,0,0,0,0,0,0,0,0,0,13,0,0,0,0,0,13,13,0,0,0,0,0,0,0,0,0,0,0,0,0,0,0,0,0,0,0,0,0,0,0,0,13,0,0,0,0,0,13,13,0,0,0,0,0,0,0,0,0,0,0,0,0,0,13,0,0,0,0,0,0,0,0,0,13,0,0,0,0,0,13,13,0,0,0,0,0,0,0,13,0,0,0,0,0,0,13,0,0,0,0,0,0,0,0,0,13,0,0,0,0,0,13,13,0,0,0,0,0,0,0,0,0,0,0,0,0,0,0,0,0,0,0,0,0,0,0,0,0,0,0,0,13,0,13,13,0,0,0,0,0,0,0,0,0,0,0,0,0,0,0,0,0,0,0,0,0,0,0,0,13,0,0,0,0,0,13,13,0,0,0,0,0,0,0,0,0,0,0,0,0,0,0,0,0,0,0,0,0,0,0,0,0,13,0,0,0,0,13,13,0,0,0,0,0,0,0,0,0,0
0,0,0,0,13,13,13,13,13,0,0,0,13,0,0,0,0,13,13,0,0,0,0,0,0,0,13,0,0,0,0,0,0,0,0,0,13,13,13,13,13,0,0,0,0,0,0,13,0,0,0,0,0,0,0,0,0,0,13,0,0,0,0,0,0,0,0,0,0,0,13,13,0,0,0,0,0,0,0,13,0,0,0,0,0,0,0,0,0,0,13,0,0,0,0,0,0,0,0,0,0,13,0,0,13,0,0,0,0,0,0,0,0,0,0,0,0,0,0,0,0,0,0,0,13,0,0,0,0,0,0,0,0,13,13,13,13,0,0,0,0,0,0,13,0,0,0,0,0,0,0,0,0,0,13,0,0,0,0,0,0,0,0,0,0,0,0,0,0,0,0,0,0,0,0,0,0,0,13,0,0,0,0,0,0,0,13,0,0,0,0,0,0,0,0,0,13,0,0,0,13,0,0,0,0,0,0,13,0,0,0,0,0,0,0,0,0,0,13,0,0,0,0,0,0,0,0,0,0,0,0,0,0,0,0,0,0,0,13,0,0,0,0,0,0,0,0,0,0,0,13,0,0,0,0,0
0,0,0,0,0,0,0,0,0,0,0,0,0,0,13,13,13,0,0,0,0,0,0,0,0,0,13,13,0,0,0,0,0,0,0,0,0,0,0,0,0,0,0,0,0,0,0,13,0,0,0,0,0,0,0,0,0,0,13,13,0,0,0,0,0,0,0,0,0,0,0,13,13,13,0,0,0,0,0,13,0,0,0,0,0,0,0,0,0,0,13,13,0,0,0,0,0,0,0,0,0,0,0,0,0,0,13,13,0,0,0,13,0,0,0,0,0,0,0,0,0,0,0,13,13,0,0,13,0,0,0,0,0,0,0,0,0,0,0,0,0,0,0,0,0,0,0,0,0,0,0,0,0,0,13,13,0,0,0,0,0,0,0,0,13,0,0,0,0,0,0,0,0,0,0,0,0,13,0,0,0,0,0,0,0,0,13,13,0,0,0,0,0,0,0,0,0,13,13,0,0,0,0,0,0,0,0,13,0,0,0,0,0,0,0,0,0,0,13,13,0,0,0,0,0,0,0,0,0,0,0,0,0,0,0,0,0,13,0,0,0,0,0,0,0,0,0,0,0,0,13,13,0,0,0,0
0,0,0,0,0,0,0,0,0,0,0,0,0,0,0,0,13,0,0,0,0,0,0,0,0,0,0,0,13,13,0,0,0,0,0,0,0,0,0,0,0,0,0,0,0,0,0,0,13,0,0,0,0,0,0,0,0,0,0,0,13,13,0,0,0,0,0,0,0,0,0,0,0,0,0,0,0,0,0,0,0,0,0,0,0,0,0,0,0,0,0,0,13,13,0,0,0,0,0,0,0,0,0,0,0,0,0,0,13,13,13,0,13,0,0,0,0,0,0,0,0,0,0,13,0,0,0,0,13,0,0,0,0,0,0,0,0,0,0,0,0,13,0,0,0,13,0,0,0,0,0,0,0,0,0,0,13,13,0,0,0,0,0,0,0,13,0,0,13,0,0,0,0,0,0,13,13,13,0,0,0,0,0,0,0,0,0,0,13,13,0,0,0,0,0,0,0,0,0,0,0,0,0,0,0,0,0,0,13,0,0,0,0,0,0,0,0,0,0,0,13,13,0,0,0,0,0,0,0,0,0,0,0,0,0,13,13,0,0,0,0,0,0,0,0,0,0,0,0,0,0,0,13,13,0,0
0,0,0,0,0,0,0,0,0,0,0,0,0,0,0,0,0,13,0,0,0,0,0,0,0,0,0,0,0,13,13,13,0,0,0,0,0,0,0,0,0,0,0,0,0,0,0,0,0,13,0,0,0,0,0,0,0,0,0,0,0,13,13,13,0,0,0,0,0,0,0,0,0,0,0,0,0,0,0,0,0,13,0,0,0,0,0,0,0,0,0,0,0,13,13,13,0,0,0,0,0,0,0,0,0,0,0,0,0,0,0,0,0,13,0,0,0,0,0,0,0,0,13,0,0,0,0,0,0,13,13,0,0,0,0,0,0,0,0,13,13,0,0,0,0,13,13,13,0,0,0,0,0,0,0,0,0,13,13,13,0,0,0,0,0,0,13,13,13,0,0,0,0,0,0,0,0,13,0,0,0,0,0,0,0,0,0,0,0,13,13,13,0,0,0,0,0,0,0,0,0,0,0,0,0,0,0,0,0,13,0,0,0,0,0,0,0,0,0,0,0,13,13,13,0,0,0,0,0,13,0,0,13,13,13,13,0,0,0,0,0,13,0,0,0,0,0,0,0,0,0,0,0,13,13,13
0,0,0,0,0,0,0,0,0,0,0,0,0,0,0,0,0,13,13,0,0,0,0,0,0,0,0,0,0,13,0,0,0,0,0,0,0,0,0,0,0,0,0,0,0,0,0,0,0,13,13,0,0,0,0,0,0,0,0,0,0,13,0,0,0,0,0,0,0,0,0,0,0,0,0,0,0,0,0,0,0,13,13,0,0,0,0,0,0,0,0,0,0,13,0,0,0,0,0,0,0,0,0,0,0,0,0,0,0,0,0,0,0,13,13,0,0,0,0,0,0,0,13,0,0,0,0,0,0,0,0,13,13,0,0,0,0,13,13,13,0,0,0,0,0,0,0,0,0,0,0,0,0,0,0,0,0,13,0,0,0,0,0,0,0,0,0,0,0,0,0,0,0,0,0,0,0,13,13,0,0,0,0,0,0,0,0,0,0,13,0,0,0,0,0,0,0,0,0,0,0,0,0,0,0,0,0,0,0,13,13,0,0,0,0,0,0,0,0,0,0,13,0,0,0,0,0,0,0,13,13,0,0,0,0,0,0,0,0,0,0,13,13,0,0,0,0,0,0,0,0,0,0,13,0,0
0,0,13,0,0,0,0,0,0,0,0,0,0,0,0,0,13,13,0,13,13,13,0,0,0,0,0,0,13,0,0,0,0,0,13,0,0,0,0,0,0,0,0,0,0,0,0,0,13,13,0,13,13,13,0,0,0,0,0,0,13,0,0,0,0,0,13,0,0,0,0,0,0,0,0,0,0,0,0,0,13,13,0,13,13,13,0,0,0,0,0,0,13,0,0,0,0,0,13,0,0,0,0,0,0,0,0,0,0,0,0,0,13,13,0,13,13,13,0,0,13,13,0,0,13,0,0,0,13,0,0,0,13,13,0,0,0,0,0,0,0,0,0,0,0,0,0,0,0,13,0,0,0,0,0,0,13,0,0,0,0,0,13,0,0,0,0,0,0,0,0,0,0,0,0,0,13,13,0,13,13,13,0,0,0,0,0,0,13,0,0,0,0,0,13,0,0,0,0,0,0,0,0,0,0,0,0,0,13,13,0,13,13,13,0,0,0,0,0,0,13,0,13,0,0,0,0,0,0,0,13,13,0,0,0,0,0,0,0,0,13,13,0,13,13,13,0,0,0,0,0,0,13,0,0,0
0,0,13,13,0,0,0,0,0,0,0,0,0,0,13,13,0,0,0,0,0,0,13,13,13,13,0,13,0,0,0,0,0,0,13,13,0,0,0,0,0,0,0,0,0,0,13,13,0,0,0,0,0,0,13,13,13,13,0,13,0,0,0,0,0,0,13,13,0,0,0,0,0,0,0,0,0,0,13,13,0,0,0,0,0,0,13,13,13,13,0,13,0,0,0,0,0,0,13,13,0,0,0,0,0,0,0,0,0,0,13,13,0,0,0,0,0,0,13,13,0,0,0,0,0,13,13,13,0,0,0,0,0,13,13,13,13,13,0,0,0,0,13,13,0,0,0,0,0,0,13,13,13,13,0,13,0,0,0,0,0,0,13,13,0,0,0,0,0,0,0,0,0,0,13,13,0,0,0,0,0,0,13,13,13,13,0,13,0,0,0,0,0,0,13,13,0,0,0,0,0,0,0,0,0,0,13,13,0,0,0,0,0,0,13,13,13,13,0,13,0,0,13,13,0,0,0,0,0,0,0,13,13,13,0,0,0,0,0,13,0,0,0,0,0,0,13,13,13,13,0,13,0,0,0,0
0,0,0,13,13,13,13,0,0,0,13,13,13,13,13,0,0,0,0,0,0,0,0,0,0,0,0,0,0,0,0,0,0,0,0,13,13,13,13,0,0,0,13,13,13,13,13,0,0,0,0,0,0,0,0,0,0,0,0,0,0,0,0,0,0,0,0,13,13,13,13,0,0,0,13,13,13,13,13,0,0,0,0,0,0,0,0,0,0,0,0,0,0,0,0,13,0,0,0,13,13,13,13,0,0,0,13,13,13,13,13,0,0,0,0,0,0,0,0,0,0,0,0,0,0,0,0,0,0,0,0,0,0,0,0,0,0,0,13,13,13,13,13,0,0,13,13,0,0,13,13,0,0,0,0,0,0,0,0,0,0,0,0,13,13,13,13,0,0,0,13,13,13,13,13,0,0,0,0,0,0,0,0,0,0,0,0,0,0,0,0,0,0,0,0,13,13,13,13,0,0,0,13,13,13,13,13,0,0,0,0,0,0,0,0,0,0,0,0,0,0,0,0,13,13,0,0,0,13,13,13,0,0,13,0,0,0,0,13,0,13,0,0,0,0,0,0,0,0,0,0,0,0,0,0,0
0,0,0,0,0,0,13,13,13,13,0,0,0,0,0,0,13,0,0,0,13,0,0,0,0,0,0,13,13,0,0,0,0,0,0,0,0,0,13,13,13,13,0,0,0,0,0,0,0,0,0,0,13,0,0,0,0,0,0,13,13,0,0,13,0,0,0,0,0,0,13,13,13,13,0,0,0,0,0,0,13,0,0,0,13,0,0,0,0,0,0,13,0,0,13,0,13,0,0,0,0,0,13,13,13,13,0,0,0,0,0,0,13,0,0,0,13,0,0,0,0,0,0,0,0,0,0,0,0,0,0,0,0,0,0,0,0,0,0,0,0,0,0,0,0,0,13,13,13,13,0,0,0,0,0,13,13,0,0,0,0,0,0,0,0,0,13,13,13,13,0,0,0,0,0,0,13,0,0,0,13,0,0,0,0,0,0,13,0,0,0,13,0,0,0,0,0,0,13,13,13,13,0,0,0,0,0,0,13,0,0,0,13,0,0,0,0,0,0,0,0,0,0,0,0,13,13,13,13,0,0,0,0,0,13,13,13,13,13,13,13,0,0,0,13,0,0,0,0,0,0,13,13,0,0,0
0,0,13,13,0,0,0,0,0,0,0,0,0,0,0,0,13,13,13,13,0,0,0,0,0,0,0,0,13,13,0,0,0,0,13,13,0,0,0,0,0,0,0,0,0,0,0,0,13,13,13,13,0,0,0,0,0,0,0,0,13,13,13,0,13,0,13,13,0,0,0,0,0,0,0,0,0,0,0,0,0,0,13,13,0,0,0,0,0,0,0,0,13,13,0,0,0,0,13,13,0,0,0,0,0,0,0,0,0,0,0,0,0,0,13,13,0,0,0,0,0,0,0,0,0,0,0,0,0,0,0,0,0,0,0,0,0,0,0,13,13,0,0,13,0,0,0,0,0,0,0,0,0,0,0,0,13,13,0,0,0,0,13,13,0,0,0,0,0,0,0,0,0,0,0,0,0,13,13,13,0,0,0,0,0,0,0,0,13,13,0,0,13,13,13,13,0,0,0,0,0,0,0,0,0,0,0,0,0,13,13,13,0,0,0,0,0,0,0,0,0,0,0,0,0,0,0,0,0,0,0,0,0,0,0,0,0,13,13,0,13,13,13,13,0,0,0,0,0,0,0,0,13,13,0,0
13,13,0,0,0,0,0,0,0,0,0,0,0,0,0,0,0,0,0,0,0,0,0,0,0,0,0,0,0,0,13,13,13,13,0,0,0,0,0,0,0,0,0,0,0,0,0,0,0,0,0,0,0,0,0,0,0,0,0,0,0,0,0,0,0,0,0,0,0,0,0,0,0,0,0,0,0,0,0,0,0,0,0,0,0,0,0,0,0,0,0,0,0,0,0,0,0,0,0,0,0,0,0,0,0,0,0,0,0,0,0,0,0,0,0,0,0,0,0,0,0,0,0,0,0,0,0,0,0,0,0,0,0,0,0,0,0,0,0,0,0,13,13,0,0,0,0,0,0,0,0,0,0,0,0,0,0,0,13,13,13,13,0,0,0,0,0,0,0,0,0,0,0,0,0,0,0,0,0,0,0,0,0,0,0,0,0,0,0,0,13,13,0,0,0,0,0,0,0,0,0,0,0,0,0,0,0,0,0,0,0,0,0,0,0,0,0,0,0,0,0,0,0,0,0,0,0,0,0,0,0,0,0,0,0,0,0,0,0,0,0,0,0,0,0,0,0,0,0,0,0,0,0,0,13,13
SpriteSpeccyBlock,0,2,32
0,0,0,0,0,0,0,0,0,0,0,0,0,0,0,0,0,0,0,0,0,0,0,0,0,0,0,0,0,0,0,0,0,0,0,0,0,0,0,0,0,0,0,0,0,0,0,0,0,0,0,0,0,0,0,0,0,0,0,0,0,0,0,0,0,0,0,0,0,0,0,0,0,0,0,0,0,0,0,0,0,0,0,0,0,0,0,0,0,0,0,0,0,0,0,0
0,0,0,0,0,0,0,0,0,0,0,0,0,0,0,0,0,0,0,0,0,0,0,0,0,0,0,0,0,0,0,0,0,0,0,0,0,0,0,0,0,0,0,0,0,0,0,0,0,0,0,0,0,0,0,0,0,0,0,0,0,0,0,0,0,0,0,0,0,0,0,0,0,0,0,0,0,0,0,0,0,0,0,0,0,0,0,0,0,0,0,0,0,0,0,0
SpriteAttribs,0,0,0,0
SpriteBitmapBlock,1,16,256
0,0,0,0,0,0,11,0,0,0,0,0,0,0,0,0,0,0,0,0,0,0,0,0,0,0,0,0,0,0,0,0,0,0,0,0,0,0,0,0,0,0,0,0,0,0,0,0,0,0,0,0,0,0,0,0,0,0,0,0,0,0,0,0,0,0,0,0,0,0,11,0,0,0,0,0,0,0,0,0,0,0,0,0,0,0,0,0,0,0,0,0,0,0,0,0,0,0,0,0,0,0,0,0,0,0,0,0,0,0,0,0,0,0,0,0,0,0,0,0,0,0,0,0,0,0,0,0,0,0,0,0,0,0,0,0,0,0,0,0,0,0,0,0,0,0,0,0,0,0,0,0,0,0,0,0,0,0,0,0,0,0,0,0,0,0,0,0,0,0,0,0,0,0,0,0,0,0,0,0,0,0,0,0,0,0,0,0,0,0,0,0,0,0,0,0,0,0,11,0,0,0,0,0,0,0,0,0,0,0,0,0,0,0,0,0,0,0,0,0,0,0,0,0,0,0,0,0,0,0,0,0,0,0,0,0,0,0,0,0,0,0,0,0,0,0,0,0,0,0,0,0,0,0,0,0
0,0,0,0,0,0,1,0,0,0,0,0,0,0,0,0,0,0,0,0,0,0,0,0,0,0,0,0,0,0,0,0,0,0,0,0,0,0,0,0,0,0,0,0,0,0,0,0,0,0,0,0,0,0,0,0,0,0,0,0,0,0,0,0,0,0,0,0,0,11,1,0,0,0,0,0,0,0,0,0,0,0,0,0,0,0,0,0,0,0,0,0,0,0,0,0,0,0,0,0,0,0,0,0,0,0,0,0,0,0,0,0,0,0,0,0,0,0,0,0,0,0,0,0,0,0,0,0,0,0,0,0,0,0,0,0,0,0,0,0,0,0,0,0,0,0,0,0,0,0,0,0,0,0,0,0,0,0,0,0,0,0,0,0,0,0,0,0,0,0,0,0,0,0,0,0,0,0,0,0,0,0,0,0,0,0,0,0,0,0,0,0,0,0,0,0,0,0,1,0,0,0,0,0,0,0,0,0,0,0,0,0,0,0,0,0,0,0,0,0,0,0,0,0,0,0,0,0,0,0,0,0,0,0,0,0,0,0,0,0,0,0,0,0,0,0,0,0,0,0,0,0,0,0,0,0
0,0,0,0,0,0,11,0,0,0,0,0,0,0,0,0,0,0,0,0,0,0,0,0,0,0,0,0,0,0,0,0,0,0,0,0,0,0,0,0,0,0,0,0,0,0,0,0,0,0,0,0,0,0,0,0,0,0,0,0,0,0,0,0,0,0,0,0,1,1,11,0,0,0,0,0,0,0,0,0,0,0,0,0,0,0,0,0,0,0,0,0,0,0,0,0,0,0,0,0,0,0,0,0,0,0,0,0,0,0,0,0,0,0,0,0,0,0,0,0,0,0,0,0,0,0,0,0,0,0,0,0,0,0,0,0,0,0,0,0,0,0,0,0,0,0,0,0,0,0,0,0,0,0,0,0,0,0,0,0,0,0,0,0,0,0,0,0,0,0,0,0,0,0,0,0,0,0,0,0,0,0,0,0,0,0,0,0,0,0,0,0,0,0,0,0,0,0,11,0,0,0,0,0,0,0,0,0,0,0,0,0,0,0,0,0,0,0,0,0,0,0,0,0,0,0,0,0,0,0,0,0,0,0,0,0,0,0,0,0,0,0,0,0,0,0,0,0,0,0,0,0,0,0,0,0
0,0,0,0,0,0,1,11,0,0,0,0,0,0,0,0,0,0,0,0,0,0,0,0,0,0,0,0,0,0,0,0,0,0,0,0,0,0,0,0,0,0,0,0,0,0,0,0,0,0,0,0,0,0,0,0,0,0,0,11,0,0,0,0,0,0,0,0,11,1,1,11,0,0,0,0,0,0,0,0,0,0,0,0,0,0,0,0,0,0,0,0,0,0,0,0,0,0,0,0,0,0,0,11,0,0,0,0,0,0,0,0,0,0,0,0,0,0,0,0,0,0,0,11,0,0,0,0,0,0,0,0,0,0,0,11,0,0,0,0,0,0,0,0,0,0,0,0,0,0,0,0,0,0,0,0,0,0,0,0,0,0,0,0,0,0,0,0,0,0,0,0,0,0,0,0,0,0,0,0,0,0,0,0,0,0,0,11,0,0,0,0,0,0,0,0,0,0,1,11,0,0,0,0,0,0,0,0,0,0,0,0,0,0,0,0,0,0,0,0,0,0,0,0,0,0,0,0,0,0,0,0,0,0,0,0,0,0,0,0,0,0,0,0,0,0,0,0,0,0,0,11,0,0,0,0
0,0,0,0,0,0,11,11,0,0,0,0,0,0,0,0,0,0,0,0,0,0,0,0,0,0,0,0,0,0,0,0,0,0,0,0,0,0,0,0,0,0,0,0,0,0,0,0,0,0,0,0,0,0,0,0,0,0,0,11,0,0,0,0,0,0,0,0,1,1,11,11,0,0,0,0,0,0,0,0,0,0,0,0,0,0,0,0,0,0,0,0,0,0,0,0,0,0,0,0,0,0,0,11,0,0,0,0,0,0,0,0,0,0,0,0,0,0,0,0,0,0,0,11,0,0,0,0,0,0,0,0,0,0,0,11,0,0,0,0,0,0,0,0,0,0,0,0,0,0,0,0,0,0,0,0,0,0,0,0,0,0,0,0,0,0,0,0,0,0,0,0,0,0,0,0,0,0,0,0,0,0,0,0,0,0,0,11,0,0,0,0,0,0,0,0,0,0,11,11,0,0,0,0,0,0,0,0,0,0,0,0,0,0,0,0,0,0,0,0,0,0,0,0,0,0,0,0,0,0,0,0,0,0,0,0,0,0,0,0,0,0,0,0,0,0,0,0,0,0,0,11,0,0,0,0
0,0,0,0,0,11,1,11,0,0,0,0,0,0,0,0,0,0,0,0,0,0,0,0,0,0,0,0,0,0,0,0,0,0,0,0,0,0,0,0,0,0,0,0,0,0,0,0,0,0,0,0,0,0,0,0,0,0,0,11,0,0,0,0,0,0,0,1,11,1,1,11,0,0,0,0,0,0,0,0,0,0,0,0,0,0,0,0,0,0,0,0,0,0,0,0,0,0,0,0,0,0,0,11,0,0,0,0,0,0,0,0,0,0,0,0,0,0,0,0,0,0,0,11,0,0,0,0,0,0,0,0,0,0,0,11,0,0,0,0,0,0,0,0,0,0,0,0,0,0,0,0,0,0,0,0,0,0,0,0,0,0,0,0,0,0,0,11,0,0,0,0,0,0,0,0,0,0,0,0,0,0,0,0,0,0,0,11,11,0,0,0,0,0,0,0,0,11,1,11,0,0,0,0,0,0,0,0,0,0,0,0,0,0,0,0,0,0,0,0,0,0,0,0,0,0,0,0,0,0,0,0,0,0,0,0,0,0,0,0,0,0,0,0,0,0,0,0,0,0,0,11,0,0,0,0
0,0,0,0,0,1,1,1,11,0,0,0,0,0,0,0,0,0,0,0,0,0,0,0,0,0,0,11,0,0,0,0,0,0,0,0,0,0,0,0,0,0,0,0,0,0,0,0,0,0,0,0,0,0,0,0,0,0,0,11,0,0,0,0,0,0,0,11,1,1,1,1,11,0,0,0,0,0,0,0,0,0,0,0,0,0,0,0,0,0,0,0,0,0,0,0,0,0,0,0,0,0,1,1,11,0,0,0,0,0,0,0,0,0,0,0,0,0,0,0,0,0,0,11,0,0,0,0,0,0,0,0,0,0,0,1,11,0,0,0,0,0,0,0,0,0,0,0,0,0,0,0,0,0,0,0,0,0,0,0,0,0,0,0,0,0,1,1,11,0,0,0,0,0,0,0,0,0,0,0,0,0,0,0,0,0,0,11,11,0,0,0,0,0,0,0,0,1,1,1,11,0,0,0,0,0,0,0,0,0,0,0,0,0,0,0,0,0,0,0,0,0,0,0,0,0,0,0,0,0,0,1,11,0,0,0,0,0,0,0,0,0,0,0,0,0,0,0,0,0,0,11,0,0,0,0
0,0,0,0,0,11,1,11,11,0,0,0,0,0,0,0,0,0,0,0,0,0,0,0,0,0,11,1,11,0,0,0,0,0,0,0,0,0,0,0,0,0,0,0,0,0,0,0,0,0,0,0,0,0,0,0,0,0,11,1,11,0,0,0,0,0,0,1,11,1,1,11,11,0,0,0,0,0,0,0,0,0,0,0,0,0,0,0,0,0,0,0,0,0,0,0,0,0,0,0,0,0,1,11,11,0,0,0,0,0,0,0,0,0,0,0,0,0,0,0,0,0,0,1,11,0,0,0,0,0,0,0,0,0,1,11,11,0,0,0,0,0,0,0,0,0,0,0,0,0,0,0,0,0,0,0,0,0,0,0,0,0,0,0,0,11,1,11,11,0,0,0,0,0,0,0,0,0,0,0,0,0,0,0,0,0,11,1,11,0,0,0,0,0,0,0,0,11,1,11,11,0,0,0,0,0,0,0,0,0,0,0,0,0,0,0,0,0,0,0,0,0,0,0,0,0,0,0,0,11,1,11,11,0,0,0,0,0,0,0,0,0,0,0,0,0,0,0,0,0,11,1,11,0,0,0
0,0,0,0,0,1,1,1,11,11,0,0,0,0,0,0,0,0,0,0,0,0,0,0,0,0,1,11,11,0,0,0,0,0,0,0,0,0,0,0,0,0,0,0,0,0,0,0,0,0,0,0,0,0,0,0,0,0,1,11,11,0,0,0,0,0,0,11,1,1,1,1,11,11,0,0,0,0,0,0,0,0,0,0,0,0,0,0,0,0,0,0,0,0,0,0,0,0,0,0,0,1,1,1,11,11,0,0,0,0,0,0,0,0,0,0,0,0,0,0,0,0,0,11,11,0,0,0,0,0,0,0,0,0,1,1,11,11,0,0,0,0,0,0,0,0,0,0,0,0,0,0,0,0,1,11,0,0,0,0,0,0,0,0,0,1,1,1,11,11,0,0,0,0,0,0,0,0,0,0,0,0,0,0,0,0,1,11,11,11,0,0,0,0,0,0,0,1,1,1,11,11,0,0,0,0,0,0,0,0,0,0,0,0,0,0,0,0,0,0,0,0,0,0,0,0,0,0,0,1,1,1,11,11,0,0,0,0,0,0,0,0,0,0,0,0,0,0,0,0,1,11,11,0,0,0
0,0,0,0,11,1,1,11,1,11,0,0,0,0,0,0,0,0,0,0,0,0,0,0,0,1,11,1,11,0,0,0,0,0,0,0,0,1,1,11,0,0,0,0,0,0,0,0,0,0,11,0,0,0,0,0,0,1,11,1,11,0,0,0,0,0,11,1,11,1,1,11,1,11,0,0,0,0,0,0,0,0,0,0,0,0,0,0,0,0,0,0,0,0,0,0,0,0,0,0,0,1,1,11,1,11,0,0,0,0,0,0,0,0,11,0,0,0,0,0,0,0,0,1,11,0,0,0,0,0,0,0,0,1,1,11,1,11,0,0,0,0,0,0,0,0,11,0,0,0,0,0,0,1,11,1,11,0,0,0,0,0,0,0,11,1,1,11,1,11,0,0,0,0,0,0,0,0,0,0,0,0,0,0,0,1,11,1,11,11,0,0,0,0,0,0,11,1,1,11,1,11,0,0,0,0,0,0,0,0,0,0,0,0,0,0,0,0,0,0,0,0,0,0,0,0,0,0,11,1,1,11,1,11,0,0,0,0,0,0,0,0,11,0,0,0,0,0,0,1,11,1,11,0,0,0
0,0,0,0,1,1,1,1,11,11,11,0,0,0,0,0,0,0,0,0,0,0,0,0,0,11,1,11,11,0,0,0,0,0,0,0,1,1,1,1,11,11,0,0,0,0,0,0,11,1,11,0,0,0,0,0,0,11,1,11,11,11,0,0,0,0,1,11,1,1,1,1,11,11,11,0,0,0,0,0,0,0,0,0,0,0,0,0,0,11,1,11,11,0,0,0,0,0,0,0,1,1,1,1,11,11,11,0,0,0,0,0,0,0,11,0,0,0,0,0,0,0,0,11,11,0,0,0,0,0,0,0,1,1,1,1,11,11,11,0,0,0,0,0,0,1,11,11,0,0,0,0,0,11,1,11,11,0,0,0,0,0,0,0,1,1,1,1,11,11,11,0,0,0,0,0,0,0,0,0,0,0,0,0,0,11,1,11,11,11,0,0,0,0,0,0,1,1,1,1,11,11,11,0,0,0,0,0,0,0,0,0,0,0,0,0,0,0,11,11,0,0,0,0,0,0,0,0,1,1,1,1,11,11,11,0,0,0,0,0,0,0,11,0,0,0,0,0,0,11,1,11,11,0,0,0
0,0,0,0,11,1,1,11,1,11,11,0,0,0,0,11,0,0,0,0,0,0,0,0,11,1,1,1,11,11,0,0,0,0,0,0,11,1,1,11,1,11,0,0,0,0,0,0,11,1,11,11,0,0,0,0,11,1,1,1,11,11,11,0,0,1,11,1,11,1,1,11,1,11,11,0,0,0,0,0,0,0,0,0,0,0,0,0,11,1,1,1,11,11,0,0,0,0,0,0,11,1,1,11,1,11,11,0,0,0,0,0,0,0,11,11,0,0,0,0,0,0,0,1,11,11,0,0,0,0,0,0,11,1,1,11,1,11,11,0,0,0,0,0,1,11,11,11,11,0,0,0,11,1,1,1,11,11,0,0,0,0,0,0,11,1,1,11,1,11,11,0,0,0,0,0,0,0,0,0,0,0,0,0,11,1,1,1,11,11,0,0,0,0,0,0,11,1,1,11,1,11,11,0,0,0,0,0,0,0,0,0,0,0,0,0,11,11,11,1,11,0,0,0,0,0,0,0,11,1,1,11,1,11,11,0,0,0,0,0,0,0,11,11,0,0,0,0,11,1,1,1,11,11,0,0
0,0,0,11,1,1,1,1,11,1,11,11,0,0,0,11,0,0,11,11,0,0,0,11,1,1,1,11,1,11,0,0,0,0,0,11,1,1,1,1,11,1,11,11,0,0,0,11,11,1,11,11,11,0,0,11,1,1,1,11,1,11,11,11,0,11,1,11,1,1,1,1,11,1,11,11,0,0,0,0,0,0,11,11,11,0,0,11,1,1,1,11,1,11,0,0,0,0,0,11,1,1,1,1,11,1,11,11,0,0,0,0,0,0,11,11,11,0,0,0,0,0,0,11,1,11,0,0,0,0,0,11,1,1,1,1,11,1,11,11,0,0,0,1,11,1,1,11,11,11,0,11,1,1,1,11,1,11,0,0,0,0,0,11,1,1,1,1,11,1,11,11,0,0,0,0,0,0,0,0,11,0,0,11,1,1,1,11,1,11,0,0,0,0,0,11,1,1,1,1,11,1,11,11,0,0,0,0,0,0,11,11,0,0,0,11,1,1,1,11,1,11,0,0,0,0,0,11,1,1,1,1,11,1,11,11,0,0,0,0,0,0,11,11,11,0,0,11,1,1,1,11,1,11,0,0
0,0,0,1,1,1,1,1,1,11,1,11,11,0,11,1,11,11,11,1,11,0,11,1,11,1,1,1,11,11,11,0,0,0,0,1,1,11,1,11,1,11,1,11,11,0,0,11,1,11,11,1,11,0,11,1,11,1,1,1,11,11,11,11,11,1,11,1,1,1,1,1,1,11,1,11,11,0,0,0,0,11,11,1,11,0,11,1,11,1,1,1,11,11,11,0,0,0,0,1,1,1,1,1,1,11,1,11,11,0,0,0,0,11,11,1,11,0,11,1,0,0,1,1,11,11,11,0,0,0,0,1,1,1,1,1,1,11,1,11,11,0,1,11,1,11,11,1,11,11,11,1,11,1,1,1,11,11,11,0,0,0,0,1,1,1,1,1,1,11,1,11,11,0,0,0,0,11,0,0,11,0,11,1,11,1,1,1,11,11,11,0,0,0,0,1,1,1,1,1,1,11,1,11,11,0,0,0,0,11,11,1,11,0,11,1,11,1,1,1,11,11,11,0,0,0,0,1,1,1,1,1,1,11,1,11,11,0,0,0,0,11,11,1,11,0,11,1,11,1,1,1,11,11,11,0
0,0,11,1,1,1,11,1,1,1,11,1,11,11,1,1,1,1,11,11,1,11,1,11,1,1,11,1,1,11,1,11,0,0,11,1,1,1,11,1,11,1,11,1,11,11,11,1,11,1,11,11,1,11,1,11,1,1,11,1,1,11,1,11,1,11,1,1,1,1,11,1,1,1,11,1,11,11,0,0,11,1,11,11,1,11,1,11,1,1,11,1,1,11,1,11,0,0,11,1,1,1,11,1,1,1,11,1,11,11,0,0,11,1,11,11,1,11,1,11,1,0,11,1,1,11,1,11,0,0,11,1,1,1,11,1,1,1,11,1,11,11,11,1,11,1,11,11,1,11,1,11,1,1,11,1,1,11,1,11,0,0,11,1,1,1,11,1,1,1,11,1,11,11,0,0,11,1,11,11,1,11,1,11,1,1,11,1,1,11,1,11,0,0,11,1,1,1,11,1,1,1,11,1,11,11,0,0,11,1,11,11,1,11,1,11,1,1,11,1,1,11,1,11,0,0,11,1,1,1,11,1,1,1,11,1,11,11,0,0,11,1,11,11,1,11,1,11,1,1,11,1,1,11,1,11
11,1,1,1,1,1,1,1,1,1,1,1,1,1,11,1,1,11,1,11,11,1,11,1,1,1,1,1,1,1,11,1,11,1,1,1,1,1,1,1,1,11,1,1,1,11,1,11,1,11,1,11,11,1,11,1,1,1,1,1,1,1,11,1,11,1,1,1,1,1,1,1,1,1,1,1,1,11,11,11,1,11,1,11,11,1,11,1,1,1,1,1,1,1,11,1,11,1,1,1,1,1,1,1,1,1,1,1,1,11,11,11,1,11,1,11,11,1,11,1,1,1,1,1,1,1,11,1,11,1,1,1,1,1,1,1,1,1,1,1,1,11,11,11,1,11,1,11,11,1,11,1,1,1,1,1,1,1,11,1,11,1,1,1,1,1,1,1,1,1,1,1,1,11,11,11,1,11,1,11,11,1,11,1,1,1,1,1,1,1,11,1,11,1,1,1,1,1,1,1,1,1,1,1,1,11,11,11,1,11,1,11,11,1,11,1,1,1,1,1,1,1,11,1,11,1,1,1,1,1,1,1,1,1,1,1,1,11,11,11,1,11,1,11,11,1,11,1,1,1,1,1,1,1,11,1
SpriteSpeccyBlock,1,2,32
7,0,0,0,0,0,0,0,0,0,0,0,0,0,0,0,0,0,0,0,0,0,0,0,0,0,0,0,0,0,0,0,0,0,0,0,0,0,0,0,0,0,0,0,0,0,0,0,0,0,0,0,0,0,0,0,0,0,0,0,0,0,0,0,0,0,0,0,0,0,0,0,0,0,0,0,0,0,0,0,0,0,0,0,0,0,0,0,0,0,0,0,0,0,0,0
7,0,0,7,0,0,0,0,0,0,0,0,0,0,0,0,0,0,0,0,0,0,0,0,0,0,0,0,0,0,0,0,0,0,0,0,0,0,0,0,0,0,0,0,0,0,0,0,0,0,0,0,0,0,0,0,0,0,0,0,0,0,0,0,0,0,0,0,0,0,0,0,0,0,0,0,0,0,0,0,0,0,0,0,0,0,0,0,0,0,0,0,0,0,0,0
SpriteAttribs,1,0,0,0
SpriteBitmapBlock,2,8,256
7,7,7,7,7,7,7,7,7,7,7,7,7,13,7,7,7,7,7,7,7,7,7,7,7,7,7,7,7,7,7,7,7,7,7,7,7,7,7,7,7,7,7,7,7,13,7,7,7,7,7,7,7,7,7,7,7,7,7,7,7,7,7,7,7,7,7,7,7,7,7,7,7,7,7,7,7,13,7,7,7,7,7,7,7,7,7,7,7,7,7,7,7,7,7,7,7,7,7,7,7,7,7,7,7,7,7,7,7,13,7,7,7,7,7,7,7,7,7,7,7,7,7,7,7,7,7,7,7,7,7,7,7,7,7,7,7,7,7,7,7,13,7,7,7,7,7,7,7,7,7,7,7,7,7,7,7,7,7,7,7,7,7,7,7,7,7,7,7,7,7,7,7,13,7,7,7,7,7,7,13,7,7,7,7,7,7,7,7,7,7,7,7,7,7,7,7,7,7,7,7,7,7,7,7,13,7,7,7,7,7,7,7,7,7,7,7,7,7,7,7,7,7,7,7,7,7,7,7,7,7,7,7,7,7,7,7,13,7,7,7,7,7,7,7,7,7,7,7,7,7,7,7,7,7,7
7,7,7,13,7,7,13,7,7,7,7,7,7,7,13,13,13,13,7,7,7,7,7,13,7,13,7,7,13,7,13,7,7,7,7,13,7,7,13,7,7,7,7,7,7,7,13,13,13,7,7,7,7,7,7,13,7,13,13,7,7,7,7,7,7,7,7,7,7,7,7,7,7,7,7,7,7,7,13,13,13,13,7,7,7,7,7,13,7,13,13,13,7,7,13,7,7,7,7,13,7,7,13,7,7,7,7,7,7,7,13,7,7,7,7,7,7,7,7,7,7,7,7,7,7,7,13,7,7,7,7,13,7,7,13,7,7,7,7,7,7,7,13,13,13,13,7,7,7,7,7,13,7,13,7,13,7,7,13,7,7,7,7,13,7,7,13,7,7,7,7,13,7,7,13,13,13,13,13,13,7,7,7,13,7,13,13,13,7,7,13,7,7,7,7,13,7,7,13,7,7,7,7,7,7,7,13,13,7,7,7,7,7,7,7,13,7,13,13,13,7,7,13,7,7,7,7,13,7,7,13,7,7,7,7,7,7,7,13,13,13,13,7,7,7,7,7,13,7,7,7,13,7,7,13,7
13,7,7,13,13,13,7,7,7,13,7,7,13,13,13,6,13,13,13,13,7,7,13,7,13,13,13,13,7,13,7,7,13,7,7,13,13,13,7,7,7,13,7,7,13,13,13,6,13,13,7,7,7,7,13,7,13,13,13,13,7,7,7,7,13,7,7,13,7,7,7,7,7,13,7,7,13,13,13,6,13,7,7,13,7,7,13,7,13,13,13,13,13,13,7,7,13,7,7,13,13,13,7,7,7,13,7,7,13,13,13,13,7,7,7,7,7,7,13,7,13,7,7,13,7,13,7,7,13,7,7,13,13,13,7,7,7,13,7,7,13,13,13,6,13,13,13,13,7,7,13,7,13,13,13,13,13,13,7,7,13,7,7,13,13,13,7,7,7,13,7,7,13,13,13,6,13,6,6,13,13,7,13,7,13,13,13,13,13,13,7,7,13,7,7,13,13,13,7,13,7,7,7,7,13,13,13,6,13,13,7,13,7,7,13,7,13,13,13,13,13,13,7,7,13,7,7,13,13,13,7,7,7,13,7,7,7,13,13,13,13,13,13,13,7,7,13,7,13,7,7,13,7,13,7,7
7,13,13,13,13,13,13,7,13,7,7,13,13,6,6,6,6,6,13,13,13,13,7,13,13,13,6,13,13,13,13,13,7,13,13,13,13,13,13,7,13,7,7,13,13,6,6,6,6,13,13,7,7,13,7,13,13,13,6,13,13,13,13,13,7,13,13,13,13,13,13,7,13,7,7,13,13,6,6,6,6,13,7,7,13,13,7,13,13,13,6,13,13,13,13,13,7,13,13,13,13,13,13,7,13,7,7,13,13,6,6,13,13,7,7,13,13,13,7,7,13,7,7,7,13,13,13,13,7,13,13,13,13,13,13,7,13,7,7,13,13,6,6,6,6,6,13,13,13,13,7,13,13,13,6,13,13,13,13,13,7,13,13,13,13,13,13,7,13,7,7,13,13,6,6,6,6,6,6,6,13,13,7,13,13,13,6,13,13,13,13,13,7,13,13,13,13,13,13,7,13,7,7,13,13,6,6,6,6,6,13,13,13,13,7,13,13,13,6,13,13,13,13,13,7,13,13,13,13,13,13,7,13,7,7,13,7,7,13,13,6,6,13,13,13,13,7,13,7,13,7,7,13,13,13,13
13,13,13,13,6,13,6,13,13,13,13,13,6,13,6,6,6,6,13,13,6,13,13,13,13,6,13,6,6,6,6,13,13,13,13,13,6,13,6,13,13,13,13,13,6,13,6,6,6,6,13,13,6,13,13,13,13,6,13,6,6,6,6,13,13,13,13,13,6,13,6,13,13,13,13,13,6,13,6,6,6,6,13,13,6,13,13,13,13,6,13,6,6,6,6,13,13,13,13,13,6,13,6,13,13,13,13,13,6,13,6,6,13,13,13,13,6,13,13,13,13,13,7,13,13,6,6,13,13,13,13,13,6,13,6,13,13,13,13,13,6,13,6,6,6,6,6,6,6,13,13,13,13,6,13,6,6,6,6,13,13,13,13,13,6,13,6,13,13,13,13,13,13,13,6,6,6,6,6,6,6,13,13,13,13,6,13,6,6,6,6,13,13,13,13,13,6,13,6,13,13,13,13,13,6,13,6,6,6,6,6,6,6,13,13,13,13,6,13,6,6,6,6,13,13,13,13,13,6,13,6,13,13,13,13,13,13,13,13,6,6,6,6,6,6,13,13,13,13,13,13,13,13,6,6,13
13,6,13,6,6,6,6,6,13,6,13,6,13,6,13,6,6,6,13,6,6,6,13,6,13,13,6,13,6,6,6,6,13,6,13,6,6,6,6,6,13,6,13,6,13,6,13,6,6,6,6,6,6,6,13,6,13,13,6,13,6,6,6,6,6,6,13,6,6,6,6,6,13,6,13,6,13,6,13,6,6,6,6,6,6,6,13,6,13,13,6,13,6,6,6,6,13,6,13,6,6,6,6,6,13,6,13,6,13,6,13,6,6,6,13,6,6,6,13,6,13,13,13,13,6,6,6,6,13,6,13,6,6,6,6,6,13,6,13,6,13,6,13,6,6,6,6,6,6,6,13,6,13,13,6,13,6,6,6,6,13,6,13,6,6,6,6,6,13,6,13,13,13,13,13,6,6,6,6,6,6,6,13,6,13,13,6,13,6,6,6,6,13,6,13,6,6,6,6,6,13,6,13,6,13,6,13,6,6,6,6,6,6,6,13,6,13,13,6,13,6,6,6,6,13,6,13,13,6,6,6,6,13,6,13,6,13,6,6,6,6,6,6,6,6,6,13,6,13,13,6,13,6,6,6,6
13,13,6,6,6,6,6,6,6,13,13,13,6,13,6,13,6,6,6,6,6,6,6,13,6,13,13,6,13,6,6,6,13,13,6,6,6,6,6,13,6,13,13,13,6,13,6,13,6,6,6,6,6,6,6,13,6,13,13,6,13,6,6,6,6,13,6,6,13,6,13,6,6,13,13,13,6,13,6,13,6,6,6,6,6,6,6,13,6,13,13,6,13,6,6,6,13,13,6,6,6,6,6,6,6,13,13,13,6,13,6,13,6,6,6,13,6,6,6,13,6,13,13,6,13,6,6,6,13,13,6,6,6,6,6,6,6,13,13,13,6,13,6,13,6,6,6,6,6,6,6,13,6,13,13,6,13,6,6,6,13,13,6,6,6,6,6,13,13,13,13,13,13,13,6,13,6,6,6,6,6,6,6,13,6,13,13,6,13,6,6,6,6,13,6,6,6,13,6,6,6,13,13,13,6,13,6,13,6,6,13,13,6,6,6,13,6,13,13,6,13,6,6,6,6,13,6,6,13,13,6,6,6,13,13,13,6,6,6,13,6,6,6,6,6,6,6,13,6,13,13,6,13,6,13,6
13,6,13,6,6,6,6,6,6,6,13,6,13,6,13,6,13,6,6,6,6,6,13,6,13,6,13,13,6,13,6,6,13,6,13,6,6,6,13,6,13,6,13,6,13,6,13,6,13,6,6,6,6,6,13,6,13,6,13,13,6,13,6,6,6,6,13,6,6,13,6,6,6,6,13,6,13,6,13,6,13,6,6,6,6,6,13,6,13,6,13,13,6,13,6,6,13,6,13,6,6,6,6,6,13,6,13,13,13,13,13,6,13,6,6,6,13,6,13,6,13,6,13,13,6,13,6,6,13,6,13,6,6,6,6,6,6,6,13,6,13,6,13,6,13,6,6,6,6,6,13,6,13,6,13,13,6,13,6,6,13,6,13,6,6,13,13,6,13,6,13,13,13,13,13,6,13,6,6,6,6,6,13,6,13,6,13,13,6,13,6,6,13,6,13,6,13,13,13,13,6,6,13,6,13,6,13,6,13,6,6,13,13,6,13,6,13,6,13,13,6,13,6,6,13,6,13,6,6,13,13,6,6,6,13,6,13,6,13,6,13,6,6,6,6,6,13,6,13,6,13,13,6,13,6,6
SpriteSpeccyBlock,2,1,32
0,0,0,0,0,0,0,0,0,0,0,0,0,0,0,0,0,0,0,0,0,0,0,0,0,0,0,0,0,0,0,0,0,0,0,0,0,0,0,0,0,0,0,0,0,0,0,0,0,0,0,0,0,0,0,0,0,0,0,0,0,0,0,0,0,0,0,0,0,0,0,0,0,0,0,0,0,0,0,0,0,0,0,0,0,0,0,0,0,0,0,0,0,0,0,0
SpriteAttribs,2,0,0,0
SpriteDataOffSet,&180
eof
