FileVersion,1
Sprites,64
Colorselector,0,45,22,0
Colorselector,1,0,0,0
Colorselector,2,86,86,86
Colorselector,3,172,172,172
Colorselector,4,255,255,255
Colorselector,5,128,0,128
Colorselector,6,132,255,255
Colorselector,7,255,0,0
Colorselector,8,0,232,99
Colorselector,9,247,121,200
Colorselector,10,79,140,66
Colorselector,11,40,91,53
Colorselector,12,174,0,0
Colorselector,13,91,0,0
Colorselector,14,240,191,23
Colorselector,15,225,187,213
Colorselector,16,255,0,255
spritebank,0
SpriteStart
SpriteBitmapBlock,0,24,23
0,0,0,0,0,0,1,1,1,1,1,1,1,1,0,0,0,0,0,0,0,0,0
0,0,0,0,0,0,1,11,10,11,10,11,10,1,1,0,0,0,0,0,0,0,0
0,0,0,0,0,1,1,10,11,10,11,10,11,10,1,1,0,0,0,0,0,0,0
0,0,0,0,0,1,10,11,10,15,15,15,15,15,10,1,0,0,0,0,0,0,0
0,0,0,0,0,1,11,10,15,5,2,15,5,2,15,1,0,1,1,1,1,1,0
0,0,0,0,0,1,10,11,15,2,15,15,2,15,1,1,1,1,3,3,3,1,1
0,0,0,0,0,1,1,10,11,15,15,15,15,15,1,0,1,3,3,3,3,3,1
0,0,0,0,0,0,1,11,10,15,2,2,15,1,1,0,1,3,1,3,1,3,1
0,0,0,0,0,0,1,11,11,10,15,15,10,1,1,0,1,1,3,1,3,1,1
0,0,0,0,0,0,1,10,11,11,10,11,11,10,1,0,0,1,1,3,1,1,0
0,0,0,0,0,0,1,11,10,11,11,11,12,12,1,1,1,1,3,2,3,1,0
0,0,0,0,0,1,1,10,11,10,12,12,12,12,12,12,1,1,2,2,2,1,0
0,0,0,0,0,1,10,11,10,11,12,1,12,12,1,1,12,15,15,15,1,1,0
0,0,0,0,0,1,11,11,11,10,12,12,1,10,1,1,1,1,15,15,2,1,0
0,0,0,0,0,1,10,11,10,11,12,12,10,1,1,0,0,1,1,2,1,1,0
0,0,0,0,0,1,11,11,11,10,11,10,11,10,1,1,0,1,2,2,2,1,0
0,0,0,0,1,1,10,11,10,11,10,11,10,11,10,1,1,1,1,2,1,1,0
0,0,0,0,1,10,11,10,11,10,12,12,12,10,11,10,1,1,2,2,2,1,0
0,0,0,0,1,11,10,11,11,10,12,11,12,12,10,11,10,1,1,2,1,1,0
0,0,0,0,1,10,11,10,11,12,12,10,11,12,12,10,11,1,2,2,2,1,0
0,0,0,0,1,11,10,11,12,12,11,11,10,12,12,12,10,1,1,2,1,1,0
0,0,0,1,1,10,11,12,12,12,11,10,11,11,12,1,11,10,1,2,1,0,0
0,0,0,1,10,11,10,11,12,12,10,11,10,11,12,12,10,1,1,2,1,0,0
0,0,0,1,1,10,12,12,12,1,1,1,1,1,12,12,12,1,1,2,1,0,0
SpriteSpeccyBlock,0,3,3
7,0,0,7,0,0,7,0,0
7,0,0,7,0,0,7,0,0
7,0,0,7,0,0,7,0,0
SpriteAttribs,0,0,0,0
SpriteBitmapBlock,1,16,16
0,0,0,0,0,0,0,1,1,0,0,0,0,0,0,0
0,0,0,0,0,0,1,14,14,1,0,0,0,0,0,0
0,0,0,0,0,1,4,4,14,2,1,0,0,0,0,0
0,0,0,0,0,1,14,14,2,14,1,0,0,0,0,0
0,0,0,0,0,1,4,14,14,2,1,0,0,0,0,0
0,0,0,0,0,1,14,14,2,14,1,0,0,0,0,0
0,0,0,0,0,1,4,14,14,4,1,0,0,0,0,0
0,0,0,0,0,1,14,14,2,14,1,0,0,0,0,0
0,0,0,0,0,1,4,14,14,4,1,0,0,0,0,0
0,0,0,0,0,1,14,14,2,14,1,0,0,0,0,0
0,0,0,0,0,1,14,14,14,4,1,0,0,0,0,0
0,0,0,0,0,1,14,14,2,14,1,0,0,0,0,0
0,0,0,0,0,1,4,4,14,2,1,0,0,0,0,0
0,0,0,0,0,1,14,14,14,14,1,0,0,0,0,0
0,0,0,0,0,0,1,14,14,1,0,0,0,0,0,0
0,0,0,0,0,0,0,1,1,0,0,0,0,0,0,0
SpriteSpeccyBlock,1,2,2
7,0,0,7,0,0
7,0,0,7,0,0
SpriteAttribs,1,0,1,0
SpriteBitmapBlock,2,24,22
0,0,0,0,0,0,1,1,1,1,1,1,1,0,0,1,1,4,4,4,1,1
0,0,0,0,0,1,1,4,4,4,4,4,1,1,0,1,4,4,4,4,4,1
0,0,0,0,0,1,4,4,4,4,4,4,4,1,1,1,4,4,4,4,4,1
0,0,0,0,1,1,4,4,4,4,4,4,4,4,1,1,1,4,4,4,1,1
0,0,0,0,1,4,4,4,4,4,4,4,4,4,1,0,1,1,4,1,1,0
0,0,0,0,1,4,4,4,4,4,4,4,4,4,1,0,1,4,4,4,1,0
0,1,1,1,1,1,4,4,4,4,4,4,4,1,1,1,1,4,4,4,1,0
0,1,4,4,4,1,1,4,4,4,4,4,4,1,1,4,4,4,4,4,1,0
0,1,4,4,4,4,1,4,4,4,4,4,4,1,4,4,4,4,4,4,1,0
0,1,1,1,4,4,1,4,4,4,4,4,4,4,4,4,4,4,4,4,1,0
0,0,0,1,1,4,4,4,4,4,4,4,4,4,4,4,1,4,4,4,1,0
0,0,0,0,1,1,4,4,4,4,4,4,4,4,4,1,1,4,4,4,1,0
0,0,0,0,0,1,1,4,4,4,4,4,4,4,4,1,1,4,4,4,1,0
0,0,0,0,0,1,1,4,4,4,4,4,4,4,1,1,1,4,4,4,1,0
0,0,0,0,0,1,4,4,4,4,4,4,4,4,1,1,1,4,4,4,1,0
0,0,0,0,0,1,4,4,4,4,4,4,4,4,4,1,1,1,4,1,1,0
0,0,0,0,0,1,4,4,4,4,4,4,4,4,4,1,1,1,4,1,0,0
0,0,0,0,0,1,4,4,4,4,4,4,4,4,4,4,1,1,4,1,0,0
0,0,0,0,1,1,4,4,4,4,4,4,4,4,4,4,1,1,4,1,0,0
0,0,0,1,1,4,4,4,4,4,4,4,4,4,4,4,1,1,1,1,0,0
0,0,0,1,4,4,4,4,4,4,4,4,4,4,4,4,4,1,0,0,0,0
0,0,0,1,4,4,4,4,4,4,4,4,4,4,4,4,4,1,0,0,0,0
0,0,0,1,4,4,4,4,4,4,4,4,4,4,4,4,4,1,0,0,0,0
0,0,0,1,1,4,4,4,4,4,1,4,1,1,4,4,1,1,0,0,0,0
SpriteSpeccyBlock,2,3,3
7,0,1,7,0,1,7,0,0
7,0,1,7,0,1,7,0,1
7,0,1,7,0,1,7,0,1
SpriteAttribs,2,0,0,0
SpriteBitmapBlock,3,8,32
1,1,1,1,1,1,1,1,1,1,1,1,1,1,1,1,1,1,1,1,1,1,1,1,1,1,1,1,1,1,1,1
18,2,2,2,2,2,2,2,2,2,2,2,2,2,2,2,2,2,2,2,2,2,2,2,2,2,2,2,2,2,2,18
18,2,18,2,18,2,18,2,18,2,18,2,18,2,18,2,18,2,18,2,18,2,18,2,18,2,18,2,18,2,18,18
1,18,2,18,2,18,2,18,2,18,2,18,2,18,2,18,2,18,2,18,2,18,2,18,2,18,2,18,2,18,18,18
1,18,18,1,1,2,18,2,18,2,18,2,18,2,18,2,18,2,18,2,18,2,18,2,18,2,18,1,1,1,18,1
1,1,18,1,1,1,18,18,1,1,1,1,1,18,1,1,18,1,1,1,1,18,1,1,1,18,18,1,0,1,18,1
0,1,18,1,0,1,1,18,1,0,0,0,1,1,1,1,18,1,0,0,1,1,1,0,1,18,1,1,0,1,18,1
0,1,1,1,0,0,1,18,1,0,0,0,0,0,0,1,1,1,0,0,0,0,0,0,1,1,1,0,0,1,18,1
SpriteSpeccyBlock,3,1,4
7,0,1,7,0,1,7,0,1,7,0,1
SpriteAttribs,3,0,0,0
SpriteBitmapBlock,4,23,22
0,0,0,0,0,0,0,0,0,0,0,0,0,0,0,0,0,0,0,0,0,0
0,0,0,0,0,1,1,10,11,10,11,10,11,10,1,1,0,0,0,0,0,0
0,0,0,0,0,0,0,0,0,0,0,0,0,0,0,0,0,0,0,0,0,0
0,0,0,0,0,0,0,0,0,0,0,0,0,0,0,0,0,0,0,0,0,0
0,0,0,0,0,1,10,11,15,2,15,15,2,15,1,1,1,1,3,3,3,1
0,0,0,0,0,0,0,0,0,0,0,0,0,0,0,0,0,0,0,0,0,0
0,0,0,0,0,0,0,0,0,0,0,0,0,0,0,0,0,0,0,0,0,0
0,0,0,0,0,0,1,11,11,10,15,15,10,1,1,0,1,1,3,1,3,1
0,0,0,0,0,0,0,0,0,0,0,0,0,0,0,0,0,0,0,0,0,0
0,0,0,0,0,0,0,0,0,0,0,0,0,0,0,0,0,0,0,0,0,0
0,0,0,0,0,1,1,10,11,10,12,12,12,12,12,12,1,1,2,2,2,1
0,0,0,0,0,0,0,0,0,0,0,0,0,0,0,0,0,0,0,0,0,0
0,0,0,0,0,0,0,0,0,0,0,0,0,0,0,0,0,0,0,0,0,0
0,0,0,0,0,1,10,11,10,11,12,12,10,1,1,0,0,1,1,2,1,1
0,0,0,0,0,0,0,0,0,0,0,0,0,0,0,0,0,0,0,0,0,0
0,0,0,0,0,0,0,0,0,0,0,0,0,0,0,0,0,0,0,0,0,0
0,0,0,0,1,10,11,10,11,10,12,12,12,10,11,10,1,1,2,2,2,1
0,0,0,0,0,0,0,0,0,0,0,0,0,0,0,0,0,0,0,0,0,0
0,0,0,0,0,0,0,0,0,0,0,0,0,0,0,0,0,0,0,0,0,0
0,0,0,0,1,11,10,11,12,12,11,11,10,12,12,12,10,1,1,2,1,1
0,0,0,0,0,0,0,0,0,0,0,0,0,0,0,0,0,0,0,0,0,0
0,0,0,0,0,0,0,0,0,0,0,0,0,0,0,0,0,0,0,0,0,0
0,0,0,1,1,10,12,12,12,1,1,1,1,1,12,12,12,1,1,2,1,0
SpriteSpeccyBlock,4,3,3
7,0,0,7,0,0,7,0,0
7,0,0,7,0,0,7,0,0
7,0,0,7,0,0,7,0,0
SpriteAttribs,4,0,0,0
SpriteBitmapBlock,5,32,32
0,0,0,0,0,0,0,0,0,0,0,0,0,0,0,0,0,0,0,0,0,0,0,0,0,0,0,0,0,0,0,0
0,0,0,0,0,0,0,0,0,0,0,0,0,0,0,0,0,0,0,0,0,0,0,0,0,0,0,0,0,0,0,0
0,0,0,0,0,0,0,0,0,0,0,0,0,0,0,0,0,0,0,0,0,0,0,0,0,0,0,0,0,0,0,0
0,0,0,0,0,0,0,0,0,0,0,0,0,0,0,0,0,0,0,0,0,0,0,0,0,0,0,0,0,0,0,0
0,0,0,0,0,0,0,0,0,0,0,0,0,0,0,0,0,0,0,0,0,0,0,0,0,0,0,0,0,0,0,0
0,0,0,0,0,0,0,0,0,0,0,0,0,0,0,0,0,0,0,0,0,0,0,0,0,0,0,0,0,0,0,0
0,0,0,0,0,0,0,0,0,0,0,0,0,0,0,0,0,0,0,0,0,0,0,0,0,0,0,0,0,0,0,0
0,0,0,0,0,0,0,0,0,0,0,0,0,0,0,0,0,0,0,0,0,0,0,0,0,0,0,0,0,0,0,0
0,0,0,0,0,0,0,0,0,0,0,0,0,0,0,0,0,0,0,0,0,0,0,0,0,0,0,0,0,0,0,0
0,0,0,0,0,0,0,0,0,0,0,0,0,0,0,0,0,0,0,0,0,0,0,0,0,0,0,0,0,0,0,0
0,0,0,0,0,0,0,0,0,0,0,0,0,0,0,0,0,0,0,0,0,0,0,0,0,0,0,0,0,0,0,0
0,0,0,0,0,0,0,0,0,0,0,0,0,0,0,0,0,0,0,0,0,0,0,0,0,0,0,0,0,0,0,0
0,0,0,0,0,0,0,0,0,0,0,0,0,0,0,0,0,0,0,0,0,0,0,0,0,0,0,0,0,0,0,0
0,0,0,0,0,0,0,0,0,0,0,0,0,0,0,0,0,0,0,0,0,0,0,0,0,0,0,0,0,0,0,0
0,0,0,0,0,0,0,0,0,0,0,0,0,0,0,0,0,0,0,0,0,0,0,0,0,0,0,0,0,0,0,0
0,0,0,0,0,0,0,0,0,0,0,0,0,0,0,0,0,0,0,0,0,0,0,0,0,0,0,0,0,0,0,0
1,1,1,1,1,1,1,1,1,1,1,1,1,1,1,1,1,1,1,1,1,1,1,1,1,1,1,1,1,1,1,1
18,2,2,2,2,2,2,2,2,2,2,2,2,2,2,2,2,2,2,2,2,2,2,2,2,2,2,2,2,2,2,18
18,2,18,2,18,2,18,2,18,2,18,2,18,2,18,2,18,2,18,2,18,2,18,2,18,2,18,2,18,2,18,18
1,18,2,18,2,18,2,18,2,18,2,18,2,18,2,18,2,18,2,18,2,18,2,18,2,18,2,18,2,18,18,18
1,18,18,1,1,2,18,2,18,2,18,2,18,2,18,2,18,2,18,2,18,2,18,2,18,2,18,1,1,1,18,1
1,1,18,1,1,1,18,18,1,1,1,1,1,18,1,1,18,1,1,1,1,18,1,1,1,18,18,1,0,1,18,1
0,1,18,1,0,1,1,18,1,0,0,0,1,1,1,1,18,1,0,0,1,1,1,0,1,18,1,1,0,1,18,1
0,1,1,1,0,0,1,18,1,0,0,0,0,0,0,1,1,1,0,0,0,0,0,0,1,1,1,0,0,1,18,1
0,0,0,0,0,0,1,1,1,0,0,0,0,0,0,0,0,0,0,0,0,0,0,0,0,0,0,0,0,1,1,1
0,0,0,0,0,0,0,0,0,0,0,0,0,0,0,0,0,0,0,0,0,0,0,0,0,0,0,0,0,0,0,0
0,0,0,0,0,0,0,0,0,0,0,0,0,0,0,0,0,0,0,0,0,0,0,0,0,0,0,0,0,0,0,0
0,0,0,0,0,0,0,0,0,0,0,0,0,0,0,0,0,0,0,0,0,0,0,0,0,0,0,0,0,0,0,0
0,0,0,0,0,0,0,0,0,0,0,0,0,0,0,0,0,0,0,0,0,0,0,0,0,0,0,0,0,0,0,0
0,0,0,0,0,0,0,0,0,0,0,0,0,0,0,0,0,0,0,0,0,0,0,0,0,0,0,0,0,0,0,0
0,0,0,0,0,0,0,0,0,0,0,0,0,0,0,0,0,0,0,0,0,0,0,0,0,0,0,0,0,0,0,0
0,0,0,0,0,0,0,0,0,0,0,0,0,0,0,0,0,0,0,0,0,0,0,0,0,0,0,0,0,0,0,0
SpriteSpeccyBlock,5,4,4
7,0,1,7,0,1,7,0,1,7,0,1
7,0,1,7,0,1,7,0,1,7,0,1
7,0,1,7,0,1,7,0,1,7,0,1
7,0,1,7,0,1,7,0,1,7,0,1
SpriteAttribs,5,0,1,0
spritebank,1
SpriteStart
SpriteBitmapBlock,0,24,22
0,0,0,0,0,0,1,1,1,1,1,1,1,0,0,1,1,3,3,3,1,1
0,0,0,0,0,1,1,10,11,10,11,10,1,1,0,1,3,3,3,3,3,1
0,0,0,0,0,1,10,11,10,11,10,11,10,1,1,1,3,1,3,1,3,1
0,0,0,0,1,1,11,10,15,15,15,15,15,10,1,1,1,3,1,3,1,1
0,0,0,0,1,11,10,15,5,2,15,5,2,15,1,0,1,1,3,1,1,0
0,0,1,1,1,10,11,15,2,15,15,2,15,15,1,0,1,3,2,3,1,0
0,1,1,15,1,1,10,11,15,15,15,15,2,1,1,1,1,2,2,2,1,0
0,1,15,15,15,1,1,10,15,2,15,2,15,1,1,1,15,15,2,1,1,0
0,1,15,15,12,15,1,11,15,2,15,15,11,11,10,1,15,2,2,2,1,0
0,1,1,1,1,12,12,12,11,15,15,11,11,10,11,12,12,1,2,1,1,0
0,0,0,0,1,1,10,11,12,12,1,12,12,11,12,12,1,2,2,2,1,0
0,0,0,0,0,1,1,10,11,11,12,12,12,12,12,1,1,1,2,1,1,0
0,0,0,0,0,0,1,11,10,11,11,12,10,11,10,1,1,2,2,2,1,0
0,0,0,0,0,0,1,10,11,10,11,10,11,10,1,1,1,1,2,1,1,0
0,0,0,0,0,0,1,11,10,11,10,11,10,1,1,0,1,2,2,2,1,0
0,0,0,0,0,1,1,10,11,10,11,12,11,10,1,1,1,1,2,1,1,0
0,0,0,0,0,1,10,11,10,11,10,11,12,11,10,1,1,1,2,1,0,0
0,0,0,0,0,1,11,10,11,10,12,12,12,10,11,10,1,1,2,1,0,0
0,0,0,0,1,1,10,11,11,11,12,12,11,12,10,11,1,1,2,1,0,0
0,0,0,0,1,10,11,10,11,12,12,10,12,11,12,10,1,1,1,1,0,0
0,0,0,0,1,11,10,11,11,11,12,11,10,12,11,11,10,1,0,0,0,0
0,0,0,0,1,10,11,10,11,12,11,10,11,12,12,11,11,1,0,0,0,0
0,0,0,0,1,11,10,11,12,12,12,11,10,12,12,11,10,1,0,0,0,0
0,0,0,0,1,10,11,12,12,12,1,1,1,1,12,12,1,1,0,0,0,0
SpriteSpeccyBlock,0,3,3
7,0,0,7,0,0,7,0,0
7,0,0,7,0,0,7,0,0
7,0,0,7,0,0,7,0,0
SpriteAttribs,0,0,0,0
SpriteBitmapBlock,1,16,16
0,0,0,0,1,1,1,2,2,1,1,1,0,0,0,0
0,0,0,1,1,2,4,4,4,4,4,1,1,0,0,0
0,0,1,1,2,14,2,14,2,14,14,4,1,1,0,0
0,1,1,2,4,4,14,2,14,14,4,4,4,1,1,0
1,1,2,2,14,14,4,14,2,2,14,14,4,4,1,1
1,2,14,2,14,14,4,2,14,2,14,14,4,14,4,1
1,14,2,2,14,14,4,14,14,2,14,14,4,4,4,1
2,2,14,2,2,14,14,4,2,14,14,4,4,14,4,2
2,14,2,14,2,14,14,4,2,14,14,4,14,4,4,2
1,2,14,2,2,14,14,4,2,14,14,4,4,14,4,1
1,14,2,14,2,2,14,14,14,14,4,4,14,4,14,1
1,1,14,2,14,2,14,14,14,14,4,14,4,14,1,1
0,1,1,14,2,14,2,14,14,4,14,4,14,1,1,0
0,0,1,1,14,2,14,2,4,14,4,14,1,1,0,0
0,0,0,1,1,2,2,14,14,2,2,1,1,0,0,0
0,0,0,0,1,1,1,2,2,1,1,1,0,0,0,0
SpriteSpeccyBlock,1,2,2
7,0,1,7,0,1
7,0,1,7,0,1
SpriteAttribs,1,0,1,0
SpriteBitmapBlock,2,24,24
0,0,0,1,1,4,4,4,4,4,4,4,4,1,1,4,4,4,4,4,4,4,1,1
0,0,1,1,4,4,4,4,4,4,4,4,4,4,1,4,4,1,1,1,4,4,4,1
0,1,1,4,4,4,4,1,1,1,1,1,4,4,4,4,1,1,1,1,1,4,4,1
0,1,4,4,4,4,1,1,1,1,1,1,1,4,4,4,1,1,1,1,4,4,4,1
1,1,4,4,4,1,1,1,1,1,1,1,1,1,4,4,4,4,1,4,4,4,1,1
1,4,4,4,4,1,1,1,1,1,1,1,1,1,4,4,4,1,1,1,4,4,1,0
1,4,4,1,4,4,1,1,1,1,1,1,1,4,4,4,4,1,1,1,4,4,1,0
4,4,1,1,1,4,4,1,1,1,1,1,1,4,4,1,1,1,1,1,4,4,1,0
4,4,1,1,1,1,4,4,1,1,1,1,1,4,1,1,1,1,1,1,4,4,1,0
4,4,4,4,1,1,4,1,1,1,1,1,1,1,1,1,1,1,1,1,4,4,1,0
1,1,4,4,4,1,1,1,1,1,1,1,1,1,1,1,4,1,1,1,4,4,1,0
0,1,1,4,4,4,1,1,1,1,1,1,1,1,1,4,4,1,1,1,4,4,1,0
0,0,1,4,1,4,4,1,1,1,1,1,1,1,1,4,4,1,1,1,4,4,1,0
0,0,1,4,4,4,4,1,1,1,1,1,1,1,4,4,4,1,1,1,4,4,1,0
0,0,1,4,4,4,1,1,1,1,1,1,1,1,4,4,4,1,1,1,4,4,1,0
0,0,1,4,4,4,1,1,1,1,1,1,1,1,1,4,4,4,1,4,4,4,1,0
0,0,1,4,4,4,1,1,1,1,1,1,1,1,1,4,4,4,1,4,4,1,1,0
0,0,1,4,4,4,1,1,1,1,1,1,1,1,1,1,4,4,1,4,4,1,0,0
0,1,1,4,4,4,1,1,1,1,1,1,1,1,1,1,4,4,1,4,4,1,0,0
0,1,4,4,4,1,1,1,1,1,1,1,1,1,1,1,4,4,4,4,1,1,0,0
0,1,4,4,1,1,1,1,1,1,1,1,1,1,1,1,1,4,4,4,1,0,0,0
0,1,4,4,1,1,1,1,1,1,1,1,1,1,1,1,1,4,4,4,1,0,0,0
0,1,4,4,4,1,1,1,1,1,1,1,1,1,1,1,4,4,4,4,1,0,0,0
0,1,1,4,4,4,4,4,4,4,4,4,4,4,4,4,4,4,4,1,1,0,0,0
SpriteSpeccyBlock,2,3,3
7,0,0,7,0,0,7,0,0
7,0,0,7,0,1,7,0,0
7,0,0,7,0,1,7,0,0
SpriteAttribs,2,0,0,0
SpriteBitmapBlock,3,8,32
1,1,1,1,1,1,1,1,1,1,1,1,1,1,1,1,1,1,1,1,1,1,1,1,1,1,1,1,1,1,1,1
14,2,2,2,2,2,2,2,2,2,2,2,2,2,2,2,2,2,2,2,2,2,2,2,2,2,2,2,2,2,2,14
14,2,14,2,14,2,14,2,14,2,14,2,14,2,14,2,14,2,14,2,14,2,14,2,14,2,14,2,14,2,14,14
1,14,2,14,2,14,2,14,2,14,2,14,2,14,2,14,2,14,2,14,2,14,2,14,2,14,2,14,2,14,14,14
1,14,14,1,1,2,14,2,14,2,14,2,14,2,14,2,14,2,14,2,14,2,14,2,14,2,14,1,1,1,14,1
1,1,14,1,1,1,14,14,1,1,1,1,1,14,1,1,14,1,1,1,1,14,1,1,1,14,14,1,0,1,14,1
0,1,14,1,0,1,1,14,1,0,0,0,1,1,1,1,14,1,0,0,1,1,1,0,1,14,1,1,0,1,14,1
0,1,1,1,0,0,1,14,1,0,0,0,0,0,0,1,1,1,0,0,0,0,0,0,1,1,1,0,0,1,14,1
SpriteSpeccyBlock,3,1,4
7,0,1,7,0,1,7,0,1,7,0,1
SpriteAttribs,3,0,0,0
SpriteBitmapBlock,4,24,23
0,0,0,0,0,0,1,1,1,1,1,1,1,1,0,0,0,0,0,0,0,0,0
0,0,0,0,0,0,1,11,10,11,10,11,10,1,1,0,0,0,0,0,0,0,0
0,0,0,0,0,0,0,0,0,0,0,0,0,0,0,0,0,0,0,0,0,0,0
0,0,0,0,0,1,10,11,10,15,15,15,15,15,10,1,0,0,0,0,0,0,0
0,0,0,0,0,0,0,0,0,0,0,0,0,0,0,0,0,0,0,0,0,0,0
0,0,0,0,0,1,10,11,15,2,15,15,2,15,1,1,1,1,3,3,3,1,0
0,0,0,0,0,0,0,0,0,0,0,0,0,0,1,0,0,0,0,0,0,0,0
0,0,0,0,0,0,1,11,10,15,2,2,15,1,1,0,1,3,1,3,1,3,1
0,0,0,0,0,0,0,0,0,0,0,0,0,0,0,0,0,0,0,0,0,0,0
0,0,0,0,0,0,1,10,11,11,10,11,11,10,1,0,0,1,1,3,1,1,0
0,0,0,0,0,0,0,0,0,0,0,0,0,0,0,0,0,0,0,0,0,0,0
0,0,0,0,0,1,1,10,11,10,12,12,12,12,12,12,1,1,2,2,2,1,0
0,0,0,0,0,0,0,0,0,0,0,0,0,0,0,0,0,0,0,0,0,0,0
0,0,0,0,0,1,11,11,11,10,12,12,1,10,1,1,1,1,15,15,2,1,0
0,0,0,0,0,0,0,0,0,0,0,0,0,0,0,0,0,0,0,0,0,0,0
0,0,0,0,0,1,11,11,11,10,11,10,11,10,1,1,0,1,2,2,2,1,0
0,0,0,0,0,0,0,0,0,0,0,0,0,0,0,0,0,0,0,0,0,0,0
0,0,0,0,1,10,11,10,11,10,12,12,12,10,11,10,1,1,2,2,2,1,0
0,0,0,0,0,0,0,0,0,0,0,0,0,0,0,0,0,0,0,0,0,0,0
0,0,0,0,1,10,11,10,11,12,12,10,11,12,12,10,11,1,2,2,2,1,0
0,0,0,0,0,0,0,0,0,0,0,0,0,0,0,0,0,0,0,0,0,0,0
0,0,0,1,1,10,11,12,12,12,11,10,11,11,12,1,11,10,1,2,1,0,0
0,0,0,0,0,0,0,0,0,0,0,0,0,0,0,0,0,0,0,0,0,0,0
0,0,0,1,1,10,12,12,12,1,1,1,1,1,12,12,12,1,1,2,1,0,0
SpriteSpeccyBlock,4,3,3
7,0,0,7,0,0,7,0,0
7,0,0,7,0,0,7,0,0
7,0,0,7,0,0,7,0,0
SpriteAttribs,4,0,0,0
SpriteBitmapBlock,5,32,32
0,0,0,0,0,0,0,0,0,0,0,0,0,0,0,0,0,0,0,0,0,0,0,0,0,0,0,0,0,0,0,0
0,0,0,0,0,0,0,0,0,0,0,0,0,0,0,0,0,0,0,0,0,0,0,0,0,0,0,0,0,0,0,0
0,0,0,0,0,0,0,0,0,0,0,0,0,0,0,0,0,0,0,0,0,0,0,0,0,0,0,0,0,0,0,0
0,0,0,0,0,0,0,0,0,0,0,0,0,0,0,0,0,0,0,0,0,0,0,0,0,0,0,0,0,0,0,0
0,0,0,0,0,0,0,0,0,0,0,0,0,0,0,0,0,0,0,0,0,0,0,0,0,0,0,0,0,0,0,0
0,0,0,0,0,0,0,0,0,0,0,0,0,0,0,0,0,0,0,0,0,0,0,0,0,0,0,0,0,0,0,0
0,0,0,0,0,0,0,0,0,0,0,0,0,0,0,0,0,0,0,0,0,0,0,0,0,0,0,0,0,0,0,0
0,0,0,0,0,0,0,0,0,0,0,0,0,0,0,0,0,0,0,0,0,0,0,0,0,0,0,0,0,0,0,0
0,0,0,0,0,0,0,0,0,0,0,0,0,0,0,0,0,0,0,0,0,0,0,0,0,0,0,0,0,0,0,0
0,0,0,0,0,0,0,0,0,0,0,0,0,0,0,0,0,0,0,0,0,0,0,0,0,0,0,0,0,0,0,0
0,0,0,0,0,0,0,0,0,0,0,0,0,0,0,0,0,0,0,0,0,0,0,0,0,0,0,0,0,0,0,0
0,0,0,0,0,0,0,0,0,0,0,0,0,0,0,0,0,0,0,0,0,0,0,0,0,0,0,0,0,0,0,0
0,0,0,0,0,0,0,0,0,0,0,0,0,0,0,0,0,0,0,0,0,0,0,0,0,0,0,0,0,0,0,0
0,0,0,0,0,0,0,0,0,0,0,0,0,0,0,0,0,0,0,0,0,0,0,0,0,0,0,0,0,0,0,0
0,0,0,0,0,0,0,0,0,0,0,0,0,0,0,0,0,0,0,0,0,0,0,0,0,0,0,0,0,0,0,0
0,0,0,0,0,0,0,0,0,0,0,0,0,0,0,0,0,0,0,0,0,0,0,0,0,0,0,0,0,0,0,0
1,1,1,1,1,1,1,1,1,1,1,1,1,1,1,1,1,1,1,1,1,1,1,1,1,1,1,1,1,1,1,1
18,2,2,2,2,2,2,2,2,2,2,2,2,2,2,2,2,2,2,2,2,2,2,2,2,2,2,2,2,2,2,18
18,2,18,2,18,2,18,2,18,2,18,2,18,2,18,2,18,2,18,2,18,2,18,2,18,2,18,2,18,2,18,18
1,18,2,18,2,18,2,18,2,18,2,18,2,18,2,18,2,18,2,18,2,18,2,18,2,18,2,18,2,18,18,18
1,18,18,1,1,2,18,2,18,2,18,2,18,2,18,2,18,2,18,2,18,2,18,2,18,2,18,1,1,1,18,1
1,1,18,1,1,1,18,18,1,1,1,1,1,18,1,1,18,1,1,1,1,18,1,1,1,18,18,1,0,1,18,1
0,1,18,1,0,1,1,18,1,0,0,0,1,1,1,1,18,1,0,0,1,1,1,0,1,18,1,1,0,1,18,1
0,1,1,1,0,0,1,18,1,0,0,0,0,0,0,1,1,1,0,0,0,0,0,0,1,1,1,0,0,1,18,1
0,0,0,0,0,0,1,1,1,0,0,0,0,0,0,0,0,0,0,0,0,0,0,0,0,0,0,0,0,1,1,1
0,0,0,0,0,0,0,0,0,0,0,0,0,0,0,0,0,0,0,0,0,0,0,0,0,0,0,0,0,0,0,0
0,0,0,0,0,0,0,0,0,0,0,0,0,0,0,0,0,0,0,0,0,0,0,0,0,0,0,0,0,0,0,0
0,0,0,0,0,0,0,0,0,0,0,0,0,0,0,0,0,0,0,0,0,0,0,0,0,0,0,0,0,0,0,0
0,0,0,0,0,0,0,0,0,0,0,0,0,0,0,0,0,0,0,0,0,0,0,0,0,0,0,0,0,0,0,0
0,0,0,0,0,0,0,0,0,0,0,0,0,0,0,0,0,0,0,0,0,0,0,0,0,0,0,0,0,0,0,0
0,0,0,0,0,0,0,0,0,0,0,0,0,0,0,0,0,0,0,0,0,0,0,0,0,0,0,0,0,0,0,0
0,0,0,0,0,0,0,0,0,0,0,0,0,0,0,0,0,0,0,0,0,0,0,0,0,0,0,0,0,0,0,0
SpriteSpeccyBlock,5,4,4
7,0,1,7,0,1,7,0,1,7,0,1
7,0,1,7,0,1,7,0,1,7,0,1
7,0,1,7,0,1,7,0,1,7,0,1
7,0,1,7,0,1,7,0,1,7,0,1
SpriteAttribs,5,0,1,0
spritebank,2
SpriteStart
SpriteBitmapBlock,0,0,0
SpriteSpeccyBlock,0,0,0
SpriteAttribs,0,0,0,0
SpriteBitmapBlock,1,16,16
0,0,0,0,0,0,0,0,0,0,0,0,0,0,0,0
0,0,0,0,0,0,0,0,0,0,0,0,0,0,0,0
0,0,0,0,0,0,0,0,0,0,0,0,0,0,0,0
0,0,0,0,0,0,0,0,0,0,0,0,0,0,0,0
0,0,0,0,0,0,0,0,0,0,0,0,0,0,0,0
0,0,0,0,0,0,0,0,0,0,0,0,0,0,0,0
0,0,0,0,0,0,0,0,0,0,0,0,0,0,0,0
0,0,0,0,0,0,0,0,0,0,0,0,0,0,0,0
0,0,0,0,0,0,0,0,0,0,0,0,0,0,0,0
0,0,0,0,0,0,0,0,0,0,0,0,0,0,0,0
0,0,0,0,0,0,0,0,0,0,0,0,0,0,0,0
0,0,0,0,0,0,0,0,0,0,0,0,0,0,0,0
0,0,0,0,0,0,0,0,0,0,0,0,0,0,0,0
0,0,0,0,0,0,0,0,0,0,0,0,0,0,0,0
0,0,0,0,0,0,0,0,0,0,0,0,0,0,0,0
0,0,0,0,0,0,0,0,0,0,0,0,0,0,0,0
SpriteSpeccyBlock,1,2,2
7,0,1,7,0,1
7,0,1,7,0,1
SpriteAttribs,1,0,1,0
SpriteBitmapBlock,2,0,0
SpriteSpeccyBlock,2,0,0
SpriteAttribs,2,0,0,0
SpriteBitmapBlock,3,0,0
SpriteSpeccyBlock,3,0,0
SpriteAttribs,3,0,0,0
SpriteBitmapBlock,4,0,0
SpriteSpeccyBlock,4,0,0
SpriteAttribs,4,0,0,0
SpriteBitmapBlock,5,32,32
0,0,0,0,0,0,0,0,0,0,0,0,0,0,0,0,0,0,0,0,0,0,0,0,0,0,0,0,0,0,0,0
0,0,0,0,0,0,0,0,0,0,0,0,0,0,0,0,0,0,0,0,0,0,0,0,0,0,0,0,0,0,0,0
0,0,0,0,0,0,0,0,0,0,0,0,0,0,0,0,0,0,0,0,0,0,0,0,0,0,0,0,0,0,0,0
0,0,0,0,0,0,0,0,0,0,0,0,0,0,0,0,0,0,0,0,0,0,0,0,0,0,0,0,0,0,0,0
0,0,0,0,0,0,0,0,0,0,0,0,0,0,0,0,0,0,0,0,0,0,0,0,0,0,0,0,0,0,0,0
0,0,0,0,0,0,0,0,0,0,0,0,0,0,0,0,0,0,0,0,0,0,0,0,0,0,0,0,0,0,0,0
0,0,0,0,0,0,0,0,0,0,0,0,0,0,0,0,0,0,0,0,0,0,0,0,0,0,0,0,0,0,0,0
0,0,0,0,0,0,0,0,0,0,0,0,0,0,0,0,0,0,0,0,0,0,0,0,0,0,0,0,0,0,0,0
0,0,0,0,0,0,0,0,0,0,0,0,0,0,0,0,0,0,0,0,0,0,0,0,0,0,0,0,0,0,0,0
0,0,0,0,0,0,0,0,0,0,0,0,0,0,0,0,0,0,0,0,0,0,0,0,0,0,0,0,0,0,0,0
0,0,0,0,0,0,0,0,0,0,0,0,0,0,0,0,0,0,0,0,0,0,0,0,0,0,0,0,0,0,0,0
0,0,0,0,0,0,0,0,0,0,0,0,0,0,0,0,0,0,0,0,0,0,0,0,0,0,0,0,0,0,0,0
0,0,0,0,0,0,0,0,0,0,0,0,0,0,0,0,0,0,0,0,0,0,0,0,0,0,0,0,0,0,0,0
0,0,0,0,0,0,0,0,0,0,0,0,0,0,0,0,0,0,0,0,0,0,0,0,0,0,0,0,0,0,0,0
0,0,0,0,0,0,0,0,0,0,0,0,0,0,0,0,0,0,0,0,0,0,0,0,0,0,0,0,0,0,0,0
0,0,0,0,0,0,0,0,0,0,0,0,0,0,0,0,0,0,0,0,0,0,0,0,0,0,0,0,0,0,0,0
0,0,0,0,0,0,0,0,0,0,0,0,0,0,0,0,0,0,0,0,0,0,0,0,0,0,0,0,0,0,0,0
0,0,0,0,0,0,0,0,0,0,0,0,0,0,0,0,0,0,0,0,0,0,0,0,0,0,0,0,0,0,0,0
0,0,0,0,0,0,0,0,0,0,0,0,0,0,0,0,0,0,0,0,0,0,0,0,0,0,0,0,0,0,0,0
0,0,0,0,0,0,0,0,0,0,0,0,0,0,0,0,0,0,0,0,0,0,0,0,0,0,0,0,0,0,0,0
0,0,0,0,0,0,0,0,0,0,0,0,0,0,0,0,0,0,0,0,0,0,0,0,0,0,0,0,0,0,0,0
0,0,0,0,0,0,0,0,0,0,0,0,0,0,0,0,0,0,0,0,0,0,0,0,0,0,0,0,0,0,0,0
0,0,0,0,0,0,0,0,0,0,0,0,0,0,0,0,0,0,0,0,0,0,0,0,0,0,0,0,0,0,0,0
0,0,0,0,0,0,0,0,0,0,0,0,0,0,0,0,0,0,0,0,0,0,0,0,0,0,0,0,0,0,0,0
0,0,0,0,0,0,0,0,0,0,0,0,0,0,0,0,0,0,0,0,0,0,0,0,0,0,0,0,0,0,0,0
0,0,0,0,0,0,0,0,0,0,0,0,0,0,0,0,0,0,0,0,0,0,0,0,0,0,0,0,0,0,0,0
0,0,0,0,0,0,0,0,0,0,0,0,0,0,0,0,0,0,0,0,0,0,0,0,0,0,0,0,0,0,0,0
0,0,0,0,0,0,0,0,0,0,0,0,0,0,0,0,0,0,0,0,0,0,0,0,0,0,0,0,0,0,0,0
0,0,0,0,0,0,0,0,0,0,0,0,0,0,0,0,0,0,0,0,0,0,0,0,0,0,0,0,0,0,0,0
0,0,0,0,0,0,0,0,0,0,0,0,0,0,0,0,0,0,0,0,0,0,0,0,0,0,0,0,0,0,0,0
0,0,0,0,0,0,0,0,0,0,0,0,0,0,0,0,0,0,0,0,0,0,0,0,0,0,0,0,0,0,0,0
0,0,0,0,0,0,0,0,0,0,0,0,0,0,0,0,0,0,0,0,0,0,0,0,0,0,0,0,0,0,0,0
SpriteSpeccyBlock,5,4,4
7,0,1,7,0,1,7,0,1,7,0,1
7,0,1,7,0,1,7,0,1,7,0,1
7,0,1,7,0,1,7,0,1,7,0,1
7,0,1,7,0,1,7,0,1,7,0,1
SpriteAttribs,5,0,1,0
spritebank,3
SpriteStart
SpriteBitmapBlock,0,0,0
SpriteSpeccyBlock,0,0,0
SpriteAttribs,0,0,0,0
SpriteBitmapBlock,1,16,16
0,0,0,0,0,0,0,0,0,0,0,0,0,0,0,0
0,0,0,0,0,0,0,0,0,0,0,0,0,0,0,0
0,0,0,0,0,0,0,0,0,0,0,0,0,0,0,0
0,0,0,0,0,0,0,0,0,0,0,0,0,0,0,0
0,0,0,0,0,0,0,0,0,0,0,0,0,0,0,0
0,0,0,0,0,0,0,0,0,0,0,0,0,0,0,0
0,0,0,0,0,0,0,0,0,0,0,0,0,0,0,0
0,0,0,0,0,0,0,0,0,0,0,0,0,0,0,0
0,0,0,0,0,0,0,0,0,0,0,0,0,0,0,0
0,0,0,0,0,0,0,0,0,0,0,0,0,0,0,0
0,0,0,0,0,0,0,0,0,0,0,0,0,0,0,0
0,0,0,0,0,0,0,0,0,0,0,0,0,0,0,0
0,0,0,0,0,0,0,0,0,0,0,0,0,0,0,0
0,0,0,0,0,0,0,0,0,0,0,0,0,0,0,0
0,0,0,0,0,0,0,0,0,0,0,0,0,0,0,0
0,0,0,0,0,0,0,0,0,0,0,0,0,0,0,0
SpriteSpeccyBlock,1,2,2
7,0,1,7,0,1
7,0,1,7,0,1
SpriteAttribs,1,0,1,0
SpriteBitmapBlock,2,0,0
SpriteSpeccyBlock,2,0,0
SpriteAttribs,2,0,0,0
SpriteBitmapBlock,3,0,0
SpriteSpeccyBlock,3,0,0
SpriteAttribs,3,0,0,0
SpriteBitmapBlock,4,0,0
SpriteSpeccyBlock,4,0,0
SpriteAttribs,4,0,0,0
SpriteBitmapBlock,5,32,32
0,0,0,0,0,0,0,0,0,0,0,0,0,0,0,0,0,0,0,0,0,0,0,0,0,0,0,0,0,0,0,0
0,0,0,0,0,0,0,0,0,0,0,0,0,0,0,0,0,0,0,0,0,0,0,0,0,0,0,0,0,0,0,0
0,0,0,0,0,0,0,0,0,0,0,0,0,0,0,0,0,0,0,0,0,0,0,0,0,0,0,0,0,0,0,0
0,0,0,0,0,0,0,0,0,0,0,0,0,0,0,0,0,0,0,0,0,0,0,0,0,0,0,0,0,0,0,0
0,0,0,0,0,0,0,0,0,0,0,0,0,0,0,0,0,0,0,0,0,0,0,0,0,0,0,0,0,0,0,0
0,0,0,0,0,0,0,0,0,0,0,0,0,0,0,0,0,0,0,0,0,0,0,0,0,0,0,0,0,0,0,0
0,0,0,0,0,0,0,0,0,0,0,0,0,0,0,0,0,0,0,0,0,0,0,0,0,0,0,0,0,0,0,0
0,0,0,0,0,0,0,0,0,0,0,0,0,0,0,0,0,0,0,0,0,0,0,0,0,0,0,0,0,0,0,0
0,0,0,0,0,0,0,0,0,0,0,0,0,0,0,0,0,0,0,0,0,0,0,0,0,0,0,0,0,0,0,0
0,0,0,0,0,0,0,0,0,0,0,0,0,0,0,0,0,0,0,0,0,0,0,0,0,0,0,0,0,0,0,0
0,0,0,0,0,0,0,0,0,0,0,0,0,0,0,0,0,0,0,0,0,0,0,0,0,0,0,0,0,0,0,0
0,0,0,0,0,0,0,0,0,0,0,0,0,0,0,0,0,0,0,0,0,0,0,0,0,0,0,0,0,0,0,0
0,0,0,0,0,0,0,0,0,0,0,0,0,0,0,0,0,0,0,0,0,0,0,0,0,0,0,0,0,0,0,0
0,0,0,0,0,0,0,0,0,0,0,0,0,0,0,0,0,0,0,0,0,0,0,0,0,0,0,0,0,0,0,0
0,0,0,0,0,0,0,0,0,0,0,0,0,0,0,0,0,0,0,0,0,0,0,0,0,0,0,0,0,0,0,0
0,0,0,0,0,0,0,0,0,0,0,0,0,0,0,0,0,0,0,0,0,0,0,0,0,0,0,0,0,0,0,0
0,0,0,0,0,0,0,0,0,0,0,0,0,0,0,0,0,0,0,0,0,0,0,0,0,0,0,0,0,0,0,0
0,0,0,0,0,0,0,0,0,0,0,0,0,0,0,0,0,0,0,0,0,0,0,0,0,0,0,0,0,0,0,0
0,0,0,0,0,0,0,0,0,0,0,0,0,0,0,0,0,0,0,0,0,0,0,0,0,0,0,0,0,0,0,0
0,0,0,0,0,0,0,0,0,0,0,0,0,0,0,0,0,0,0,0,0,0,0,0,0,0,0,0,0,0,0,0
0,0,0,0,0,0,0,0,0,0,0,0,0,0,0,0,0,0,0,0,0,0,0,0,0,0,0,0,0,0,0,0
0,0,0,0,0,0,0,0,0,0,0,0,0,0,0,0,0,0,0,0,0,0,0,0,0,0,0,0,0,0,0,0
0,0,0,0,0,0,0,0,0,0,0,0,0,0,0,0,0,0,0,0,0,0,0,0,0,0,0,0,0,0,0,0
0,0,0,0,0,0,0,0,0,0,0,0,0,0,0,0,0,0,0,0,0,0,0,0,0,0,0,0,0,0,0,0
0,0,0,0,0,0,0,0,0,0,0,0,0,0,0,0,0,0,0,0,0,0,0,0,0,0,0,0,0,0,0,0
0,0,0,0,0,0,0,0,0,0,0,0,0,0,0,0,0,0,0,0,0,0,0,0,0,0,0,0,0,0,0,0
0,0,0,0,0,0,0,0,0,0,0,0,0,0,0,0,0,0,0,0,0,0,0,0,0,0,0,0,0,0,0,0
0,0,0,0,0,0,0,0,0,0,0,0,0,0,0,0,0,0,0,0,0,0,0,0,0,0,0,0,0,0,0,0
0,0,0,0,0,0,0,0,0,0,0,0,0,0,0,0,0,0,0,0,0,0,0,0,0,0,0,0,0,0,0,0
0,0,0,0,0,0,0,0,0,0,0,0,0,0,0,0,0,0,0,0,0,0,0,0,0,0,0,0,0,0,0,0
0,0,0,0,0,0,0,0,0,0,0,0,0,0,0,0,0,0,0,0,0,0,0,0,0,0,0,0,0,0,0,0
0,0,0,0,0,0,0,0,0,0,0,0,0,0,0,0,0,0,0,0,0,0,0,0,0,0,0,0,0,0,0,0
SpriteSpeccyBlock,5,4,4
7,0,1,7,0,1,7,0,1,7,0,1
7,0,1,7,0,1,7,0,1,7,0,1
7,0,1,7,0,1,7,0,1,7,0,1
7,0,1,7,0,1,7,0,1,7,0,1
SpriteAttribs,5,0,1,0
SpriteDataOffSet,&60
eof
