FileVersion,1
Sprites,64
Colorselector,0,0,0,0
Colorselector,1,128,0,255
Colorselector,2,0,255,255
Colorselector,3,255,255,255
Colorselector,4,64,64,64
Colorselector,5,80,80,80
Colorselector,6,96,96,96
Colorselector,7,112,112,112
Colorselector,8,128,128,128
Colorselector,9,144,144,144
Colorselector,10,160,160,160
Colorselector,11,176,176,176
Colorselector,12,192,192,192
Colorselector,13,208,208,208
Colorselector,14,224,224,224
Colorselector,15,240,240,240
Colorselector,16,255,0,255
spritebank,0
SpriteStart
SpriteBitmapBlock,0,23,24
0,0,0,0,0,0,0,0,0,0,0,0,0,0,0,0,0,0,0,0,0,0,0,0
0,0,0,0,0,0,0,0,0,0,0,0,0,0,0,0,3,0,0,0,0,0,0,0
0,0,0,0,0,0,0,3,0,0,0,0,0,3,2,2,2,2,0,0,0,0,0,0
0,0,0,0,0,0,3,3,3,3,0,0,3,3,0,0,0,0,0,0,0,0,0,0
0,0,0,0,0,3,0,0,0,0,3,0,3,0,0,0,0,3,0,3,0,0,0,0
0,0,0,0,3,0,1,3,1,0,0,3,0,0,3,3,3,0,0,0,3,0,3,0
0,0,0,0,3,0,1,1,1,0,0,3,0,3,0,0,0,3,0,3,0,3,2,3
0,0,3,0,3,0,0,0,0,0,0,3,3,0,0,0,0,3,0,0,0,0,3,0
0,3,0,3,0,3,0,0,0,0,3,3,0,1,3,1,0,0,3,0,3,0,0,0
0,0,3,3,0,0,3,3,3,3,0,3,0,1,1,1,0,0,3,0,0,0,0,0
0,3,2,0,0,0,0,0,0,0,0,3,0,0,0,0,0,0,3,0,3,3,0,0
0,2,2,0,0,0,0,1,1,0,0,0,3,0,0,0,0,3,0,0,0,3,0,0
3,2,3,0,0,0,1,0,0,1,0,0,0,3,3,3,3,0,0,3,3,2,0,0
3,3,0,0,0,0,1,0,1,1,0,0,0,0,0,0,0,0,0,0,3,2,3,0
3,0,0,0,0,0,0,1,1,0,0,3,0,0,3,0,0,3,0,0,0,3,2,0
0,0,0,0,3,0,0,0,0,0,0,3,0,3,0,3,0,3,0,0,3,3,2,0
0,0,3,3,0,0,0,0,3,0,0,3,0,0,3,3,0,3,0,0,0,3,3,0
0,0,3,2,0,0,0,3,0,3,0,3,0,0,3,2,0,3,3,2,0,0,0,0
0,3,3,2,0,0,0,0,2,2,0,3,2,0,3,2,0,0,3,2,0,0,0,0
0,3,2,0,0,0,3,3,2,0,0,3,2,0,3,3,3,0,3,3,0,0,0,0
0,3,2,0,0,0,3,2,2,0,0,0,3,0,3,2,0,0,0,0,0,0,0,0
0,3,3,0,0,0,0,3,3,0,0,3,3,0,3,3,0,0,0,0,0,0,0,0
0,0,0,0,0,0,0,3,3,0,0,0,3,0,3,3,0,0,0,0,0,0,0,0
SpriteSpeccyBlock,0,3,3
7,0,1,7,0,1,7,0,1
7,0,1,7,0,1,7,0,1
7,0,1,7,0,1,7,0,1
SpriteAttribs,0,0,0,0
SpriteBitmapBlock,1,32,32
0,0,0,0,0,0,0,0,0,3,3,3,3,0,0,0,0,0,0,0,0,0,0,0,0,0,0,0,0,0,0,0
0,0,0,0,0,0,0,0,3,0,3,0,0,3,0,0,0,0,0,0,0,0,0,0,0,0,0,0,0,0,0,0
0,0,0,0,0,0,0,0,3,0,0,3,0,3,0,0,0,0,0,0,0,0,0,0,0,0,0,0,0,0,0,0
0,0,0,0,0,0,0,3,0,0,3,0,0,0,3,0,0,0,0,0,0,0,0,0,0,0,0,0,0,0,0,0
0,0,0,0,0,0,0,3,0,0,0,3,0,0,3,0,0,0,0,0,0,0,0,0,0,0,0,0,0,0,0,0
0,0,0,0,0,0,0,3,0,0,3,0,0,0,3,0,0,0,0,0,0,0,0,0,0,0,0,0,0,0,0,0
0,0,0,0,0,0,0,3,0,0,0,3,0,0,3,0,0,0,0,0,0,0,0,0,0,0,0,0,0,0,0,0
0,0,0,0,0,0,0,0,3,0,3,0,0,3,0,0,2,2,2,0,0,0,0,0,0,0,0,0,0,0,0,0
0,0,0,0,0,0,3,0,3,0,0,3,0,3,0,2,0,0,0,2,0,0,0,0,0,0,0,0,0,0,0,0
0,0,0,0,0,3,0,0,3,0,3,0,0,3,0,2,0,0,0,2,0,0,0,0,0,0,0,0,0,0,0,0
0,0,0,0,3,0,3,0,0,3,3,3,3,0,0,2,0,0,2,0,0,0,0,0,0,0,0,0,0,0,0,0
0,0,0,0,0,3,0,3,0,0,3,3,0,3,0,0,2,2,0,0,0,0,0,0,0,0,0,0,0,0,0,0
0,0,0,0,3,0,3,0,3,0,0,0,3,0,3,0,0,0,0,0,0,0,0,0,0,0,0,0,0,0,0,0
0,0,0,0,0,3,0,3,0,3,0,3,0,3,0,3,0,3,0,0,0,0,0,0,0,0,0,0,0,0,0,0
0,0,0,0,3,0,3,0,3,0,1,0,1,0,3,0,3,0,3,0,0,0,0,0,0,0,0,0,0,0,0,0
0,0,0,0,0,3,0,3,0,1,0,1,0,1,0,3,0,3,0,0,0,0,0,0,0,0,0,0,0,0,0,0
0,0,0,0,3,0,3,0,3,0,1,0,1,0,3,0,3,0,3,0,0,0,0,0,0,0,0,0,0,0,0,0
0,0,0,0,0,3,0,3,0,1,0,1,0,1,0,3,0,3,0,0,0,0,0,0,0,0,0,0,0,0,0,0
0,0,0,0,0,0,3,0,1,0,1,0,1,0,1,0,3,0,0,0,0,0,0,0,0,0,0,0,0,0,0,0
0,0,0,0,0,0,0,3,0,1,0,1,0,1,0,3,0,0,0,0,0,0,0,0,0,0,0,0,0,0,0,0
0,0,0,0,0,0,3,0,1,0,1,0,1,0,1,0,3,0,0,0,0,0,0,0,0,0,0,0,0,0,0,0
0,0,0,0,0,0,0,3,0,3,0,3,0,3,0,3,0,0,0,0,0,0,0,0,0,0,0,0,0,0,0,0
0,0,0,0,0,0,0,0,3,0,3,0,3,0,3,0,0,0,0,0,0,0,0,0,0,0,0,0,0,0,0,0
0,0,0,0,0,0,0,0,0,3,0,3,0,3,0,0,0,0,0,0,0,0,0,0,0,0,0,0,0,0,0,0
0,0,0,0,0,0,0,0,0,0,3,0,3,0,0,0,0,0,0,0,0,0,0,0,0,0,0,0,0,0,0,0
0,0,0,0,0,0,0,0,0,3,0,3,0,3,0,0,0,0,0,0,0,0,0,0,0,0,0,0,0,0,0,0
0,0,0,0,0,0,0,0,3,0,3,0,3,0,3,0,0,0,0,0,0,0,0,0,0,0,0,0,0,0,0,0
0,0,0,0,0,0,0,3,0,3,0,3,0,3,0,3,0,0,0,0,0,0,0,0,0,0,0,0,0,0,0,0
0,0,0,0,0,0,3,0,0,0,0,0,0,0,0,0,3,0,0,0,0,0,0,0,0,0,0,0,0,0,0,0
0,0,0,0,0,3,0,0,0,3,0,0,0,3,0,0,0,3,0,0,0,0,0,0,0,0,0,0,0,0,0,0
0,0,0,0,0,0,0,3,0,0,0,0,0,0,0,3,0,0,0,0,0,0,0,0,0,0,0,0,0,0,0,0
0,0,0,0,0,3,0,0,0,0,0,0,0,0,0,0,0,3,0,0,0,0,0,0,0,0,0,0,0,0,0,0
SpriteSpeccyBlock,1,4,4
7,0,1,7,0,1,7,0,1,0,0,0
7,0,1,7,0,1,7,0,1,0,0,0
7,0,1,7,0,1,7,0,1,0,0,0
7,0,1,7,0,1,7,0,1,0,0,0
SpriteAttribs,1,0,1,0
SpriteBitmapBlock,2,24,23
0,0,0,0,0,0,0,0,0,0,0,0,0,0,0,0,0,0,0,0,0,0,0
0,0,0,0,0,0,0,3,3,3,0,0,0,0,0,0,0,0,0,0,0,0,0
0,0,0,0,0,0,3,3,0,0,3,1,1,0,0,0,0,0,0,0,0,0,0
0,0,0,0,0,0,3,3,0,0,3,1,1,1,1,0,0,0,0,0,0,0,0
0,0,0,0,0,0,3,0,0,0,3,1,1,1,1,1,0,0,0,0,0,0,0
0,0,0,0,0,0,0,3,3,3,1,1,1,1,1,1,1,0,0,0,0,0,0
0,0,0,0,0,0,0,0,1,1,1,1,1,1,1,1,1,0,0,0,0,0,0
0,0,0,0,0,0,1,1,1,1,1,1,1,1,1,1,1,1,0,0,0,0,0
0,0,0,0,0,0,0,0,0,0,0,0,0,0,1,1,1,1,0,0,0,0,0
0,0,0,0,0,0,1,1,1,1,1,1,1,1,1,1,1,1,1,0,0,0,0
0,0,0,0,0,0,0,1,1,1,1,1,1,2,1,2,1,1,1,0,0,0,0
0,0,0,0,0,0,0,0,1,1,1,1,1,1,1,1,1,2,1,1,0,0,0
0,0,0,0,0,0,0,0,0,0,1,1,2,1,1,1,1,1,1,1,0,0,0
0,0,0,0,0,0,0,0,0,1,1,1,1,1,1,1,1,2,1,1,0,0,0
0,0,0,0,0,0,0,0,0,1,1,1,2,1,1,1,1,1,1,1,0,0,0
0,0,0,0,0,0,0,0,0,0,1,1,1,2,1,1,1,2,1,1,0,0,0
0,0,0,0,0,0,2,2,2,2,2,1,2,1,1,1,1,1,1,0,0,0,0
0,0,0,0,2,2,2,2,1,1,1,2,2,2,1,1,1,1,2,2,2,0,0
0,0,2,2,2,2,2,2,2,2,2,2,1,1,1,1,1,2,2,2,2,2,0
0,2,2,2,2,2,2,1,1,1,1,1,1,1,1,2,2,2,2,2,2,2,2
0,0,2,2,2,2,2,2,2,2,2,2,2,2,2,2,2,2,2,2,2,2,0
0,0,0,0,0,0,2,2,2,2,2,3,3,3,3,2,2,2,2,2,2,0,0
0,0,0,0,0,0,0,0,0,0,0,0,0,0,0,0,0,2,0,0,0,0,0
0,0,0,0,0,0,0,0,2,2,2,2,2,2,2,2,2,0,0,0,0,0,0
SpriteSpeccyBlock,2,3,3
7,0,1,7,0,1,7,0,1
7,0,1,7,0,1,7,0,1
7,0,1,7,0,1,7,0,1
SpriteAttribs,2,0,0,0
SpriteBitmapBlock,3,24,24
0,0,0,0,0,0,0,0,0,0,0,0,0,0,0,0,0,0,0,0,0,0,0,0
0,0,0,0,0,0,0,0,0,0,0,0,0,0,0,0,0,0,0,0,0,0,0,0
0,0,0,0,0,0,0,0,0,0,0,0,0,0,0,0,0,0,0,0,0,0,0,0
0,0,0,0,0,0,0,0,0,0,0,0,0,0,0,0,0,0,0,0,0,0,0,0
0,0,0,0,0,0,0,0,0,0,0,0,0,0,0,0,0,0,0,0,0,0,0,0
0,0,0,0,0,0,0,0,0,0,0,0,0,0,0,0,0,0,0,0,0,0,0,0
0,0,0,0,0,0,0,0,0,0,0,0,0,0,0,0,0,0,0,0,0,0,0,0
0,0,0,0,0,0,0,0,0,0,0,0,0,0,0,0,0,0,0,0,0,0,0,0
0,0,0,0,3,3,0,0,0,0,0,0,3,3,3,0,0,0,0,0,0,0,0,0
0,0,0,3,0,0,3,1,1,1,0,3,0,0,0,3,0,0,0,0,0,0,0,0
0,0,3,0,0,0,0,3,1,1,1,3,3,0,0,3,0,0,0,0,0,0,0,0
0,0,3,0,0,0,0,3,1,1,1,3,0,0,0,3,0,0,0,0,0,0,0,0
0,0,1,3,0,0,3,1,1,1,1,1,3,3,3,1,0,0,0,0,3,0,0,0
0,0,0,1,3,3,1,1,1,1,1,3,0,0,0,3,1,0,3,3,3,0,2,0
0,0,0,1,1,1,1,1,1,1,1,3,3,0,0,3,1,3,3,0,0,0,0,2
0,0,0,0,1,1,1,1,1,1,1,3,0,0,0,3,1,1,0,2,3,3,0,0
0,0,0,2,0,1,1,1,1,1,1,1,3,3,3,1,1,1,3,3,3,2,0,0
0,0,2,0,0,1,1,1,1,1,1,1,1,1,1,1,1,3,0,0,0,0,2,0
0,3,0,0,0,0,1,1,1,1,3,3,3,1,1,1,1,1,3,3,0,2,3,2
0,3,0,0,2,2,0,1,1,3,3,3,1,3,1,1,1,0,3,2,0,0,0,0
0,0,2,0,0,0,0,0,1,3,3,1,3,1,1,0,0,2,2,3,0,0,0,0
2,0,0,0,0,0,0,0,0,3,1,3,1,0,0,0,0,0,0,0,0,0,0,0
0,2,3,0,0,0,0,2,2,1,3,1,2,2,0,0,2,3,2,0,0,0,0,0
0,0,2,2,0,0,0,0,0,2,2,2,0,0,0,0,0,0,0,0,0,0,0,0
SpriteSpeccyBlock,3,3,3
7,0,1,7,0,1,7,0,1
7,0,1,7,0,1,7,0,1
7,0,1,7,0,1,7,0,1
SpriteAttribs,3,0,0,0
SpriteBitmapBlock,4,24,24
1,2,0,0,0,0,0,0,0,0,0,1,2,0,0,0,0,0,0,0,0,0,2,1
2,1,2,0,0,0,0,0,0,0,1,2,2,2,0,0,0,0,0,0,0,2,1,2
0,2,1,2,2,0,0,0,0,0,2,1,2,2,0,0,0,0,0,1,2,1,2,0
0,1,2,1,2,2,0,0,0,2,1,2,2,2,2,0,0,0,1,2,1,2,2,0
0,2,1,2,1,2,2,2,0,1,2,1,2,2,2,0,2,1,2,1,2,2,2,0
0,0,2,1,2,2,3,3,2,2,1,2,2,2,2,2,3,3,1,2,2,2,0,0
0,0,1,2,1,3,0,0,3,1,2,1,2,2,2,3,0,0,3,2,2,2,0,0
0,0,2,1,3,0,0,0,0,3,2,2,2,2,3,0,0,0,0,3,2,2,0,0
0,0,0,2,3,0,0,0,0,3,2,2,2,2,3,0,0,0,0,3,2,0,0,0
0,0,0,2,2,3,0,0,3,2,2,2,2,2,2,3,0,0,3,2,2,0,0,0
0,0,0,0,2,2,3,3,2,2,2,2,2,2,2,2,3,3,2,2,0,0,0,0
0,0,0,0,0,2,2,2,2,2,0,1,0,1,2,2,2,2,2,0,0,0,0,0
0,0,0,0,0,2,2,2,2,0,1,0,1,0,1,2,2,2,2,0,0,0,0,0
0,0,0,0,2,2,2,2,0,1,0,1,0,1,1,1,2,2,2,2,0,0,0,0
0,0,0,2,2,2,2,0,1,0,1,0,1,1,1,1,1,2,2,2,2,0,0,0
0,0,2,1,2,1,2,1,0,1,0,1,1,1,1,1,1,2,1,2,2,2,0,0
0,0,1,2,1,2,2,2,1,0,1,0,1,1,1,1,2,1,2,1,2,2,0,0
0,1,2,1,2,1,2,2,0,1,0,1,1,1,1,1,2,2,1,2,1,2,2,0
0,2,1,2,1,2,0,0,0,0,1,0,1,1,1,0,0,0,2,1,2,1,2,0
2,1,2,1,0,0,0,0,0,1,0,0,0,1,1,0,0,0,0,0,1,2,1,2
1,2,0,0,0,0,0,0,0,0,0,0,0,0,1,0,0,0,0,0,0,0,2,1
0,0,0,0,0,0,0,0,1,0,0,0,0,0,0,1,0,0,0,0,0,0,0,0
0,0,0,0,0,0,0,0,0,1,0,0,0,0,1,0,0,0,0,0,0,0,0,0
0,0,0,0,0,0,0,0,0,0,1,1,1,1,0,0,0,0,0,0,0,0,0,0
SpriteSpeccyBlock,4,3,3
7,0,1,7,0,1,7,0,1
7,0,1,7,0,1,7,0,1
7,0,1,7,0,1,7,0,1
SpriteAttribs,4,0,0,0
SpriteBitmapBlock,5,31,24
0,0,0,0,0,0,0,0,0,0,0,0,1,0,0,0,0,0,0,0,0,0,0,0
0,0,0,0,0,0,0,1,0,0,0,1,1,0,0,0,0,0,0,0,0,0,0,0
0,0,0,0,0,0,1,1,0,0,1,1,1,0,0,0,0,0,0,0,0,0,0,0
0,0,0,0,0,1,1,1,2,2,2,2,1,0,0,0,0,0,0,0,0,0,0,0
0,0,0,2,2,2,2,2,2,2,2,2,2,0,0,0,0,1,0,0,0,0,0,2
0,0,2,2,2,3,0,2,2,2,2,2,2,2,0,0,0,1,0,0,0,0,0,2
0,2,2,2,3,3,0,2,2,2,2,2,2,2,2,0,1,1,0,0,0,0,2,2
2,2,2,2,2,2,2,2,2,2,2,2,1,2,2,2,1,0,0,0,0,0,2,2
2,2,2,2,2,2,2,2,2,2,2,1,1,2,2,2,1,1,0,0,0,2,2,0
3,3,3,3,3,3,3,2,2,2,1,1,2,2,2,2,2,1,0,0,0,2,2,0
2,2,2,2,2,2,2,2,2,2,2,1,1,2,2,2,2,1,0,0,0,2,2,0
0,2,2,2,2,2,2,2,2,2,2,2,1,2,2,2,2,2,0,0,0,2,2,0
0,0,0,2,2,2,2,2,2,2,2,2,2,2,2,2,1,2,0,0,2,2,2,0
0,0,0,0,0,2,2,2,2,2,2,2,2,2,2,1,1,2,2,0,2,2,0,0
0,0,0,0,0,0,0,1,2,2,2,2,2,2,1,1,2,2,2,0,2,2,0,0
0,0,0,0,0,0,1,1,2,2,2,2,1,1,1,1,2,2,2,2,2,0,0,0
0,0,0,0,0,1,1,1,2,2,2,2,2,2,1,1,2,2,2,2,2,0,0,0
0,0,0,2,2,2,2,2,2,2,2,2,2,2,2,1,1,2,0,0,2,2,0,0
0,0,2,2,2,3,0,2,2,2,2,2,2,2,2,2,1,0,2,0,2,2,0,0
0,2,2,2,3,3,0,2,2,2,2,2,2,2,0,2,0,2,0,0,2,2,2,0
2,2,2,2,2,2,2,2,2,2,2,2,1,0,2,0,2,0,0,0,0,2,2,0
2,2,2,2,2,2,2,2,2,2,2,1,1,2,0,2,0,1,0,0,0,2,2,0
3,3,3,3,3,3,3,2,2,2,1,1,2,0,2,0,2,1,0,0,0,2,2,0
2,2,2,2,2,2,2,2,0,2,0,1,1,2,0,2,1,1,0,0,0,2,2,0
0,2,2,2,2,2,2,0,2,0,2,0,1,0,2,0,1,0,0,0,0,0,2,2
0,0,0,2,2,2,0,2,0,2,0,2,0,2,0,0,1,1,0,0,0,0,2,2
0,0,0,0,2,0,2,0,2,0,2,0,2,0,0,0,0,1,0,0,0,0,0,2
0,0,0,0,0,0,0,2,0,2,0,2,0,0,0,0,0,1,0,0,0,0,0,2
0,0,0,0,0,0,0,0,0,0,1,1,1,0,0,0,0,0,0,0,0,0,0,0
0,0,0,0,0,0,0,0,0,0,0,1,1,0,0,0,0,0,0,0,0,0,0,0
0,0,0,0,0,0,0,0,0,0,0,0,1,0,0,0,0,0,0,0,0,0,0,0
SpriteSpeccyBlock,5,4,3
7,0,1,7,0,1,7,0,1
7,0,1,7,0,1,7,0,1
7,0,1,7,0,1,7,0,1
7,0,1,7,0,1,7,0,1
SpriteAttribs,5,0,0,0
SpriteBitmapBlock,6,24,24
0,0,0,0,0,0,0,0,0,3,3,3,3,3,3,0,0,0,0,0,0,0,0,0
0,0,0,0,0,0,0,3,3,0,0,0,0,0,0,3,3,0,0,0,0,0,0,0
0,0,0,0,0,0,3,0,0,0,0,0,0,0,0,0,0,3,0,0,0,0,0,0
0,0,0,0,0,3,0,0,0,0,0,0,0,0,0,0,0,0,3,0,0,0,0,0
0,0,0,0,3,0,0,0,0,0,0,0,0,3,3,0,0,0,0,3,0,0,0,0
0,0,0,3,0,0,0,0,0,0,0,0,0,0,0,3,0,0,0,0,3,0,0,0
0,0,3,0,0,0,0,0,0,0,0,0,0,0,0,0,3,0,0,0,0,3,0,0
0,3,0,0,0,0,0,0,0,0,0,0,0,0,0,0,0,3,0,0,0,0,3,0
0,3,0,0,0,0,0,0,0,0,0,0,0,0,0,0,0,0,3,0,0,0,3,0
3,0,0,0,1,0,0,0,0,0,0,0,0,0,0,0,0,0,3,0,0,0,0,3
3,0,0,1,1,1,0,0,0,0,0,0,0,0,0,0,0,0,0,0,0,0,0,3
3,0,0,1,1,1,1,0,0,0,0,0,0,0,0,0,0,0,0,0,0,0,0,3
3,0,0,1,1,1,1,1,0,0,0,0,0,0,0,0,0,0,0,0,0,0,0,3
3,0,0,1,1,1,1,1,1,1,1,0,0,0,0,0,0,0,0,0,0,0,0,3
3,0,0,1,1,1,1,1,1,1,2,1,2,1,0,0,0,0,0,0,0,0,0,3
0,3,0,0,1,1,2,1,1,1,1,2,1,1,1,1,1,1,1,1,0,0,3,0
0,3,0,0,0,2,1,2,1,1,1,1,1,1,1,1,1,1,1,0,0,0,3,0
0,0,3,0,0,0,2,1,1,1,1,1,1,1,1,1,1,1,0,0,0,3,0,0
0,0,0,3,0,0,0,1,1,1,1,1,1,1,1,1,1,1,0,0,3,0,0,0
0,0,0,0,3,0,0,0,1,1,1,1,2,1,1,1,0,0,0,3,0,0,0,0
0,0,0,0,0,3,0,0,0,0,1,2,1,2,0,0,0,0,3,0,0,0,0,0
0,0,0,0,0,0,3,0,0,0,0,0,0,0,0,0,0,3,0,0,0,0,0,0
0,0,0,0,0,0,0,3,3,0,0,0,0,0,0,3,3,0,0,0,0,0,0,0
0,0,0,0,0,0,0,0,0,3,3,3,3,3,3,0,0,0,0,0,0,0,0,0
SpriteSpeccyBlock,6,3,3
7,0,1,7,0,1,7,0,1
7,0,1,7,0,1,7,0,1
7,0,1,7,0,1,7,0,1
SpriteAttribs,6,0,0,0
SpriteBitmapBlock,7,16,16
0,0,0,0,0,0,3,3,3,3,0,0,0,0,0,0
0,0,0,0,3,3,0,0,0,0,3,3,0,0,0,0
0,0,0,3,0,0,0,0,0,0,0,0,3,0,0,0
0,0,3,0,0,0,0,0,3,3,0,0,0,3,0,0
0,3,0,0,0,0,0,0,0,0,3,0,0,0,3,0
0,3,0,0,0,0,0,0,0,0,0,3,0,0,3,0
3,0,0,1,1,0,0,0,0,0,0,0,3,0,0,3
3,0,0,1,1,1,0,0,0,0,0,0,3,0,0,3
3,0,0,1,1,1,1,0,0,0,0,0,0,0,0,3
3,0,0,1,1,1,1,1,1,1,0,0,0,0,0,3
0,3,0,0,1,1,1,2,1,1,1,1,0,0,3,0
0,3,0,0,0,1,2,1,2,1,1,0,0,0,3,0
0,0,3,0,0,0,1,2,1,1,0,0,0,3,0,0
0,0,0,3,0,0,0,0,0,0,0,0,3,0,0,0
0,0,0,0,3,3,0,0,0,0,3,3,0,0,0,0
0,0,0,0,0,0,3,3,3,3,0,0,0,0,0,0
SpriteSpeccyBlock,7,2,2
7,0,1,7,0,1
7,0,1,7,0,1
SpriteAttribs,7,0,0,0
SpriteBitmapBlock,8,31,32
0,0,0,0,0,0,0,0,0,0,0,0,0,0,0,0,0,0,3,0,0,0,0,0,0,0,0,0,0,0,0,0
0,0,0,0,0,0,0,0,0,0,0,0,0,0,0,0,0,3,0,3,0,0,0,0,0,0,0,0,0,0,0,0
0,0,0,0,0,0,0,0,0,0,0,0,3,3,3,3,3,3,0,3,0,0,0,0,0,0,0,0,0,0,0,0
0,0,0,0,0,0,3,0,0,0,3,3,0,0,0,0,0,3,0,3,3,3,0,0,0,0,0,0,0,0,0,0
0,0,0,0,0,0,0,3,3,3,0,0,0,0,0,1,0,3,0,3,0,0,3,0,0,0,0,0,0,0,0,0
0,0,0,0,0,0,0,3,0,3,0,0,0,0,0,0,0,0,0,1,0,0,0,3,0,0,0,3,0,0,0,0
0,0,0,0,0,0,0,3,3,0,3,0,0,1,0,0,0,1,0,0,0,0,0,0,3,3,3,0,0,0,0,0
0,0,0,0,0,0,3,0,0,3,0,0,0,0,0,1,0,0,0,1,0,0,0,0,3,0,3,0,0,0,0,0
0,0,0,0,0,3,2,0,0,0,0,0,0,1,0,0,0,0,2,0,0,0,0,3,0,0,3,0,0,0,0,0
0,0,0,0,3,0,1,2,0,0,0,1,0,0,0,0,0,2,1,0,0,0,0,1,0,3,0,3,0,0,0,0
0,0,0,3,0,0,1,1,2,0,0,0,0,0,0,0,2,1,1,0,1,0,0,0,3,0,0,0,3,0,0,0
0,0,0,3,0,0,1,1,1,2,0,0,0,0,0,2,1,1,1,0,0,0,1,0,0,0,0,0,3,0,0,0
0,0,3,0,0,0,1,1,3,3,2,0,0,0,2,3,3,1,1,0,1,0,0,0,1,0,0,0,0,3,0,0
0,0,3,0,0,0,0,1,3,3,2,0,0,0,2,3,3,1,0,0,0,0,0,1,0,2,3,2,0,3,0,0
0,0,3,0,0,0,0,0,0,0,0,0,1,0,0,0,0,0,0,1,0,0,0,3,2,3,0,0,0,3,0,0
0,0,3,0,1,0,0,0,0,1,0,0,0,0,0,0,1,0,0,0,0,0,3,2,3,2,3,0,0,3,0,0
0,3,3,3,0,0,1,0,0,0,0,1,1,0,0,0,0,0,1,0,0,3,2,3,2,0,0,0,3,3,3,0
3,0,0,0,1,0,0,0,0,0,3,3,3,3,0,0,1,0,0,0,3,2,3,2,3,2,0,0,0,0,0,3
0,3,3,3,0,0,0,1,0,3,3,0,0,3,3,0,0,0,1,0,0,3,2,3,2,0,0,0,3,3,3,0
0,0,3,0,1,0,0,0,3,3,0,0,0,0,3,3,0,1,0,0,0,0,3,2,3,2,3,0,0,3,0,0
0,0,0,3,0,1,0,0,3,3,0,0,0,0,3,3,0,0,0,0,0,0,0,3,2,3,0,0,3,0,0,0
0,0,0,3,0,0,0,1,0,3,3,0,0,3,3,0,0,0,1,0,1,0,0,0,0,2,3,2,3,0,0,0
0,0,0,0,3,0,0,0,0,0,3,3,3,3,0,0,1,0,0,0,0,1,0,0,0,0,0,3,0,0,0,0
0,0,0,0,0,3,0,0,0,0,0,0,1,0,0,0,0,0,0,1,0,0,0,1,0,0,3,0,0,0,0,0
0,0,0,0,0,0,3,0,0,3,0,0,0,0,1,0,0,0,1,0,0,0,1,0,0,3,0,0,0,0,0,0
0,0,0,0,0,0,0,3,3,0,0,3,1,0,0,0,1,0,0,0,0,0,0,0,3,0,0,0,0,0,0,0
0,0,0,0,0,0,0,0,3,0,3,0,0,0,1,0,0,0,0,1,0,0,0,3,0,0,0,0,0,0,0,0
0,0,0,0,0,0,0,0,3,3,0,0,1,0,0,0,0,0,0,3,0,3,3,0,0,0,0,0,0,0,0,0
0,0,0,0,0,0,0,3,0,0,3,3,0,1,0,0,0,0,0,3,0,3,0,0,0,0,0,0,0,0,0,0
0,0,0,0,0,0,0,0,0,0,0,0,3,3,3,3,3,3,3,3,0,3,0,0,0,0,0,0,0,0,0,0
0,0,0,0,0,0,0,0,0,0,0,0,0,0,0,0,0,0,0,0,3,0,0,0,0,0,0,0,0,0,0,0
SpriteSpeccyBlock,8,4,4
7,0,1,7,0,1,7,0,1,7,0,1
7,0,1,7,0,1,7,0,1,7,0,1
7,0,1,7,0,1,7,0,1,7,0,1
7,0,1,7,0,1,7,0,1,7,0,1
SpriteAttribs,8,0,0,0
SpriteBitmapBlock,9,16,16
0,0,0,0,0,0,0,1,1,0,0,0,0,0,0,0
0,0,0,0,0,2,3,3,3,3,3,0,0,0,0,0
0,0,0,0,2,3,1,1,1,1,2,3,0,0,0,0
0,0,0,2,2,1,2,2,2,2,1,2,3,0,0,0
0,0,2,2,1,1,1,2,1,1,1,3,2,3,0,0
0,2,2,1,2,1,2,2,2,2,1,2,3,2,3,0
0,2,1,2,1,2,1,1,1,1,2,2,2,3,3,0
1,1,2,1,2,1,3,3,3,2,1,2,3,2,3,1
1,2,1,2,1,1,3,2,2,2,1,2,2,3,3,1
0,1,2,1,2,1,3,3,3,2,1,2,3,2,3,0
0,2,1,2,1,1,3,2,2,2,1,2,2,3,2,0
0,0,2,1,2,1,3,3,3,2,1,2,3,2,0,0
0,0,0,2,1,1,1,3,2,1,1,2,2,0,0,0
0,0,0,0,2,1,3,1,1,2,1,2,0,0,0,0
0,0,0,0,0,1,1,1,1,1,1,0,0,0,0,0
0,0,0,0,0,0,0,1,1,0,0,0,0,0,0,0
SpriteSpeccyBlock,9,2,2
7,0,1,7,0,1
7,0,1,7,0,1
SpriteAttribs,9,0,0,0
SpriteBitmapBlock,10,24,24
0,0,0,0,0,0,0,0,0,0,0,0,0,0,0,0,0,0,0,0,0,0,0,0
0,0,0,0,0,0,0,0,0,0,0,0,0,0,0,0,0,0,0,0,0,0,0,0
0,0,0,0,0,0,0,0,0,0,0,0,0,0,0,0,0,0,0,0,0,0,0,0
0,0,0,0,0,0,0,0,0,0,0,0,0,0,0,0,0,0,0,0,0,0,0,0
0,0,0,0,0,0,0,0,0,0,0,0,0,0,0,0,0,0,0,0,0,0,0,0
0,0,0,0,0,0,0,2,2,2,2,2,2,0,0,0,0,0,0,0,0,0,0,0
0,0,0,2,2,2,2,2,2,2,2,2,2,2,2,0,0,0,0,0,0,0,0,0
0,0,1,1,1,1,2,2,2,2,0,0,0,2,2,2,2,0,0,0,0,0,0,0
0,0,1,1,1,1,1,2,2,2,0,0,2,2,2,2,2,2,0,0,0,0,0,2
0,0,3,3,3,3,1,1,1,2,2,2,2,2,2,2,2,2,2,0,0,0,2,2
0,0,3,3,3,3,3,1,1,2,2,2,2,2,2,2,2,2,2,0,0,0,2,2
0,3,3,0,0,0,3,3,1,2,2,2,2,2,2,2,2,2,2,2,0,2,2,2
0,3,3,0,0,0,3,3,1,1,2,2,2,2,2,2,2,1,2,2,0,2,2,2
3,3,3,3,0,0,3,3,3,1,1,2,2,2,2,2,1,1,2,2,0,2,2,2
3,0,0,3,3,0,3,3,3,1,1,2,2,2,2,1,1,1,2,2,2,2,2,2
0,0,0,3,3,3,3,3,3,3,1,1,2,2,1,1,1,2,2,2,2,2,2,2
0,0,0,0,3,3,3,3,3,3,1,1,2,2,1,1,1,2,2,2,2,2,2,2
0,0,0,0,3,3,3,3,3,1,1,2,2,2,2,1,1,1,2,2,2,2,2,2
0,3,0,3,3,3,3,3,1,1,1,2,2,2,2,2,1,1,2,2,0,2,2,2
0,3,3,3,3,3,3,1,1,1,2,2,2,2,2,2,2,1,2,2,0,2,2,2
0,1,1,1,1,1,1,1,1,2,2,2,2,2,2,2,2,2,2,0,0,2,2,2
1,1,1,1,1,1,1,1,2,2,2,2,2,2,2,2,2,2,0,0,0,2,2,2
0,0,0,2,2,2,2,2,2,2,2,2,2,2,2,2,0,0,0,0,0,0,2,2
0,0,0,0,0,0,0,0,2,2,2,2,2,0,0,0,0,0,0,0,0,0,0,2
SpriteSpeccyBlock,10,3,3
7,0,1,7,0,1,7,0,1
7,0,1,7,0,1,7,0,1
7,0,1,7,0,1,7,0,1
SpriteAttribs,10,0,0,0
SpriteBitmapBlock,11,23,24
0,0,0,0,0,0,0,0,0,0,0,0,0,0,0,0,0,0,0,0,0,0,0,0
0,0,0,0,0,0,0,0,0,0,0,0,0,0,0,0,0,0,0,0,0,0,0,0
0,0,0,0,0,0,0,0,0,0,0,0,0,0,0,0,0,0,0,0,0,0,0,0
0,0,0,0,0,0,0,0,0,0,0,0,0,0,0,0,0,0,0,0,0,0,0,0
0,0,0,0,0,0,0,0,0,0,0,0,0,0,0,0,0,0,0,0,0,0,0,0
0,0,0,0,0,0,0,0,0,0,0,0,0,0,0,0,0,0,0,0,0,0,0,0
0,0,0,0,0,0,0,0,0,0,0,0,0,0,0,0,0,0,0,0,0,0,0,0
0,0,0,0,0,0,0,0,0,1,0,0,0,0,0,0,0,0,0,0,0,0,0,0
0,0,0,0,0,0,0,1,1,1,1,0,0,0,0,0,0,0,0,0,0,0,0,0
0,0,0,0,0,2,2,2,2,2,2,2,0,0,0,0,0,0,0,0,0,0,0,3
0,0,0,2,2,2,2,2,2,2,2,2,2,1,0,1,0,0,0,0,0,0,0,3
0,2,2,2,2,2,0,0,2,2,2,2,1,1,3,0,0,0,0,0,0,0,3,0
1,1,2,2,2,2,0,0,2,2,2,2,1,3,1,0,3,0,0,0,0,0,3,0
0,1,1,1,2,2,2,2,2,2,2,1,3,1,0,3,0,0,3,0,0,3,0,0
0,0,0,1,1,1,2,2,2,2,2,1,1,0,0,3,0,3,0,0,0,3,0,3
0,0,0,0,0,1,1,2,2,2,1,3,3,0,0,3,3,3,0,0,3,3,3,0
0,0,0,1,1,1,2,2,2,1,1,1,3,3,3,3,0,3,3,3,0,3,0,0
0,1,1,1,2,2,2,2,1,0,1,0,3,0,0,3,0,3,0,0,0,3,0,3
1,1,2,2,2,2,2,1,2,1,1,1,3,0,0,3,0,0,3,0,0,3,0,0
0,0,2,2,2,2,2,1,1,0,3,0,1,3,0,0,3,0,0,0,0,0,3,0
0,0,0,0,2,2,1,2,1,1,0,3,0,0,3,0,0,0,0,0,0,0,3,0
0,0,0,0,0,0,0,1,1,1,0,0,0,0,0,0,0,0,0,0,0,0,0,3
0,0,0,0,0,0,0,0,1,0,1,0,0,0,0,0,0,0,0,0,0,0,0,3
SpriteSpeccyBlock,11,3,3
7,0,1,7,0,1,7,0,1
7,0,1,7,0,1,7,0,1
7,0,1,7,0,1,7,0,1
SpriteAttribs,11,0,0,0
SpriteBitmapBlock,12,23,23
0,0,0,0,0,0,0,0,0,0,0,0,0,0,0,0,0,0,0,0,0,0,0
0,0,0,0,0,0,0,0,0,0,0,0,0,0,0,0,0,0,0,0,0,0,0
0,0,0,0,0,0,0,0,0,0,0,0,0,0,0,0,0,0,0,0,0,0,0
0,0,0,0,0,0,0,0,0,0,0,3,0,3,0,0,0,0,0,0,0,0,0
0,0,0,0,0,0,0,0,3,0,3,0,0,0,3,0,0,0,0,0,0,0,0
0,0,0,0,0,3,0,3,0,0,0,0,0,3,0,0,3,0,3,0,0,0,0
0,0,0,3,0,0,0,0,0,3,0,3,3,3,0,0,0,0,0,0,3,0,0
0,0,3,0,0,0,0,0,0,3,3,0,0,3,0,3,0,0,0,0,0,0,3
0,0,0,3,0,0,0,3,3,3,3,3,0,3,3,0,0,0,0,0,0,3,0
0,0,3,0,0,3,0,0,0,0,0,3,3,2,1,0,0,3,0,3,0,0,3
0,0,0,0,0,0,0,3,0,3,0,0,3,2,3,0,3,0,0,0,0,0,0
0,0,3,0,3,0,0,0,0,0,0,3,2,3,1,0,0,0,0,3,0,0,3
0,0,0,3,0,3,0,0,3,0,0,0,3,2,2,3,0,3,3,0,0,0,0
0,0,3,3,0,3,0,3,2,3,2,2,2,3,3,2,1,2,3,0,0,0,3
0,0,0,0,3,0,0,3,0,2,3,2,3,2,3,2,2,2,2,0,0,0,0
0,0,3,0,0,0,0,3,2,0,3,0,2,2,2,2,3,2,2,3,3,0,3
0,0,0,0,0,0,0,0,3,3,0,0,3,2,2,3,0,0,3,3,0,0,0
0,0,3,0,0,0,0,0,3,0,3,0,2,2,3,3,0,3,0,0,3,0,3
0,0,0,0,0,0,0,0,3,0,0,3,3,2,2,3,0,0,3,0,3,0,0
0,0,3,0,0,0,0,3,0,0,0,0,2,0,2,3,0,3,0,3,0,0,3
0,0,0,3,0,0,0,0,0,0,0,0,3,0,0,0,0,0,0,0,0,3,0
0,0,0,0,0,3,0,3,0,0,0,0,0,0,0,0,0,3,0,3,0,0,0
0,0,0,0,0,0,0,0,0,3,0,0,3,0,3,0,3,0,0,0,0,0,0
SpriteSpeccyBlock,12,3,3
7,0,1,7,0,1,7,0,1
7,0,1,7,0,1,7,0,1
7,0,1,7,0,1,7,0,1
SpriteAttribs,12,0,0,0
SpriteBitmapBlock,13,23,23
0,0,0,0,0,0,0,0,0,0,0,0,0,0,0,0,0,0,0,0,0,0,0
0,0,0,0,0,0,0,0,0,0,0,0,0,0,0,0,0,0,0,0,0,0,0
0,0,0,0,0,0,0,0,0,0,0,0,0,0,0,0,0,0,0,0,0,0,0
0,0,0,0,0,0,0,0,0,0,0,3,0,3,0,0,0,0,0,0,0,0,0
0,0,0,0,0,0,0,0,3,0,3,0,0,0,3,0,0,0,0,0,0,0,0
0,0,0,0,0,3,0,3,0,0,0,0,0,3,0,0,3,0,3,0,0,0,0
0,0,0,3,0,0,0,0,0,3,0,3,3,3,0,0,0,0,0,0,3,0,0
0,0,3,0,0,0,0,0,0,3,3,0,0,3,0,3,0,0,0,0,0,0,3
0,0,0,3,0,0,0,3,3,3,3,3,0,3,3,0,0,0,0,0,0,3,0
0,0,3,0,0,3,0,0,0,0,0,3,3,0,0,0,0,3,0,3,0,0,3
0,0,0,0,0,0,0,3,0,3,1,2,3,1,3,0,3,0,0,0,0,0,0
0,0,3,0,3,0,0,0,0,0,1,3,1,3,1,0,0,0,0,3,0,0,3
0,0,0,3,0,3,0,0,3,1,0,1,3,1,1,3,0,3,3,0,0,0,0
0,0,3,3,0,3,0,3,0,3,1,0,1,3,3,0,0,0,3,0,0,0,3
0,0,0,0,3,0,0,3,0,0,3,1,3,0,3,0,0,0,0,0,0,0,0
0,0,3,0,0,0,0,3,1,1,3,0,0,0,0,1,3,0,0,3,3,0,3
0,0,0,0,0,0,0,1,3,3,1,0,3,0,1,3,2,1,3,3,0,0,0
0,0,3,0,0,0,0,1,3,1,3,1,0,0,3,3,1,3,1,0,3,0,3
0,0,0,0,0,0,1,0,3,1,1,3,3,1,0,3,1,1,3,0,3,0,0
0,0,3,0,0,0,0,3,0,1,1,0,0,0,1,3,1,3,0,3,0,0,3
0,0,0,3,0,0,0,0,1,0,0,0,3,0,0,1,0,0,0,0,0,3,0
0,0,0,0,0,3,0,3,0,0,0,0,0,0,0,0,0,3,0,3,0,0,0
0,0,0,0,0,0,0,0,0,3,0,0,3,0,3,0,3,0,0,0,0,0,0
SpriteSpeccyBlock,13,3,3
7,0,1,7,0,1,7,0,1
7,0,1,7,0,1,7,0,1
7,0,1,7,0,1,7,0,1
SpriteAttribs,13,0,0,0
SpriteBitmapBlock,14,23,23
0,0,0,0,0,0,0,0,0,0,0,0,0,0,0,0,0,0,0,0,0,0,0
0,0,0,0,0,0,0,0,0,0,0,0,0,0,0,0,0,0,0,0,0,0,0
0,0,0,0,0,0,0,0,0,0,0,0,0,0,0,0,0,0,0,0,0,0,0
0,0,0,0,0,0,0,0,0,0,0,3,0,3,0,0,0,0,0,0,0,0,0
0,0,0,0,0,0,0,0,3,0,3,0,0,0,3,0,0,0,0,0,0,0,0
0,0,0,0,0,3,0,3,0,0,0,0,0,3,0,0,3,0,3,0,0,0,0
0,0,0,3,0,0,0,0,0,3,0,3,3,3,0,0,0,0,0,0,3,0,0
0,0,3,0,0,0,0,0,0,3,3,0,0,3,0,3,0,0,0,0,0,0,3
0,0,0,3,0,0,0,3,3,3,3,3,2,3,3,0,0,0,0,0,0,3,0
0,0,3,0,0,3,0,0,0,0,0,3,3,0,0,0,0,3,0,3,0,0,3
0,0,0,0,0,0,0,3,0,3,0,2,3,2,3,0,3,0,0,0,0,0,0
0,0,3,0,3,0,0,0,0,0,0,3,2,3,0,0,0,0,0,3,0,0,3
0,0,0,3,0,3,0,2,3,2,2,2,3,2,2,3,2,3,3,0,0,0,0
0,0,3,3,0,3,0,3,2,3,2,2,2,3,3,2,2,2,3,0,0,0,3
0,0,0,0,3,0,0,3,0,2,3,2,3,2,3,2,2,0,0,0,0,0,0
0,0,3,0,0,0,0,3,0,0,3,1,2,1,2,1,3,0,0,3,3,0,3
0,0,0,0,0,0,0,0,3,3,1,2,3,2,1,3,0,0,3,3,0,0,0
0,0,3,0,0,0,0,0,3,1,3,1,0,0,3,3,2,3,0,0,3,0,3
0,0,0,0,0,0,0,0,3,2,1,3,3,0,0,3,1,0,3,0,3,0,0
0,0,3,0,0,0,0,3,0,0,0,0,0,0,0,3,0,3,0,3,0,0,3
0,0,0,3,0,0,0,0,0,0,0,0,3,0,0,0,0,0,0,0,0,3,0
0,0,0,0,0,3,0,3,0,0,0,0,0,0,0,0,0,3,0,3,0,0,0
0,0,0,0,0,0,0,0,0,3,0,0,3,0,3,0,3,0,0,0,0,0,0
SpriteSpeccyBlock,14,3,3
7,0,1,7,0,1,7,0,1
7,0,1,7,0,1,7,0,1
7,0,1,7,0,1,7,0,1
SpriteAttribs,14,0,0,0
SpriteBitmapBlock,15,7,23
0,0,0,0,0,0,0,0,0,0,0,0,0,0,0,0,0,0,0,0,0,0,0
0,0,0,0,0,0,1,1,1,0,0,0,0,0,0,1,0,0,0,0,0,0,0
0,0,0,0,0,1,2,3,2,1,0,0,0,0,0,1,1,0,0,0,0,0,0
0,0,0,1,3,2,0,0,3,2,1,0,0,0,0,0,1,2,0,0,0,0,0
0,0,1,3,2,0,0,0,0,3,2,1,1,0,0,0,0,2,3,2,0,0,0
0,1,1,2,0,0,0,0,0,0,0,2,2,1,1,0,0,0,1,3,3,2,2
0,0,0,0,0,0,0,0,0,0,0,0,0,0,0,0,0,0,0,1,1,0,0
SpriteSpeccyBlock,15,1,3
7,0,1,7,0,1,7,0,1
SpriteAttribs,15,0,0,0
SpriteBitmapBlock,16,7,23
0,0,0,0,0,0,0,0,0,0,0,0,0,0,0,0,0,0,0,0,0,0,0
0,0,0,0,0,0,0,0,0,0,0,0,0,0,0,0,0,0,0,0,0,0,0
0,0,0,0,0,0,0,0,0,0,0,0,0,0,0,0,0,0,0,0,0,0,0
0,0,0,0,0,0,1,3,3,2,2,2,1,0,0,0,0,0,0,0,0,0,0
1,1,0,0,0,2,3,3,1,1,0,0,2,2,0,0,0,0,0,1,1,2,2
0,1,1,2,2,1,1,1,0,0,0,0,0,2,3,0,1,1,3,3,2,0,0
0,0,0,0,0,0,0,0,0,0,0,0,0,1,1,3,3,3,2,0,0,0,0
SpriteSpeccyBlock,16,1,3
7,0,1,7,0,1,7,0,1
SpriteAttribs,16,0,0,0
SpriteBitmapBlock,17,8,23
0,0,0,0,0,0,0,0,0,0,0,0,0,0,0,0,0,0,0,0,0,0,0
0,0,0,0,0,0,0,0,0,3,3,2,2,0,0,0,0,0,0,0,0,0,0
0,0,0,0,0,2,3,3,3,1,0,0,0,0,0,0,1,1,1,1,1,0,0
0,0,0,2,3,3,1,0,0,0,0,0,0,0,0,0,0,0,2,2,2,1,0
0,0,1,3,1,0,0,0,0,0,0,0,0,0,0,0,0,0,0,0,2,3,2
0,0,1,3,2,2,0,0,0,0,0,0,0,0,0,0,0,0,0,0,1,3,2
0,0,0,0,1,2,2,2,2,2,1,1,1,0,0,0,0,1,1,1,3,2,1
0,0,0,0,0,0,1,1,1,1,0,0,0,0,0,1,1,1,2,2,3,0,0
SpriteSpeccyBlock,17,1,3
7,0,1,7,0,1,7,0,1
SpriteAttribs,17,0,0,0
SpriteBitmapBlock,18,24,23
0,0,0,0,0,0,0,0,0,0,0,1,1,0,0,0,0,0,0,0,0,0,0
0,0,0,0,0,0,0,0,0,0,1,3,1,1,0,0,0,0,0,0,0,0,0
0,0,0,0,0,0,0,0,0,1,1,3,1,1,1,0,0,0,0,0,0,0,0
0,0,0,0,0,0,0,0,0,1,1,3,1,1,1,0,0,0,0,0,0,0,0
0,0,0,0,0,0,0,0,1,1,1,3,1,1,1,0,0,0,0,0,0,0,0
0,0,0,0,0,0,0,0,1,1,1,3,1,1,1,0,0,0,0,0,0,0,0
0,0,0,0,0,0,0,0,0,1,1,1,3,1,1,0,0,0,0,0,0,0,0
0,0,0,1,1,0,0,0,0,1,1,1,3,1,1,0,0,0,0,1,0,0,0
0,0,1,1,1,0,0,0,0,1,1,1,1,1,0,0,0,0,0,1,1,0,0
0,1,1,3,1,0,0,0,0,1,1,1,1,1,0,0,0,0,0,3,1,0,0
0,1,3,1,0,0,0,0,0,1,1,1,1,1,0,0,0,0,0,3,1,1,0
0,1,3,1,0,0,0,0,0,1,1,1,1,1,0,0,0,0,1,1,3,1,0
0,1,3,1,0,0,0,0,0,1,1,3,1,1,0,0,0,0,1,1,3,1,0
0,1,1,1,1,0,0,0,0,1,1,3,1,1,1,0,0,0,1,1,1,1,1
0,1,1,1,1,1,0,0,0,1,1,1,3,1,1,0,0,0,0,0,1,3,1
0,1,1,1,1,1,0,0,0,0,1,1,3,1,1,1,0,0,0,0,1,3,1
0,1,1,3,1,1,1,0,0,0,1,1,3,1,1,1,0,0,0,0,1,3,1
0,0,1,1,3,1,1,1,0,0,1,1,3,1,1,1,0,0,0,0,1,3,1
0,0,1,1,1,3,1,1,0,0,1,1,3,1,1,0,0,0,1,1,1,1,1
0,0,0,0,1,1,1,1,0,1,1,3,1,1,1,0,0,0,1,1,1,1,1
0,0,0,0,1,1,1,1,1,1,1,3,1,1,1,1,1,1,1,3,1,1,0
0,0,0,0,0,1,1,3,1,1,1,1,1,1,1,3,3,3,3,1,1,0,0
0,0,0,0,0,1,1,1,3,1,1,1,1,1,3,1,1,1,1,1,0,0,0
0,0,0,0,0,1,1,1,1,1,1,1,1,1,1,1,1,1,0,0,0,0,0
SpriteSpeccyBlock,18,3,3
7,0,1,7,0,1,7,0,1
7,0,1,7,0,1,7,0,1
7,0,1,7,0,1,7,0,1
SpriteAttribs,18,0,0,0
SpriteBitmapBlock,19,24,22
0,0,0,0,0,0,0,0,0,0,0,0,0,0,0,0,0,0,1,1,1,0
0,0,0,0,0,0,0,0,0,0,0,0,0,0,0,0,0,1,1,1,1,1
0,0,0,0,0,0,0,0,0,0,0,0,0,0,0,0,1,1,1,3,1,1
0,0,0,0,0,0,0,0,0,0,0,0,0,0,0,0,1,1,1,3,1,1
0,0,0,0,0,0,0,0,0,0,0,0,0,0,0,0,1,1,1,1,1,0
0,0,0,0,0,0,0,0,0,0,0,0,0,0,0,1,1,1,1,1,1,0
0,0,0,0,0,0,0,0,0,0,0,0,0,0,0,1,1,3,1,1,1,0
0,0,0,0,0,0,0,0,0,0,0,0,0,0,1,1,1,1,1,1,0,0
0,0,0,0,0,0,0,0,0,0,0,0,0,0,1,1,1,1,1,0,0,0
0,0,0,0,1,1,0,0,0,0,0,0,0,0,1,1,3,1,1,0,0,0
0,0,0,1,1,1,1,0,0,0,0,0,0,0,1,1,3,1,1,0,0,0
0,0,0,1,1,3,1,0,0,0,0,0,0,0,1,1,3,1,1,0,0,0
0,0,0,1,1,1,1,1,0,0,0,0,0,0,1,1,3,1,1,0,0,0
0,0,0,0,1,1,1,1,0,0,0,0,0,0,1,1,1,1,1,1,0,0
0,0,0,0,1,1,1,1,1,0,0,0,0,0,1,1,1,3,1,1,0,0
0,0,0,0,0,1,3,1,1,0,0,0,0,0,0,1,1,3,1,1,0,0
0,0,0,0,0,1,3,1,1,0,0,0,0,0,0,1,1,1,1,1,0,0
0,0,0,0,0,1,3,1,1,0,0,0,0,0,0,0,1,1,1,1,1,0
0,0,0,0,0,1,1,1,1,0,0,0,0,0,0,0,1,1,3,1,1,0
0,0,0,0,1,1,1,1,0,0,0,0,0,0,0,0,1,1,3,1,1,0
0,0,0,1,1,3,1,1,0,0,0,0,0,0,0,1,1,1,1,1,1,0
0,0,1,1,3,1,1,0,0,0,0,0,0,0,0,1,1,1,1,1,1,0
0,1,1,1,1,1,0,0,0,0,0,0,0,0,1,1,1,3,1,1,0,0
0,1,1,3,1,0,0,0,0,0,0,0,0,0,1,1,3,1,1,0,0,0
SpriteSpeccyBlock,19,3,3
7,0,1,7,0,1,7,0,1
7,0,1,7,0,1,7,0,1
7,0,1,7,0,1,7,0,1
SpriteAttribs,19,0,0,0
SpriteBitmapBlock,20,24,24
0,0,0,0,0,0,0,0,0,0,0,0,0,0,0,0,0,0,0,0,0,0,0,0
0,0,0,0,0,0,0,0,0,0,0,0,0,0,0,0,0,0,0,0,0,0,0,0
0,0,0,2,0,2,0,2,0,0,0,0,0,2,0,0,2,0,0,0,2,0,0,0
0,0,2,2,0,0,2,2,2,0,0,0,0,0,2,2,0,0,2,0,2,2,0,2
0,2,3,2,2,2,3,2,0,0,0,0,0,2,0,2,2,0,0,2,3,2,2,0
0,0,0,2,3,2,2,2,0,2,0,0,0,0,2,0,2,3,2,2,2,2,2,2
0,0,2,2,2,3,2,2,2,2,2,0,0,0,0,0,0,2,2,3,2,2,0,0
0,0,2,0,0,2,2,3,3,2,0,0,2,0,0,2,2,3,2,2,2,0,2,0
0,0,0,0,2,0,2,2,2,2,2,2,2,2,0,3,2,2,2,2,0,0,0,0
0,0,0,0,0,0,0,2,3,2,2,3,2,2,2,2,2,2,2,0,2,2,0,0
0,0,0,0,0,0,0,0,2,2,2,2,2,3,3,2,2,2,0,0,0,0,0,0
0,0,0,3,2,0,0,2,2,3,2,2,2,2,2,3,2,2,0,2,0,0,0,0
0,0,0,0,0,0,2,2,2,2,2,2,3,2,2,2,2,0,0,0,0,0,0,0
0,0,2,2,0,2,2,3,2,3,2,2,2,2,2,2,3,2,0,2,0,0,0,0
0,0,0,0,3,2,2,3,2,2,2,3,2,3,3,2,3,2,2,0,2,2,0,0
0,2,0,2,2,2,0,0,0,0,2,2,2,2,2,0,0,2,2,2,0,0,0,0
0,2,0,0,2,0,2,2,0,0,2,2,3,2,2,0,2,2,3,2,0,2,0,0
0,0,0,2,2,0,2,0,0,0,0,2,2,2,2,0,0,2,2,0,0,0,0,0
0,0,0,0,0,0,0,0,0,0,0,2,2,3,0,0,0,0,0,2,2,0,0,0
0,0,0,0,0,0,0,0,0,0,0,2,2,2,0,0,0,2,0,0,0,0,0,0
0,0,0,0,0,0,0,0,0,0,2,2,2,3,0,0,0,0,0,0,0,0,0,0
0,0,0,0,0,0,0,0,0,0,0,2,2,2,2,0,0,0,0,0,0,0,0,0
0,0,0,0,0,0,0,0,0,0,2,2,2,3,0,0,0,0,0,0,0,0,0,0
0,0,0,0,0,0,0,0,0,0,0,2,2,2,0,0,0,0,0,0,0,0,0,0
SpriteSpeccyBlock,20,3,3
7,0,1,7,0,1,7,0,1
7,0,1,7,0,1,7,0,1
7,0,1,7,0,1,7,0,1
SpriteAttribs,20,0,0,0
SpriteBitmapBlock,21,24,22
0,0,0,0,0,0,0,0,0,0,0,0,0,0,0,0,0,0,0,0,2,0
0,0,0,0,0,0,0,0,0,0,0,0,0,0,0,0,0,2,0,2,2,2
0,0,0,0,0,0,0,0,0,0,0,0,0,0,0,0,0,2,2,2,2,0
0,0,0,0,0,0,0,0,0,0,0,0,0,0,2,0,2,2,3,2,0,0
0,0,0,0,0,0,0,0,0,0,0,0,0,0,0,2,2,2,2,0,2,0
0,0,0,0,0,0,0,0,0,0,0,0,0,0,2,3,2,2,0,0,0,0
0,0,0,0,0,0,0,0,0,0,0,0,2,3,2,2,2,0,0,0,0,0
0,0,0,0,0,0,0,0,0,0,0,0,0,2,2,2,2,0,0,0,0,0
0,0,0,0,0,0,0,0,0,0,0,0,2,2,2,3,2,2,0,0,0,0
0,0,0,0,0,0,0,0,0,0,0,2,2,3,2,2,2,0,0,0,0,0
0,0,0,2,0,0,0,0,0,0,0,0,2,2,2,2,0,0,0,0,0,0
0,0,2,3,2,0,0,0,0,0,0,0,2,2,3,2,2,0,0,0,0,0
0,2,2,2,2,2,0,2,0,0,2,2,2,2,2,2,2,0,0,0,0,0
2,2,3,2,3,2,2,2,0,0,0,2,3,2,2,2,0,0,0,0,0,0
0,0,2,2,2,2,2,3,2,0,0,2,2,2,2,0,0,0,0,0,0,0
0,0,0,2,2,3,2,2,2,2,0,2,2,3,2,0,0,0,0,0,0,0
0,0,0,2,0,2,2,3,2,2,2,3,2,2,2,2,0,0,0,0,0,0
0,0,0,0,0,0,2,2,2,3,2,2,2,2,2,0,0,0,0,0,0,0
0,0,0,0,0,2,0,2,2,2,2,2,3,2,2,0,0,0,0,0,0,0
0,0,0,0,0,0,0,0,2,2,2,2,2,2,3,2,2,0,0,0,0,0
0,0,0,0,0,0,0,2,2,2,3,2,2,2,2,2,0,0,0,0,0,0
0,0,0,0,0,0,0,0,0,2,2,2,3,2,2,2,0,0,0,0,0,0
0,0,0,0,0,0,0,0,2,2,2,2,2,2,2,2,2,0,0,0,0,0
0,0,0,0,0,0,0,0,0,0,2,3,2,2,3,2,0,0,0,0,0,0
SpriteSpeccyBlock,21,3,3
7,0,1,7,0,1,7,0,1
7,0,1,7,0,1,7,0,1
7,0,1,7,0,1,7,0,1
SpriteAttribs,21,0,0,0
SpriteBitmapBlock,22,24,24
0,0,0,0,0,0,0,0,0,0,0,0,0,0,0,0,0,0,0,0,0,0,0,0
0,0,0,0,0,0,0,0,0,0,0,0,0,0,0,0,0,0,0,0,0,0,0,0
0,0,0,0,0,0,0,0,0,0,0,0,0,0,0,0,0,0,0,0,0,0,0,0
0,0,0,0,0,0,0,0,0,0,0,0,0,0,0,0,0,0,0,0,0,0,0,0
0,0,0,0,0,0,0,0,0,0,0,0,0,0,0,0,0,0,0,0,0,0,0,0
0,0,0,0,0,0,0,0,0,0,0,2,2,2,2,2,2,0,0,0,0,0,0,0
0,0,0,0,0,0,0,0,0,2,2,2,2,2,2,2,2,2,2,2,2,0,0,0
0,0,0,0,0,0,0,2,2,2,2,0,0,0,2,2,2,2,1,1,1,1,0,0
2,0,0,0,0,0,2,2,2,2,2,2,0,0,2,2,2,1,1,1,1,1,0,0
2,2,0,0,0,2,2,2,2,2,2,2,2,2,2,1,1,1,3,3,3,3,0,0
2,2,0,0,0,2,2,2,2,2,2,2,2,2,2,1,1,3,3,3,3,3,0,0
2,2,2,0,2,2,2,2,2,2,2,2,2,2,2,1,3,3,0,0,0,3,3,0
2,2,2,0,2,2,1,2,2,2,2,2,2,2,1,1,3,3,0,0,0,3,3,0
2,2,2,0,2,2,1,1,2,2,2,2,2,1,1,3,3,3,0,0,3,3,3,3
2,2,2,2,2,2,1,1,1,2,2,2,2,1,1,3,3,3,0,3,3,0,0,3
2,2,2,2,2,2,2,1,1,1,2,2,1,1,3,3,3,3,3,3,3,0,0,0
2,2,2,2,2,2,2,1,1,1,2,2,1,1,3,3,3,3,3,3,0,0,0,0
2,2,2,2,2,2,1,1,1,2,2,2,2,1,1,3,3,3,3,3,0,0,0,0
2,2,2,0,2,2,1,1,2,2,2,2,2,1,1,1,3,3,3,3,3,0,3,0
2,2,2,0,2,2,1,2,2,2,2,2,2,2,1,1,1,3,3,3,3,3,3,0
2,2,2,0,0,2,2,2,2,2,2,2,2,2,2,1,1,1,1,1,1,1,1,0
2,2,2,0,0,0,2,2,2,2,2,2,2,2,2,2,1,1,1,1,1,1,1,1
2,2,0,0,0,0,0,0,2,2,2,2,2,2,2,2,2,2,2,2,2,0,0,0
2,0,0,0,0,0,0,0,0,0,0,2,2,2,2,2,0,0,0,0,0,0,0,0
SpriteSpeccyBlock,22,3,3
7,0,1,7,0,1,7,0,1
7,0,1,7,0,1,7,0,1
7,0,1,7,0,1,7,0,1
SpriteAttribs,22,0,0,0
SpriteBitmapBlock,23,23,24
0,0,0,0,0,0,0,0,0,0,0,0,0,0,0,0,0,0,0,0,0,0,0,0
0,0,0,0,0,0,0,0,0,0,0,0,0,0,0,0,0,0,0,0,0,0,0,0
0,0,0,0,0,0,0,0,0,0,0,0,0,0,0,0,0,0,0,0,0,0,0,0
0,0,0,0,0,0,0,0,0,0,0,0,0,0,0,0,0,0,0,0,0,0,0,0
0,0,0,0,0,0,0,0,0,0,0,0,0,0,0,0,0,0,0,0,0,0,0,0
0,0,0,0,0,0,0,0,0,0,0,0,0,0,0,0,0,0,0,0,0,0,0,0
0,0,0,0,0,0,0,0,0,0,0,0,0,0,0,0,0,0,0,0,0,0,0,0
0,0,0,0,0,0,0,0,0,0,0,0,0,0,1,0,0,0,0,0,0,0,0,0
0,0,0,0,0,0,0,0,0,0,0,0,0,1,1,1,1,0,0,0,0,0,0,0
3,0,0,0,0,0,0,0,0,0,0,0,2,2,2,2,2,2,2,0,0,0,0,0
3,0,0,0,0,0,0,0,1,0,1,2,2,2,2,2,2,2,2,2,2,0,0,0
0,3,0,0,0,0,0,0,0,3,1,1,2,2,2,2,0,0,2,2,2,2,2,0
0,3,0,0,0,0,0,3,0,1,3,1,2,2,2,2,0,0,2,2,2,2,1,1
0,0,3,0,0,3,0,0,3,0,1,3,1,2,2,2,2,2,2,2,1,1,1,0
3,0,3,0,0,0,3,0,3,0,0,1,1,2,2,2,2,2,1,1,1,0,0,0
0,3,3,3,0,0,3,3,3,0,0,3,3,1,2,2,2,1,1,0,0,0,0,0
0,0,3,0,3,3,3,0,3,3,3,3,1,1,1,2,2,2,1,1,1,0,0,0
3,0,3,0,0,0,3,0,3,0,0,3,0,1,0,1,2,2,2,2,1,1,1,0
0,0,3,0,0,3,0,0,3,0,0,3,1,1,1,2,1,2,2,2,2,2,1,1
0,3,0,0,0,0,0,3,0,0,3,1,0,3,0,1,1,2,2,2,2,2,0,0
0,3,0,0,0,0,0,0,0,3,0,0,3,0,1,1,2,1,2,2,0,0,0,0
3,0,0,0,0,0,0,0,0,0,0,0,0,0,1,1,1,0,0,0,0,0,0,0
3,0,0,0,0,0,0,0,0,0,0,0,0,1,0,1,0,0,0,0,0,0,0,0
SpriteSpeccyBlock,23,3,3
7,0,1,7,0,1,7,0,1
7,0,1,7,0,1,7,0,1
7,0,1,7,0,1,7,0,1
SpriteAttribs,23,0,0,0
SpriteBitmapBlock,24,8,11
0,0,0,0,0,0,0,0,0,0,0
0,0,0,0,0,0,0,0,0,0,0
0,0,0,2,0,0,0,0,0,0,0
0,0,0,2,0,0,0,2,0,0,0
0,0,2,2,2,0,0,2,0,2,0
0,0,0,0,2,0,2,2,2,0,0
0,0,2,2,2,2,2,0,2,2,2
0,0,0,2,2,2,2,2,2,2,0
SpriteSpeccyBlock,24,1,2
7,0,1,7,0,1
SpriteAttribs,24,0,0,0
SpriteBitmapBlock,25,8,24
0,0,0,0,0,0,0,0,0,0,0,0,0,0,0,0,0,0,0,0,0,0,0,0
0,0,0,0,0,0,0,0,0,0,0,0,0,0,0,0,0,0,0,0,0,0,0,0
0,0,0,0,0,0,0,2,0,0,0,0,0,0,0,0,0,0,0,0,0,0,0,0
0,0,0,2,0,0,2,2,0,0,0,0,0,0,0,0,0,0,0,0,0,2,0,0
0,0,2,2,0,0,2,2,0,0,0,0,0,0,0,0,0,2,0,2,2,2,0,0
0,0,2,2,0,0,2,2,0,0,2,0,0,0,0,0,0,2,0,0,2,2,0,0
0,0,0,2,2,2,2,0,0,2,2,0,0,0,0,0,0,2,2,0,0,2,0,2
0,0,0,0,2,0,2,2,2,2,2,0,0,0,0,0,0,2,2,2,2,2,2,2
SpriteSpeccyBlock,25,1,3
7,0,1,7,0,1,7,0,1
SpriteAttribs,25,0,0,0
SpriteBitmapBlock,26,8,24
0,0,0,0,0,0,0,0,0,0,0,0,0,0,0,0,0,0,0,0,0,0,0,0
0,0,0,0,0,0,0,0,0,0,0,0,0,0,0,2,0,0,0,0,0,0,0,0
0,0,0,0,0,0,0,0,0,0,0,0,0,0,2,2,0,0,2,2,0,0,0,0
0,0,0,2,2,0,0,2,0,0,0,2,2,0,2,0,2,2,2,2,0,2,0,0
0,0,0,2,2,0,2,2,0,0,0,0,2,2,0,0,0,2,2,0,0,2,2,2
0,0,0,0,2,2,2,2,2,0,2,2,0,2,0,2,0,2,2,2,2,2,2,0
0,0,2,2,2,2,0,2,2,2,2,2,0,0,2,2,0,0,2,0,0,2,0,0
0,0,0,0,2,2,2,2,2,2,0,0,0,2,2,2,2,0,0,2,2,2,0,0
SpriteSpeccyBlock,26,1,3
7,0,1,7,0,1,7,0,1
SpriteAttribs,26,0,0,0
SpriteBitmapBlock,27,16,24
0,0,0,0,0,0,0,0,0,0,0,0,2,2,0,0,0,0,0,0,0,0,0,0
0,0,0,0,0,0,0,0,0,0,0,0,0,2,0,0,0,0,0,0,0,0,0,0
0,0,0,0,0,0,0,0,0,0,0,0,0,2,0,0,0,0,0,0,0,0,0,0
0,0,0,0,0,0,0,0,2,0,0,0,0,2,0,0,0,0,0,0,0,0,0,0
0,0,0,0,0,0,0,0,2,0,2,0,0,2,0,2,0,0,0,0,0,0,0,0
0,0,0,0,0,0,0,0,2,2,2,0,0,2,0,2,0,0,0,0,0,0,0,0
0,0,0,0,0,2,0,0,2,2,0,0,0,2,2,0,0,0,0,0,0,0,0,0
0,0,0,0,0,2,2,0,2,2,0,0,0,2,0,0,2,0,0,0,0,0,0,0
0,0,0,0,0,0,2,0,2,2,0,2,0,2,0,2,2,0,0,0,0,0,0,0
0,0,0,0,0,0,2,0,2,2,0,0,2,2,0,0,2,0,2,0,0,0,2,0
0,0,0,0,0,0,2,0,0,2,0,0,0,2,0,2,2,2,2,2,0,0,2,2
0,0,0,0,2,0,2,0,2,2,2,0,0,2,2,2,2,0,0,2,2,0,0,0
0,0,2,0,2,0,2,0,2,0,2,0,0,2,2,0,2,0,0,2,0,2,0,0
0,0,2,0,2,0,2,2,2,0,2,0,2,0,2,2,2,2,2,2,0,2,2,0
0,0,0,2,2,2,2,2,2,2,2,2,2,2,2,2,2,0,2,2,2,2,2,0
0,0,0,0,2,2,2,2,2,2,2,2,2,2,2,2,0,0,2,2,2,2,2,2
SpriteSpeccyBlock,27,2,3
7,0,1,7,0,1,7,0,1
7,0,1,7,0,1,7,0,1
SpriteAttribs,27,0,0,0
SpriteBitmapBlock,28,16,24
0,0,0,0,0,0,0,0,0,0,0,0,0,0,0,0,0,0,0,0,0,0,0,0
0,0,0,0,0,0,0,0,0,0,0,0,0,0,0,0,0,0,0,0,0,0,0,0
0,0,0,0,0,0,0,0,0,0,0,0,0,0,0,0,0,0,0,0,0,0,0,0
0,0,0,0,0,0,0,0,0,0,0,0,0,0,0,0,0,0,0,0,0,0,0,0
0,0,0,0,0,0,0,0,1,3,0,0,0,0,0,0,0,0,0,0,0,0,0,0
0,0,0,0,0,0,3,1,3,1,3,1,0,0,0,0,0,0,0,0,0,0,0,0
0,0,0,0,0,0,1,3,1,3,1,3,1,3,0,0,0,0,0,0,0,0,0,0
0,0,0,0,0,0,3,1,3,3,3,1,3,1,3,0,0,0,0,0,0,0,0,0
0,0,0,0,0,0,1,3,3,3,3,3,3,3,1,3,0,0,0,0,0,0,0,0
0,0,0,0,0,1,1,3,3,3,3,3,3,1,3,1,0,0,0,0,0,0,0,0
0,0,0,0,1,0,1,1,3,3,3,3,3,3,1,3,1,0,0,0,0,0,0,0
0,0,0,0,0,1,1,3,1,3,3,3,3,3,3,1,3,0,0,1,0,0,0,0
0,0,0,0,1,0,1,1,3,1,3,1,3,3,1,3,0,1,1,3,1,3,1,0
0,0,0,1,0,1,0,1,1,1,1,1,1,1,1,0,1,1,3,1,3,3,3,0
0,0,1,0,1,0,1,0,1,0,1,0,1,0,1,0,0,3,1,3,3,3,1,3
0,0,0,1,0,1,0,1,0,1,0,1,0,1,0,1,0,1,0,1,3,3,3,1
SpriteSpeccyBlock,28,2,3
7,0,1,7,0,1,7,0,1
7,0,1,7,0,1,7,0,1
SpriteAttribs,28,0,0,0
SpriteBitmapBlock,29,16,24
0,0,0,0,0,0,0,0,0,0,0,0,0,0,0,0,0,0,0,0,0,0,0,0
0,0,0,0,0,0,0,0,0,0,0,0,0,0,0,0,0,0,0,0,0,0,0,0
0,0,0,0,0,0,0,0,0,0,0,0,0,0,0,0,0,0,0,0,0,0,0,0
0,0,0,0,0,0,0,0,0,0,0,0,0,0,0,0,0,0,0,0,0,0,0,0
0,0,0,0,0,0,0,0,0,0,0,0,0,0,0,0,0,0,0,0,0,0,0,0
0,0,0,0,0,0,0,0,0,0,0,0,0,0,0,0,0,0,0,0,0,0,0,0
0,0,0,0,0,0,0,0,0,0,0,0,0,0,0,0,0,0,0,0,0,0,0,0
0,0,0,0,0,0,0,0,0,0,0,0,0,0,0,0,0,0,0,0,0,0,0,0
0,0,0,0,0,0,0,0,0,0,0,0,0,0,0,0,0,0,0,0,0,0,0,0
0,0,0,0,0,0,0,0,0,0,0,0,0,0,0,0,0,0,0,0,0,0,0,0
0,0,0,0,0,0,0,0,0,0,0,0,0,0,0,0,0,0,0,0,0,0,0,0
0,0,0,0,0,0,0,0,0,0,0,0,3,1,0,0,0,0,0,0,1,0,0,0
0,0,0,0,0,1,3,1,3,0,1,0,3,3,3,0,0,0,1,1,3,1,1,0
0,0,0,0,1,3,3,3,1,0,0,1,3,3,1,0,0,1,0,1,3,3,3,0
0,0,0,1,0,1,3,3,3,0,1,0,1,3,3,0,1,0,1,3,3,3,1,1
0,0,0,0,1,0,1,3,3,0,0,1,0,3,1,1,0,1,0,1,3,3,3,1
SpriteSpeccyBlock,29,2,3
7,0,1,7,0,1,7,0,1
7,0,1,7,0,1,7,0,1
SpriteAttribs,29,0,0,0
spritebank,1
SpriteStart
SpriteBitmapBlock,0,23,24
0,0,0,0,0,0,0,0,0,0,0,0,0,0,0,0,0,0,0,0,0,0,0,0
0,0,0,0,0,0,0,0,0,0,0,0,0,0,3,0,0,3,0,0,0,0,0,0
0,0,0,0,0,0,0,0,3,0,0,0,0,0,0,0,2,0,0,0,0,0,0,0
0,0,0,0,0,0,3,3,3,3,0,0,0,0,3,3,0,0,0,0,0,0,0,0
0,0,0,0,0,3,0,0,0,0,3,0,3,3,0,0,0,3,0,3,3,0,0,0
0,0,0,0,3,0,3,1,1,0,0,3,0,0,3,3,3,0,0,0,3,0,3,3
0,0,0,0,3,0,1,1,0,0,0,3,0,3,0,0,0,3,0,3,3,3,3,0
0,0,3,0,3,0,0,0,0,0,0,3,3,0,0,0,0,3,0,0,0,0,0,0
0,0,0,3,0,3,0,0,0,0,3,3,0,3,1,1,0,0,3,0,3,0,0,0
0,0,3,0,0,0,3,3,3,3,0,3,0,1,1,0,0,0,3,0,0,0,0,0
0,0,3,2,0,0,0,0,0,0,0,3,0,0,0,0,0,0,3,0,3,3,0,0
0,0,3,3,0,0,0,1,1,0,0,0,3,0,0,0,0,3,0,3,0,0,0,0
0,0,0,3,0,0,1,0,1,1,0,0,0,3,3,3,3,0,0,3,3,3,0,0
0,0,3,0,0,0,1,0,0,1,0,0,0,0,0,0,0,0,0,0,3,2,0,0
0,0,0,3,0,0,0,1,1,0,0,0,3,0,0,3,0,0,3,0,3,0,2,0
0,0,0,0,3,0,0,0,0,0,0,3,0,0,3,3,0,3,0,0,0,3,2,0
0,0,0,3,0,0,0,0,0,3,0,0,3,0,3,3,0,0,3,0,3,0,3,0
0,0,3,2,0,0,0,0,3,2,0,3,3,0,0,2,0,3,2,0,0,0,0,0
0,0,3,2,0,0,0,0,0,0,0,2,3,0,3,3,2,0,3,2,0,0,0,0
0,0,2,3,0,0,3,0,3,0,0,3,0,0,0,3,3,0,0,3,0,0,0,0
0,0,2,3,3,0,3,0,0,0,3,3,0,0,0,0,3,0,0,0,0,0,0,0
0,0,0,3,3,0,0,0,3,0,0,3,0,0,0,3,0,3,0,0,0,0,0,0
0,0,0,0,0,0,0,0,0,3,0,0,3,0,3,0,0,0,0,0,0,0,0,0
SpriteSpeccyBlock,0,3,3
7,0,1,7,0,1,7,0,1
7,0,1,7,0,1,7,0,1
7,0,1,7,0,1,7,0,1
SpriteAttribs,0,0,0,0
SpriteBitmapBlock,1,32,32
0,0,3,3,3,3,0,0,0,0,0,0,0,0,0,3,3,3,3,0,0,0,0,0,0,0,0,0,0,0,0,0
0,0,3,0,3,0,0,0,0,0,0,0,0,0,0,0,3,0,3,0,0,0,0,0,0,0,0,0,0,0,0,0
0,0,3,0,0,3,0,0,0,0,0,0,0,0,0,3,0,0,3,0,0,0,0,0,0,0,0,0,0,0,0,0
0,0,0,3,0,0,3,3,0,0,0,0,0,3,3,0,0,3,0,0,0,0,0,0,0,0,0,0,0,0,0,0
0,0,0,3,0,0,3,0,0,0,0,0,0,0,3,0,0,3,0,0,0,0,0,0,0,0,0,0,0,0,0,0
0,0,0,0,3,0,0,3,3,0,0,0,3,3,0,0,3,0,0,0,0,0,0,0,0,0,0,0,0,0,0,0
0,0,0,0,3,0,0,3,0,0,0,0,0,3,0,0,3,0,0,0,0,0,0,0,0,0,0,0,0,0,0,0
0,0,0,0,0,3,0,0,3,3,0,3,3,0,0,3,2,2,2,0,0,0,0,0,0,0,0,0,0,0,0,0
0,0,0,0,0,3,0,0,3,0,0,0,3,0,0,2,2,0,0,2,0,0,0,0,0,0,0,0,0,0,0,0
0,0,0,0,0,0,3,0,3,0,0,0,3,0,3,2,0,0,2,2,0,0,0,0,0,0,0,0,0,0,0,0
0,0,0,0,0,0,0,3,3,3,0,3,3,3,0,2,0,2,2,0,0,0,0,0,0,0,0,0,0,0,0,0
0,0,0,0,0,3,0,0,0,3,3,3,0,0,0,0,2,2,0,0,0,0,0,0,0,0,0,0,0,0,0,0
0,0,0,0,3,0,3,0,3,0,0,0,3,0,3,0,0,0,0,0,0,0,0,0,0,0,0,0,0,0,0,0
0,0,0,0,0,3,0,3,0,3,0,3,0,3,0,3,0,3,0,0,0,0,0,0,0,0,0,0,0,0,0,0
0,0,0,0,3,0,3,0,3,0,0,1,0,0,3,0,3,0,3,0,0,0,0,0,0,0,0,0,0,0,0,0
0,0,0,0,0,3,0,3,0,0,1,0,1,0,0,3,0,3,0,0,0,0,0,0,0,0,0,0,0,0,0,0
0,0,0,0,3,0,3,0,0,1,0,1,0,1,0,0,3,0,3,0,0,0,0,0,0,0,0,0,0,0,0,0
0,0,0,0,0,3,0,0,1,0,1,0,1,0,1,0,0,3,0,0,0,0,0,0,0,0,0,0,0,0,0,0
0,0,0,0,0,0,3,1,3,1,3,1,3,1,3,1,3,0,0,0,0,0,0,0,0,0,0,0,0,0,0,0
0,0,0,0,0,0,0,3,0,3,0,3,0,3,0,3,0,0,0,0,0,0,0,0,0,0,0,0,0,0,0,0
0,0,0,0,0,0,3,0,3,0,3,0,3,0,3,0,3,0,0,0,0,0,0,0,0,0,0,0,0,0,0,0
0,0,0,0,0,0,0,3,0,3,0,3,0,3,0,3,0,0,0,0,0,0,0,0,0,0,0,0,0,0,0,0
0,0,0,0,0,0,0,0,3,0,3,0,3,0,3,0,0,0,0,0,0,0,0,0,0,0,0,0,0,0,0,0
0,0,0,0,0,0,0,0,0,3,0,3,0,3,0,0,0,0,0,0,0,0,0,0,0,0,0,0,0,0,0,0
0,0,0,0,0,0,0,0,0,0,3,0,3,0,3,0,0,0,0,0,0,0,0,0,0,0,0,0,0,0,0,0
0,0,0,0,0,0,0,3,0,3,0,3,0,3,0,3,0,0,0,0,0,0,0,0,0,0,0,0,0,0,0,0
0,0,0,0,0,0,3,0,3,0,3,0,3,0,3,0,3,0,0,0,0,0,0,0,0,0,0,0,0,0,0,0
0,0,0,0,0,3,0,3,0,3,0,0,0,3,0,3,0,3,0,0,0,0,0,0,0,0,0,0,0,0,0,0
0,0,0,0,0,0,3,0,0,0,0,0,0,0,0,0,3,0,0,0,0,0,0,0,0,0,0,0,0,0,0,0
0,0,0,0,0,3,0,0,0,0,0,0,0,0,0,0,0,3,0,0,0,0,0,0,0,0,0,0,0,0,0,0
0,0,0,0,0,0,0,0,0,0,0,0,0,0,0,0,0,0,0,0,0,0,0,0,0,0,0,0,0,0,0,0
0,0,0,0,0,0,0,0,0,0,0,0,0,0,0,0,0,0,0,0,0,0,0,0,0,0,0,0,0,0,0,0
SpriteSpeccyBlock,1,4,4
7,0,1,7,0,1,7,0,1,0,0,0
7,0,1,7,0,1,7,0,1,0,0,0
7,0,1,7,0,1,7,0,1,0,0,0
7,0,1,7,0,1,7,0,1,0,0,0
SpriteAttribs,1,0,1,0
SpriteBitmapBlock,2,24,22
0,0,0,0,0,0,0,0,0,3,3,3,3,0,0,0,0,0,0,0,0,0
0,0,0,0,0,0,0,0,3,3,3,0,0,3,0,0,0,0,0,0,0,0
0,0,0,0,0,0,0,0,3,0,0,0,0,3,1,1,0,0,0,0,0,0
0,2,0,0,0,0,1,1,1,3,3,3,3,1,1,1,1,0,0,0,0,0
2,2,2,0,0,1,1,1,1,1,1,1,1,1,1,1,1,0,0,0,0,0
2,2,0,2,0,0,0,1,1,1,1,1,1,1,1,1,1,1,0,0,0,0
2,2,0,0,2,2,0,0,0,1,1,1,1,1,1,1,1,1,0,0,0,0
0,0,0,0,0,0,2,2,0,0,0,0,1,1,1,1,1,1,1,0,0,0
0,0,0,0,0,0,0,0,2,2,2,0,0,0,1,1,1,1,1,0,0,0
0,0,0,0,0,0,0,0,0,0,0,0,1,1,1,1,1,1,1,0,0,0
0,0,0,0,0,0,0,1,1,1,1,1,1,2,1,2,1,1,1,0,0,0
0,0,0,0,0,1,1,1,1,1,1,1,1,1,1,1,1,2,1,1,0,0
0,0,0,0,0,0,0,1,1,0,1,1,2,1,1,1,1,1,1,1,0,0
0,0,0,0,0,0,0,0,0,1,1,1,1,1,1,1,1,2,1,1,0,0
0,0,0,0,0,0,0,0,0,1,1,1,2,1,1,1,1,1,1,1,0,0
0,0,0,0,0,0,0,0,0,0,1,1,1,2,1,1,1,2,1,1,0,0
0,0,0,0,0,0,0,0,2,2,2,1,2,1,1,1,1,1,1,0,0,0
0,0,0,0,0,2,2,2,1,1,1,2,2,2,1,1,1,1,2,2,0,0
0,0,2,2,2,2,2,2,2,2,2,2,1,1,1,1,1,2,2,2,2,0
0,0,0,2,2,2,2,1,1,1,1,1,1,1,1,2,2,2,2,2,2,2
0,0,0,0,0,0,2,2,2,2,2,2,2,2,2,2,2,3,3,3,2,2
0,0,0,0,0,0,0,0,0,0,0,2,2,2,2,2,2,2,2,0,0,0
0,0,0,0,0,0,0,0,0,0,0,0,0,0,0,2,0,0,0,0,0,0
0,0,0,0,0,0,0,0,2,2,2,2,2,2,2,2,0,0,0,0,0,0
SpriteSpeccyBlock,2,3,3
7,0,1,7,0,1,7,0,1
7,0,1,7,0,1,7,0,1
7,0,1,7,0,1,7,0,1
SpriteAttribs,2,0,0,0
SpriteBitmapBlock,3,24,23
0,0,0,0,0,0,0,0,0,0,0,0,0,0,0,0,0,0,0,0,0,0,0
0,0,0,0,0,0,0,0,0,0,0,0,0,0,0,0,0,0,0,0,0,0,0
0,0,0,0,0,0,0,0,0,0,0,0,0,0,0,0,0,0,0,0,0,0,0
0,0,0,0,0,0,0,0,0,0,0,0,0,0,0,0,0,0,0,0,0,0,0
0,0,0,0,0,0,0,0,0,0,0,0,0,0,0,0,0,0,0,0,0,0,0
0,0,0,0,0,0,0,0,0,0,0,0,0,0,0,0,0,0,0,0,0,0,0
0,0,0,0,0,0,0,0,0,0,0,0,0,0,0,0,0,0,0,0,0,0,0
0,0,0,0,0,0,0,0,0,0,0,0,0,0,0,0,0,0,0,0,0,0,0
0,0,0,0,0,0,0,0,0,0,0,0,3,3,3,0,0,0,0,0,0,0,0
0,0,0,0,3,3,1,1,1,1,0,3,3,0,0,3,0,0,0,0,0,0,0
0,0,0,3,0,0,3,1,1,1,1,3,0,0,0,3,0,0,0,0,0,0,0
0,0,0,3,0,0,3,1,1,1,1,3,0,0,0,3,0,0,0,0,0,0,0
0,0,0,1,3,3,1,1,1,1,1,1,3,3,3,1,0,0,0,3,3,0,0
0,0,0,0,1,1,1,1,1,1,1,3,3,0,0,3,1,0,3,3,0,0,0
0,2,2,0,0,1,1,1,1,1,1,3,0,0,0,3,1,3,0,0,0,3,0
2,3,0,0,2,1,1,1,1,1,1,3,0,0,0,3,1,1,0,3,3,0,0
2,0,0,3,0,0,1,1,1,1,1,1,3,3,3,1,1,1,3,3,2,2,0
0,0,0,0,0,0,0,1,1,1,1,3,3,1,1,1,1,3,0,0,0,0,0
0,0,0,2,2,0,0,0,1,1,3,3,3,3,1,1,1,1,0,3,0,0,2
0,0,0,0,0,0,0,0,0,1,3,3,3,1,3,1,1,3,3,2,0,0,2
0,0,2,0,0,0,0,0,0,0,3,3,1,3,1,0,0,2,2,3,0,0,0
0,0,0,2,0,0,0,0,0,0,3,1,3,0,0,0,0,0,0,0,0,0,0
0,0,0,0,0,2,3,2,0,0,0,3,2,2,0,0,2,2,2,3,3,2,0
0,0,0,0,0,0,0,0,2,2,2,2,0,0,0,0,0,2,2,2,0,0,0
SpriteSpeccyBlock,3,3,3
7,0,1,7,0,1,7,0,1
7,0,1,7,0,1,7,0,1
7,0,1,7,0,1,7,0,1
SpriteAttribs,3,0,0,0
SpriteBitmapBlock,4,24,24
0,0,0,0,0,0,0,0,0,0,0,0,0,0,0,0,0,0,0,0,0,0,0,0
1,1,0,0,0,0,0,0,0,0,0,1,2,0,0,0,0,0,0,0,0,0,1,2
2,1,1,2,0,0,0,0,0,0,1,2,2,2,0,0,0,0,0,0,2,1,2,1
1,2,1,1,2,2,0,0,0,1,2,1,2,2,2,0,0,0,1,2,1,2,1,2
0,1,2,1,1,2,2,2,0,2,1,2,2,2,2,0,2,1,2,1,2,1,2,0
0,2,1,2,2,2,3,3,2,1,2,1,2,2,2,2,3,3,1,2,1,2,2,0
0,0,2,1,1,3,0,0,3,1,1,2,2,2,2,3,0,0,3,1,2,2,0,0
0,0,1,1,3,0,3,3,0,3,2,1,2,2,3,0,3,3,0,3,2,2,0,0
0,0,2,2,3,0,3,3,0,3,1,2,2,2,3,0,3,3,0,3,2,2,0,0
0,0,0,2,2,3,0,0,3,2,2,2,2,2,2,3,0,0,3,2,2,0,0,0
0,0,0,0,2,2,3,3,2,2,2,2,2,2,2,2,3,3,2,2,0,0,0,0
0,0,0,0,0,2,2,2,2,2,0,1,0,1,2,2,2,2,2,0,0,0,0,0
0,0,0,0,0,2,1,2,2,0,1,0,1,0,1,2,2,2,2,0,0,0,0,0
0,0,0,0,2,1,2,2,0,1,0,1,0,1,1,1,2,2,2,2,0,0,0,0
0,0,0,0,1,2,2,0,1,0,1,0,1,1,1,1,1,2,2,2,0,0,0,0
0,0,0,0,2,1,2,1,0,1,0,1,1,1,1,1,1,2,1,2,0,0,0,0
0,0,0,2,1,2,1,2,1,0,1,0,1,1,1,1,1,2,1,1,2,0,0,0
0,0,0,1,2,1,2,1,0,1,0,1,1,1,1,1,2,1,2,1,1,0,0,0
0,0,1,2,1,2,0,0,0,0,1,0,1,1,1,0,0,0,1,2,1,1,0,0
0,0,2,1,2,0,0,0,0,1,0,1,1,1,1,0,0,0,0,1,2,1,0,0
0,0,1,2,0,0,0,0,0,0,1,0,0,1,1,0,0,0,0,0,1,2,0,0
0,0,0,1,0,0,0,0,0,1,0,0,0,0,1,0,0,0,0,0,2,0,0,0
0,0,0,0,0,0,0,0,0,0,1,0,0,1,0,0,0,0,0,0,0,0,0,0
0,0,0,0,0,0,0,0,0,0,0,1,1,0,0,0,0,0,0,0,0,0,0,0
SpriteSpeccyBlock,4,3,3
7,0,1,7,0,1,7,0,1
7,0,1,7,0,1,7,0,1
7,0,1,7,0,1,7,0,1
SpriteAttribs,4,0,0,0
SpriteBitmapBlock,5,31,24
0,0,0,0,0,0,0,0,1,0,0,1,0,0,0,0,0,0,0,0,0,0,0,0
0,0,0,0,0,0,1,1,1,0,0,1,0,0,0,0,0,0,0,0,0,0,0,0
0,0,0,0,2,2,2,1,1,0,1,1,1,0,0,0,0,0,0,0,0,0,0,0
0,0,0,2,2,3,0,2,2,2,2,2,1,0,0,0,0,0,0,0,0,0,0,2
0,2,2,2,3,3,0,2,2,2,2,2,2,0,0,0,0,1,0,0,0,0,0,2
3,3,3,2,2,2,2,2,2,2,2,2,2,2,0,0,1,1,0,0,0,0,2,2
0,3,0,3,3,2,2,2,2,2,2,2,2,2,2,0,1,0,0,0,0,0,2,0
0,0,0,3,0,3,2,2,2,2,2,1,2,2,2,2,1,0,0,0,0,2,2,0
0,0,0,0,0,0,3,2,2,2,2,1,2,2,2,2,1,0,0,0,0,2,2,0
0,0,0,0,0,3,0,3,2,2,1,2,2,2,2,2,1,1,0,0,0,2,2,0
0,0,0,3,0,3,3,2,2,2,2,1,2,2,2,2,2,1,0,0,0,2,2,0
0,3,0,3,3,2,2,2,2,2,2,1,2,2,2,2,2,2,0,0,2,2,0,0
3,3,3,2,2,2,2,2,2,2,2,2,2,2,2,1,2,2,0,0,2,2,0,0
0,0,2,2,2,2,2,2,2,2,2,2,2,2,1,1,2,2,2,0,2,2,0,0
0,0,0,0,0,0,1,1,2,2,2,2,2,2,1,1,2,2,2,0,2,2,0,0
0,0,0,0,2,2,2,1,2,2,2,2,1,1,1,1,2,2,2,2,2,0,0,0
0,0,0,2,2,3,0,2,2,2,2,2,2,2,1,1,2,2,2,2,2,0,0,0
0,2,2,2,3,3,0,2,2,2,2,2,2,2,1,1,0,2,0,0,2,2,0,0
3,3,3,2,2,2,2,2,2,2,2,2,2,2,2,1,2,0,2,0,2,2,0,0
0,3,0,3,3,2,2,2,2,2,2,2,2,2,0,2,0,2,0,0,2,2,0,0
0,0,0,3,0,3,2,2,2,2,2,1,2,0,2,0,2,0,0,0,2,2,0,0
0,0,0,0,0,0,3,2,2,2,2,1,0,2,0,2,0,1,0,0,0,2,2,0
0,0,0,0,0,3,0,3,2,2,1,0,2,0,2,0,1,1,0,0,0,2,2,0
0,0,0,3,0,3,3,2,0,2,0,1,0,2,0,2,1,0,0,0,0,2,2,0
0,3,0,3,3,2,2,0,2,0,2,1,2,0,2,0,1,0,0,0,0,2,2,0
3,3,3,2,2,2,0,2,0,2,0,2,0,2,0,0,1,0,0,0,0,0,2,0
0,0,2,0,2,0,2,0,2,0,2,0,2,0,0,0,1,1,0,0,0,0,2,2
0,0,0,0,0,0,0,2,0,2,0,2,0,0,0,0,0,1,0,0,0,0,0,2
0,0,0,0,0,0,0,0,0,0,1,1,1,0,0,0,0,0,0,0,0,0,0,2
0,0,0,0,0,0,0,0,0,0,0,1,0,0,0,0,0,0,0,0,0,0,0,0
0,0,0,0,0,0,0,0,0,0,0,1,0,0,0,0,0,0,0,0,0,0,0,0
SpriteSpeccyBlock,5,4,3
7,0,1,7,0,1,7,0,1
7,0,1,7,0,1,7,0,1
7,0,1,7,0,1,7,0,1
7,0,1,7,0,1,7,0,1
SpriteAttribs,5,0,0,0
SpriteBitmapBlock,6,24,24
0,0,0,0,0,0,0,0,0,3,3,3,3,3,3,0,0,0,0,0,0,0,0,0
0,0,0,0,0,0,0,3,3,0,0,0,0,0,0,3,3,0,0,0,0,0,0,0
0,0,0,0,0,0,3,0,0,0,0,0,0,0,0,0,0,3,0,0,0,0,0,0
0,0,0,0,0,3,0,0,0,0,0,0,0,0,0,0,0,0,3,0,0,0,0,0
0,0,0,0,3,0,0,0,0,0,0,0,0,0,0,0,0,0,0,3,0,0,0,0
0,0,0,3,0,0,0,0,0,0,0,0,0,0,0,3,0,0,0,0,3,0,0,0
0,0,3,0,0,0,0,0,0,0,0,0,0,0,0,0,3,0,0,0,0,3,0,0
0,3,0,0,0,0,0,0,0,0,0,0,0,0,0,0,0,3,0,0,0,0,3,0
0,3,0,0,0,0,0,0,0,0,0,0,0,0,0,0,0,0,3,0,0,0,3,0
3,0,0,0,0,0,0,0,0,0,0,0,0,0,0,0,0,0,3,0,0,0,0,3
3,0,0,0,0,0,0,0,0,0,0,0,0,0,0,0,0,0,0,3,0,0,0,3
3,0,0,1,1,1,1,0,0,0,0,0,0,0,0,0,0,0,0,3,0,0,0,3
3,0,0,1,1,1,1,1,0,0,0,0,0,0,0,0,0,0,0,0,0,0,0,3
3,0,0,1,1,1,1,2,1,1,1,0,0,0,0,0,0,2,1,2,1,0,0,3
3,0,0,1,1,1,2,1,2,1,1,1,1,1,1,1,1,1,2,1,1,0,0,3
0,3,0,0,1,1,1,2,1,1,1,1,1,1,1,1,1,1,1,1,0,0,3,0
0,3,0,0,0,1,1,1,1,1,1,1,1,1,1,1,1,1,1,0,0,0,3,0
0,0,3,0,0,0,1,1,1,1,1,2,1,1,1,1,1,1,0,0,0,3,0,0
0,0,0,3,0,0,0,1,1,1,2,1,2,1,1,1,1,1,0,0,3,0,0,0
0,0,0,0,3,0,0,0,1,1,1,2,1,1,1,1,0,0,0,3,0,0,0,0
0,0,0,0,0,3,0,0,0,0,1,1,1,1,0,0,0,0,3,0,0,0,0,0
0,0,0,0,0,0,3,0,0,0,0,0,0,0,0,0,0,3,0,0,0,0,0,0
0,0,0,0,0,0,0,3,3,0,0,0,0,0,0,3,3,0,0,0,0,0,0,0
0,0,0,0,0,0,0,0,0,3,3,3,3,3,3,0,0,0,0,0,0,0,0,0
SpriteSpeccyBlock,6,3,3
7,0,1,7,0,1,7,0,1
7,0,1,7,0,1,7,0,1
7,0,1,7,0,1,7,0,1
SpriteAttribs,6,0,0,0
SpriteBitmapBlock,7,16,16
0,0,0,0,0,0,3,3,3,3,0,0,0,0,0,0
0,0,0,0,3,3,0,0,0,0,3,3,0,0,0,0
0,0,0,3,0,0,0,0,0,0,0,0,3,0,0,0
0,0,3,0,0,0,0,0,0,3,0,0,0,3,0,0
0,3,0,0,0,0,0,0,0,0,3,0,0,0,3,0
0,3,0,0,0,0,0,0,0,0,0,3,0,0,3,0
3,0,0,0,0,0,0,0,0,0,0,0,3,0,0,3
3,0,0,1,1,1,0,0,0,0,0,0,3,0,0,3
3,0,0,1,1,2,1,1,0,0,0,0,3,0,0,3
3,0,0,1,2,1,2,1,1,1,1,1,0,0,0,3
0,3,0,0,1,2,1,1,1,1,1,1,0,0,3,0
0,3,0,0,0,1,1,1,1,1,1,0,0,0,3,0
0,0,3,0,0,0,1,1,1,1,0,0,0,3,0,0
0,0,0,3,0,0,0,0,0,0,0,0,3,0,0,0
0,0,0,0,3,3,0,0,0,0,3,3,0,0,0,0
0,0,0,0,0,0,3,3,3,3,0,0,0,0,0,0
SpriteSpeccyBlock,7,2,2
7,0,1,7,0,1
7,0,1,7,0,1
SpriteAttribs,7,0,0,0
SpriteBitmapBlock,8,32,30
0,0,0,0,0,0,0,0,0,0,0,0,0,0,0,0,0,0,0,0,0,0,0,0,0,0,0,0,0,0
0,0,0,0,0,0,0,0,0,3,0,0,0,0,0,0,0,0,0,0,0,0,0,0,3,0,0,0,0,0
0,0,0,0,0,0,0,0,0,0,3,3,0,3,3,3,3,3,3,3,0,0,3,3,0,0,0,0,0,0
0,0,0,0,0,0,0,0,0,0,3,0,3,0,0,0,1,0,0,0,3,3,0,3,0,0,0,0,0,0
0,0,0,0,0,0,0,0,0,3,0,3,0,3,0,1,0,0,1,0,3,0,0,3,0,0,0,0,0,0
0,0,0,0,0,0,0,0,3,0,0,0,0,0,0,0,1,0,0,1,3,0,3,3,0,0,0,0,0,0
0,0,0,0,0,0,0,3,0,1,0,0,0,1,0,0,0,1,0,0,0,0,3,0,3,0,0,0,0,0
0,0,0,0,0,0,3,0,0,0,1,0,0,0,0,1,0,0,0,1,0,0,0,0,0,3,0,0,0,0
0,0,0,0,0,3,0,0,1,0,0,0,0,1,0,0,0,1,0,0,0,1,0,0,0,0,3,0,0,0
0,0,0,0,3,2,2,0,0,0,0,1,0,0,1,0,0,0,2,2,0,0,0,1,0,0,0,3,0,3
0,0,0,3,0,1,1,2,2,0,0,0,0,1,0,0,2,2,1,1,0,1,0,0,0,0,3,3,3,0
3,0,0,3,0,1,1,1,1,2,0,0,0,0,0,2,1,1,1,1,0,0,1,0,0,0,0,0,3,0
3,3,3,3,0,0,1,1,3,3,2,0,0,0,2,3,3,1,1,0,1,0,0,0,1,0,0,3,0,3
0,3,0,0,0,0,0,1,3,3,2,0,0,0,2,3,3,1,0,0,0,0,0,3,2,3,3,0,0,3
0,0,3,0,0,1,0,0,1,0,0,0,1,0,0,0,0,0,0,1,0,0,3,2,0,0,0,1,0,3
0,0,3,0,1,0,0,0,0,1,0,0,0,0,0,0,1,0,0,0,0,3,2,3,2,1,0,0,0,3
0,0,3,0,0,0,1,0,0,0,0,1,0,1,0,0,0,0,1,0,3,2,3,0,0,0,0,1,0,3
0,0,3,0,1,0,0,0,0,1,0,0,0,0,0,0,1,0,0,0,2,3,2,3,0,1,0,0,0,3
0,0,3,0,0,0,0,1,0,3,3,3,3,3,3,0,0,0,1,0,3,2,3,0,0,0,0,1,0,3
0,0,3,0,0,1,0,3,3,0,0,0,0,0,0,3,3,1,0,0,0,3,2,3,2,1,0,0,0,3
0,0,0,3,0,0,0,3,3,0,0,0,0,0,0,3,3,0,0,0,0,0,3,2,0,0,0,0,3,0
0,0,0,3,0,0,3,0,0,3,3,3,3,3,3,0,0,0,1,0,1,0,0,3,2,0,0,0,3,0
0,0,0,0,3,3,0,0,0,0,0,0,0,0,0,0,1,0,0,0,0,1,0,0,3,0,0,3,0,0
0,0,0,0,3,0,0,3,3,0,0,0,1,0,0,0,0,0,0,1,0,0,0,1,0,3,3,0,0,0
0,0,0,0,3,3,3,0,0,1,0,0,0,0,1,0,0,0,1,0,0,0,1,3,3,0,3,0,0,0
0,0,0,3,0,0,0,3,0,0,1,0,1,0,0,0,1,0,0,0,1,0,0,0,3,3,3,0,0,0
0,0,0,0,0,0,0,0,3,0,0,0,0,0,1,0,0,0,0,1,0,0,0,3,0,0,0,3,0,0
0,0,0,0,0,0,0,0,0,3,0,0,1,0,0,0,1,0,0,0,0,0,3,0,0,0,0,0,0,0
0,0,0,0,0,0,0,0,0,0,3,3,0,0,3,0,3,0,0,0,3,3,0,0,0,0,0,0,0,0
0,0,0,0,0,0,0,0,0,0,0,0,3,3,3,0,3,3,3,3,0,0,0,0,0,0,0,0,0,0
0,0,0,0,0,0,0,0,0,0,0,0,0,0,3,0,3,0,0,0,0,0,0,0,0,0,0,0,0,0
0,0,0,0,0,0,0,0,0,0,0,0,0,0,0,3,0,0,0,0,0,0,0,0,0,0,0,0,0,0
SpriteSpeccyBlock,8,4,4
7,0,1,7,0,1,7,0,1,7,0,1
7,0,1,7,0,1,7,0,1,7,0,1
7,0,1,7,0,1,7,0,1,7,0,1
7,0,1,7,0,1,7,0,1,7,0,1
SpriteAttribs,8,0,0,0
SpriteBitmapBlock,9,16,11
0,0,0,0,0,0,0,1,1,1,0
0,0,0,0,0,0,1,2,2,1,0
0,0,0,0,0,1,3,3,2,0,1
0,0,0,0,0,1,2,2,0,2,1
0,0,0,0,0,1,3,2,2,0,1
0,0,0,0,0,1,2,2,0,2,1
0,0,0,0,0,1,3,2,2,3,1
0,0,0,0,0,1,2,2,0,2,1
0,0,0,0,0,1,3,2,2,3,1
0,0,0,0,0,1,2,2,0,2,1
0,0,0,0,0,1,2,2,2,3,1
0,0,0,0,0,1,2,2,0,2,1
0,0,0,0,0,1,3,3,2,0,1
0,0,0,0,0,1,2,2,2,2,1
0,0,0,0,0,0,0,2,2,1,0
0,0,0,0,0,0,0,1,1,0,0
SpriteSpeccyBlock,9,2,2
7,0,1,7,0,1
7,0,1,7,0,1
SpriteAttribs,9,0,0,0
SpriteBitmapBlock,10,24,24
0,0,0,0,0,0,0,0,0,0,0,0,0,0,0,0,0,0,0,0,0,0,0,0
0,0,0,0,0,0,0,0,0,0,0,0,0,0,0,0,0,0,0,0,0,0,0,0
0,0,0,0,0,0,0,0,0,0,0,0,0,0,0,0,0,0,0,0,0,0,0,0
0,0,0,0,0,0,0,0,0,0,0,0,0,0,0,0,0,0,0,0,0,0,0,0
0,0,0,0,0,0,0,0,0,0,0,0,0,0,0,0,0,0,0,0,0,0,0,0
0,0,0,0,0,0,0,0,0,0,0,0,0,0,0,0,0,0,0,0,0,0,0,0
0,0,0,0,0,0,2,2,2,2,2,2,2,0,0,0,0,0,0,0,0,0,0,0
0,0,0,0,2,2,2,2,2,2,2,2,2,2,2,2,0,0,0,0,0,0,0,0
0,0,0,1,1,1,2,2,2,2,2,0,0,0,2,2,2,0,0,0,0,0,0,2
0,0,0,1,1,1,1,1,2,2,2,0,0,2,2,2,2,2,0,0,0,0,2,2
0,0,0,3,3,3,1,1,1,1,2,2,2,2,2,2,2,2,2,0,0,0,2,2
0,3,3,0,0,3,3,1,1,1,2,2,2,2,2,2,2,2,2,2,0,2,2,2
3,3,3,0,0,0,3,3,1,1,1,2,2,2,2,2,2,2,2,2,0,2,2,2
0,0,0,3,3,3,3,3,3,1,1,1,2,2,2,2,1,2,2,2,0,2,2,2
0,0,0,0,0,3,3,3,3,3,1,1,2,2,2,2,1,2,2,2,2,2,2,2
0,0,0,0,0,3,3,3,3,3,3,1,1,2,2,1,1,2,2,2,2,2,2,2
0,0,0,0,0,0,3,3,3,3,3,1,1,2,2,1,1,2,2,2,2,2,2,2
0,0,0,0,0,3,3,3,3,3,1,1,2,2,2,2,1,2,2,2,2,2,2,2
3,3,3,0,3,3,3,1,1,1,1,1,2,2,2,2,1,2,2,2,0,2,2,2
0,1,1,1,1,1,1,1,1,2,2,2,2,2,2,2,2,2,2,0,0,2,2,2
0,1,1,1,1,1,2,2,2,2,2,2,2,2,2,2,2,2,0,0,0,2,2,2
0,0,0,0,2,2,2,2,2,2,2,2,2,2,2,2,2,0,0,0,0,2,2,2
0,0,0,0,0,0,0,0,0,2,2,2,2,2,2,0,0,0,0,0,0,0,2,2
0,0,0,0,0,0,0,0,0,0,0,0,0,0,0,0,0,0,0,0,0,0,0,2
SpriteSpeccyBlock,10,3,3
7,0,1,7,0,1,7,0,1
7,0,1,7,0,1,7,0,1
7,0,1,7,0,1,7,0,1
SpriteAttribs,10,0,0,0
SpriteBitmapBlock,11,23,23
0,0,0,0,0,0,0,0,0,0,0,0,0,0,0,0,0,0,0,0,0,0,0
0,0,0,0,0,0,0,0,0,0,0,0,0,0,0,0,0,0,0,0,0,0,0
0,0,0,0,0,0,0,0,0,0,0,0,0,0,0,0,0,0,0,0,0,0,0
0,0,0,0,0,0,0,0,0,0,0,0,0,0,0,0,0,0,0,0,0,0,0
0,0,0,0,0,0,0,0,0,0,0,0,0,0,0,0,0,0,0,0,0,0,0
0,0,0,0,0,0,0,0,0,0,0,0,0,0,0,0,0,0,0,0,0,0,0
0,0,0,0,0,0,0,0,0,0,0,0,0,0,0,0,0,0,0,0,0,0,0
0,0,0,0,0,0,0,0,1,0,0,0,0,0,0,0,0,0,0,0,0,0,0
0,0,0,0,0,0,0,1,1,1,1,0,0,0,0,0,0,0,0,0,0,0,0
0,0,0,0,0,2,2,2,2,2,2,2,0,0,1,0,0,0,0,0,0,0,3
0,0,0,2,2,2,2,2,2,2,2,2,2,1,0,0,0,0,0,0,0,0,3
0,0,2,2,2,2,2,2,2,2,2,1,2,1,3,0,0,0,0,0,0,0,3
0,2,2,2,2,2,0,0,2,2,2,2,1,3,0,3,0,0,0,0,0,3,0
1,1,1,2,2,2,2,2,2,2,1,2,3,0,1,3,0,3,0,0,0,3,0
0,0,1,1,1,2,2,2,2,2,2,1,1,1,0,3,0,3,0,0,0,3,0
0,0,0,0,1,1,2,2,1,2,1,3,3,3,3,3,0,3,0,3,3,3,3
0,0,1,1,1,2,2,2,1,2,1,0,3,0,0,3,3,3,3,0,0,3,0
1,1,1,2,2,2,2,1,2,0,1,1,3,0,0,3,0,3,0,0,0,3,0
0,2,2,2,2,2,2,1,2,0,1,1,3,0,0,3,0,3,0,0,0,3,0
0,0,2,2,2,2,1,1,1,1,3,1,0,3,0,3,0,0,0,0,0,0,3
0,0,0,0,2,2,2,2,1,1,0,3,0,3,0,0,0,0,0,0,0,0,3
0,0,0,0,0,0,0,1,1,1,0,0,0,0,0,0,0,0,0,0,0,0,3
0,0,0,0,0,0,1,0,1,0,0,0,0,0,0,0,0,0,0,0,0,0,0
SpriteSpeccyBlock,11,3,3
7,0,1,7,0,1,7,0,1
7,0,1,7,0,1,7,0,1
7,0,1,7,0,1,7,0,1
SpriteAttribs,11,0,0,0
SpriteBitmapBlock,12,23,21
0,0,0,0,0,0,0,0,0,0,0,0,0,0,0,0,0,0,0,0,0
0,0,0,0,0,0,0,0,0,0,0,0,0,0,0,0,0,0,0,0,0
0,0,0,0,0,0,0,0,0,0,0,0,0,0,0,0,0,0,0,0,0
0,0,0,0,0,0,0,0,0,0,0,0,0,0,0,0,0,0,0,0,0
0,0,0,0,0,0,0,0,0,0,0,0,0,0,0,0,0,0,0,0,0
0,0,0,0,0,0,0,0,0,3,0,3,0,3,0,3,0,3,0,0,0
0,0,0,0,0,0,0,0,3,0,0,0,0,0,0,0,0,0,0,0,0
0,0,0,0,0,0,3,0,0,0,3,3,0,3,3,0,0,3,0,3,0
0,0,0,0,0,0,0,0,3,0,0,0,3,0,0,0,0,0,0,0,0
0,0,0,0,3,0,3,0,0,3,0,3,2,3,1,3,0,3,0,0,3
0,0,0,0,0,0,0,0,3,0,0,0,2,2,2,0,0,0,0,0,0
0,0,0,0,3,0,0,0,0,0,0,0,2,2,3,3,0,3,0,0,3
0,0,0,0,0,0,0,3,3,3,3,0,3,3,3,0,3,0,0,0,0
0,0,0,0,3,0,0,3,2,2,3,2,3,2,1,2,3,3,1,0,3
0,0,0,0,0,0,0,3,3,2,3,2,3,2,2,2,3,2,2,0,0
0,0,0,0,3,0,0,3,3,3,3,0,2,3,3,3,2,3,2,0,3
0,0,0,0,0,0,0,0,3,0,0,0,0,3,2,3,0,0,0,0,0
0,0,0,0,3,0,0,0,0,3,0,3,2,3,2,3,0,3,0,0,3
0,0,0,0,0,0,0,0,0,0,0,0,0,3,2,3,0,0,0,0,0
0,0,0,0,3,0,0,3,0,0,0,0,3,0,2,3,3,0,3,0,3
0,0,0,0,0,0,0,0,0,0,0,0,0,0,0,0,0,0,0,0,0
0,0,0,0,3,0,0,0,0,0,0,0,0,0,0,0,0,0,0,0,3
0,0,0,0,0,3,0,3,0,3,0,3,0,3,0,3,0,3,0,3,0
SpriteSpeccyBlock,12,3,3
7,0,1,7,0,1,7,0,1
7,0,1,7,0,1,7,0,1
7,0,1,7,0,1,7,0,1
SpriteAttribs,12,0,0,0
SpriteBitmapBlock,13,23,21
0,0,0,0,0,0,0,0,0,0,0,0,0,0,0,0,0,0,0,0,0
0,0,0,0,0,0,0,0,0,0,0,0,0,0,0,0,0,0,0,0,0
0,0,0,0,0,0,0,0,0,0,0,0,0,0,0,0,0,0,0,0,0
0,0,0,0,0,0,0,0,0,0,0,0,0,0,0,0,0,0,0,0,0
0,0,0,0,0,0,0,0,0,0,0,0,0,0,0,0,0,0,0,0,0
0,0,0,0,0,0,0,0,0,3,0,3,0,3,0,3,0,3,0,0,0
0,0,0,0,0,0,0,0,3,0,0,0,0,0,0,0,0,0,0,0,0
0,0,0,0,0,0,3,0,0,0,3,3,0,3,3,0,0,3,0,3,0
0,0,0,0,0,0,0,0,3,0,0,0,3,0,0,0,0,0,0,0,0
0,0,0,0,3,0,3,0,0,3,0,3,1,3,0,3,0,3,0,0,3
0,0,0,0,0,0,0,0,3,0,1,2,2,1,0,0,0,0,0,0,0
0,0,0,0,3,0,0,0,0,0,1,1,1,2,3,3,0,3,0,0,3
0,0,0,0,0,0,0,3,3,3,3,1,3,3,3,0,3,0,0,0,0
0,0,0,0,3,0,0,3,0,0,3,0,3,1,0,0,3,3,0,0,3
0,0,0,0,0,0,0,3,3,0,3,1,3,0,0,0,3,0,0,0,0
0,0,0,0,3,0,0,3,3,3,3,0,0,3,3,3,1,3,0,0,3
0,0,0,0,0,0,0,1,3,2,1,0,0,3,1,3,2,1,0,0,0
0,0,0,0,3,0,0,1,1,3,2,3,0,3,1,3,1,3,1,0,3
0,0,0,0,0,0,1,0,1,1,1,1,0,3,0,3,1,1,1,0,0
0,0,0,0,3,0,0,3,0,1,1,0,3,0,1,3,3,1,3,0,3
0,0,0,0,0,0,0,0,1,0,0,0,0,0,0,1,0,0,0,0,0
0,0,0,0,3,0,0,0,0,0,0,0,0,0,0,0,0,0,0,0,3
0,0,0,0,0,3,0,3,0,3,0,3,0,3,0,3,0,3,0,3,0
SpriteSpeccyBlock,13,3,3
7,0,1,7,0,1,7,0,1
7,0,1,7,0,1,7,0,1
7,0,1,7,0,1,7,0,1
SpriteAttribs,13,0,0,0
SpriteBitmapBlock,14,23,21
0,0,0,0,0,0,0,0,0,0,0,0,0,0,0,0,0,0,0,0,0
0,0,0,0,0,0,0,0,0,0,0,0,0,0,0,0,0,0,0,0,0
0,0,0,0,0,0,0,0,0,0,0,0,0,0,0,0,0,0,0,0,0
0,0,0,0,0,0,0,0,0,0,0,0,0,0,0,0,0,0,0,0,0
0,0,0,0,0,0,0,0,0,0,0,0,0,0,0,0,0,0,0,0,0
0,0,0,0,0,0,0,0,0,3,0,3,0,3,0,3,0,3,0,0,0
0,0,0,0,0,0,0,0,3,0,0,0,0,0,0,0,0,0,0,0,0
0,0,0,0,0,0,3,0,0,0,3,3,0,3,3,0,0,3,0,3,0
0,0,0,0,0,0,0,0,3,0,0,0,3,0,0,0,0,0,0,0,0
0,0,0,0,3,0,3,0,0,3,0,3,2,3,0,3,0,3,0,0,3
0,0,0,0,0,0,0,0,3,0,0,2,2,2,0,0,0,0,0,0,0
0,0,0,0,3,0,0,0,0,0,0,2,2,2,3,3,0,3,0,0,3
0,0,0,0,0,0,0,3,3,3,3,2,3,3,3,2,3,2,0,0,0
0,0,0,0,3,0,0,3,2,1,3,2,3,2,2,2,3,3,0,0,3
0,0,0,0,0,0,0,3,3,2,3,2,3,2,2,2,3,0,0,0,0
0,0,0,0,3,0,0,3,3,3,3,1,2,3,3,3,0,3,0,0,3
0,0,0,0,0,0,0,0,3,0,1,2,1,3,1,3,0,0,0,0,0
0,0,0,0,3,0,0,0,0,3,2,3,0,3,2,3,2,3,0,0,3
0,0,0,0,0,0,0,0,0,2,1,2,0,3,0,3,1,0,0,0,0
0,0,0,0,3,0,0,3,0,0,0,0,3,0,0,3,3,0,3,0,3
0,0,0,0,0,0,0,0,0,0,0,0,0,0,0,0,0,0,0,0,0
0,0,0,0,3,0,0,0,0,0,0,0,0,0,0,0,0,0,0,0,3
0,0,0,0,0,3,0,3,0,3,0,3,0,3,0,3,0,3,0,3,0
SpriteSpeccyBlock,14,3,3
7,0,1,7,0,1,7,0,1
7,0,1,7,0,1,7,0,1
7,0,1,7,0,1,7,0,1
SpriteAttribs,14,0,0,0
SpriteBitmapBlock,15,6,21
0,0,0,0,0,0,0,0,0,0,0,0,0,0,0,0,0,0,0,0,0
0,0,0,0,0,0,0,0,0,0,0,0,0,0,0,0,0,0,0,0,0
0,0,0,0,0,0,0,0,0,0,0,0,0,0,0,0,1,3,2,2,1
1,2,1,1,1,0,0,0,0,1,1,1,0,0,1,2,3,2,1,0,0
0,0,0,3,3,3,3,2,2,2,0,0,1,1,2,3,1,0,0,0,0
0,0,0,0,1,1,1,1,0,0,0,0,0,0,0,0,0,0,0,0,0
SpriteSpeccyBlock,15,1,3
7,0,1,7,0,1,7,0,1
SpriteAttribs,15,0,0,0
SpriteBitmapBlock,16,7,21
0,0,0,0,0,0,0,0,0,0,0,0,0,0,0,0,0,0,0,0,0
1,0,0,0,0,0,0,0,0,0,0,0,0,0,0,0,0,0,0,0,0
2,1,0,0,0,0,0,0,0,0,0,0,0,0,0,0,0,0,0,0,0
1,2,2,0,0,0,0,0,0,0,0,0,0,0,0,0,0,0,0,0,0
0,0,2,3,3,3,2,0,0,0,0,0,1,3,3,2,2,2,1,1,1
0,0,0,0,1,1,2,2,2,2,3,3,3,2,1,1,0,0,0,0,0
0,0,0,0,0,0,1,1,2,1,0,0,0,0,0,0,0,0,0,0,0
SpriteSpeccyBlock,16,1,3
7,0,1,7,0,1,7,0,1
SpriteAttribs,16,0,0,0
SpriteBitmapBlock,17,8,24
0,0,0,0,0,0,0,0,0,0,1,1,1,1,1,0,0,0,0,0,0,0,0,0
0,0,0,0,0,0,1,0,0,2,2,3,3,3,2,0,0,0,0,0,0,0,0,0
0,0,0,0,1,2,2,3,3,3,0,0,0,1,1,2,2,2,2,1,1,0,0,0
0,0,0,1,2,2,0,0,0,0,0,0,0,0,1,1,1,0,0,0,0,0,0,0
0,0,0,1,2,0,0,0,0,0,0,0,0,0,0,0,0,0,0,0,0,0,0,0
0,0,0,0,1,2,0,0,0,0,0,0,0,0,0,0,0,0,0,0,0,1,1,1
0,0,0,0,0,0,1,0,0,0,0,0,0,0,0,0,0,0,1,1,1,2,2,0
0,0,0,0,0,0,0,0,0,0,1,1,2,2,2,2,3,3,3,3,2,1,0,0
SpriteSpeccyBlock,17,1,3
7,0,1,7,0,1,7,0,1
SpriteAttribs,17,0,0,0
SpriteBitmapBlock,18,24,22
0,0,0,0,0,0,0,0,0,0,0,0,1,0,0,0,0,0,0,0,0,0
0,0,0,0,0,0,0,0,0,0,0,1,1,1,0,0,0,0,0,0,0,0
0,0,0,0,0,0,0,0,0,0,1,1,3,1,1,0,0,0,0,0,0,0
0,0,0,0,0,0,0,0,0,0,1,1,3,1,1,0,0,0,0,0,0,0
0,0,0,0,0,0,0,0,0,1,1,3,1,1,1,0,0,0,0,0,0,0
0,0,0,0,0,0,0,0,0,1,1,3,1,1,1,0,0,0,0,0,0,0
0,0,0,0,0,0,0,0,1,1,3,1,1,1,0,0,0,0,0,0,0,0
0,0,0,0,1,1,0,0,1,1,3,1,1,1,0,0,0,0,0,1,0,0
0,0,0,1,1,1,0,1,1,1,1,1,1,0,0,0,0,0,1,1,0,0
0,0,1,1,3,1,0,1,1,1,1,1,0,0,0,0,0,1,3,1,0,0
0,0,1,3,1,1,0,0,1,1,1,1,1,0,0,0,0,1,3,1,1,0
0,0,1,3,1,0,0,0,1,1,1,1,1,0,0,0,0,1,1,3,1,0
0,1,1,3,1,0,0,0,0,1,1,1,3,1,0,0,0,1,1,3,1,0
0,1,1,1,1,0,0,0,0,1,1,1,3,1,0,0,0,1,1,1,1,0
1,1,1,1,0,0,0,0,1,1,1,3,1,1,0,0,0,0,1,3,1,1
1,1,1,1,0,0,0,0,1,1,1,3,1,0,0,0,0,0,1,1,3,1
1,1,3,1,1,0,0,0,1,1,1,3,1,0,0,0,0,0,0,1,3,1
1,1,3,1,1,1,0,0,0,1,1,3,1,0,0,0,0,0,1,1,3,1
0,1,1,3,1,1,0,0,0,1,1,3,1,1,1,0,0,0,1,1,1,1
0,1,1,3,1,1,1,0,0,1,1,1,3,1,1,0,0,1,1,1,1,0
0,0,1,1,3,1,1,1,1,1,1,1,3,1,1,1,1,1,3,1,1,0
0,0,0,1,1,1,1,3,1,1,1,1,1,1,1,1,3,3,1,1,0,0
0,0,0,0,1,1,1,1,3,1,1,1,1,1,3,3,3,1,1,0,0,0
0,0,0,0,0,1,1,1,1,1,1,1,1,1,1,1,1,1,0,0,0,0
SpriteSpeccyBlock,18,3,3
7,0,1,7,0,1,7,0,1
7,0,1,7,0,1,7,0,1
7,0,1,7,0,1,7,0,1
SpriteAttribs,18,0,0,0
SpriteBitmapBlock,19,24,23
0,0,0,0,0,0,0,0,0,0,0,0,0,0,0,0,0,0,1,1,1,0,0
0,0,0,0,0,0,0,0,0,0,0,0,0,0,0,0,0,0,1,3,1,1,0
0,0,0,0,0,0,0,0,0,0,0,0,0,0,0,0,0,0,1,1,1,1,0
0,0,0,0,0,0,0,0,0,0,0,0,0,0,0,0,0,0,1,1,1,3,1
0,0,0,0,0,0,0,0,0,0,0,0,0,0,0,0,0,0,0,1,1,1,1
0,0,0,0,0,0,0,0,0,0,0,0,0,0,0,0,0,0,0,0,1,3,1
0,0,0,0,0,0,0,0,0,0,0,0,0,0,0,0,0,0,0,1,1,1,1
0,0,0,0,0,0,0,0,0,0,0,0,0,0,0,0,0,0,1,1,1,1,0
0,0,0,0,0,0,0,0,0,0,0,0,0,0,0,0,0,0,1,1,1,0,0
0,0,0,0,1,1,0,0,0,0,0,0,0,0,0,0,0,0,1,3,1,1,0
0,0,0,1,1,2,1,0,0,0,0,0,0,0,0,0,0,0,1,3,1,1,0
0,0,0,1,1,3,1,0,0,0,0,0,0,0,0,0,0,1,1,3,1,1,0
0,0,0,1,3,1,1,0,0,0,0,0,0,0,0,0,1,1,3,1,1,1,0
0,0,1,1,1,1,0,0,0,0,0,0,0,0,0,1,1,1,1,1,1,0,0
0,1,1,1,1,1,0,0,0,0,0,0,0,0,0,1,1,3,1,1,0,0,0
0,1,1,3,1,0,0,0,0,0,0,0,0,0,0,1,1,3,1,0,0,0,0
0,1,1,3,1,0,0,0,0,0,0,0,0,0,0,1,1,1,1,0,0,0,0
0,1,1,3,1,0,0,0,0,0,0,0,0,0,1,1,1,1,0,0,0,0,0
0,1,1,3,1,0,0,0,0,0,0,0,0,0,1,1,3,1,0,0,0,0,0
0,0,1,1,1,1,0,0,0,0,0,0,0,0,1,1,3,1,0,0,0,0,0
0,0,1,1,1,1,0,0,0,0,0,0,0,0,1,1,1,1,0,0,0,0,0
0,0,1,1,3,1,0,0,0,0,0,0,0,0,0,1,1,1,1,0,0,0,0
0,1,1,1,1,1,0,0,0,0,0,0,0,0,1,1,1,3,1,0,0,0,0
0,1,1,3,1,0,0,0,0,0,0,0,0,0,1,1,3,1,1,0,0,0,0
SpriteSpeccyBlock,19,3,3
7,0,1,7,0,1,7,0,1
7,0,1,7,0,1,7,0,1
7,0,1,7,0,1,7,0,1
SpriteAttribs,19,0,0,0
SpriteBitmapBlock,20,24,24
0,0,0,0,0,0,0,0,0,0,0,0,0,0,0,0,0,0,0,0,0,0,0,0
0,0,0,0,0,0,0,0,0,0,0,0,0,0,0,0,0,0,0,0,0,0,0,0
0,0,2,0,0,0,2,0,2,0,0,0,0,0,0,2,0,0,0,2,0,0,0,0
0,2,3,2,0,2,3,2,0,0,0,0,0,2,2,2,0,0,0,0,2,2,2,0
0,0,2,2,2,2,2,2,0,0,0,0,0,0,2,2,2,0,2,2,2,2,2,0
0,0,0,3,2,2,2,2,2,0,2,0,0,0,0,2,2,2,3,2,2,3,2,2
0,0,2,2,3,2,2,3,3,2,0,0,0,0,0,0,0,2,2,2,2,2,2,0
0,2,0,0,0,2,2,2,2,2,0,0,0,2,0,2,2,2,2,3,2,0,0,0
0,0,0,0,0,2,2,2,2,2,2,2,2,2,0,2,2,3,2,2,2,2,0,0
0,0,0,0,0,0,0,3,2,2,3,2,2,2,2,3,2,2,2,0,0,0,0,0
0,0,0,0,0,0,0,0,2,2,2,2,3,2,2,2,2,2,2,0,0,0,0,0
0,0,0,0,3,0,0,2,3,2,2,2,2,2,3,2,3,2,0,0,0,0,0,0
0,0,0,2,0,2,2,2,2,2,2,3,2,2,2,2,2,0,0,0,0,0,0,0
0,0,0,0,2,3,2,3,2,2,2,2,2,2,2,3,2,2,2,0,0,2,0,0
0,0,0,0,2,3,2,2,2,2,3,2,3,3,2,3,2,2,2,0,2,0,0,0
0,0,2,2,3,2,0,0,0,0,2,2,2,2,2,0,0,3,2,2,0,0,0,0
0,0,2,0,2,0,2,0,0,0,2,2,2,3,2,0,2,2,2,2,2,0,0,0
0,0,0,0,2,2,0,2,0,0,0,2,2,2,2,0,0,2,2,0,0,0,0,0
0,0,0,0,2,0,0,0,0,0,0,2,3,2,0,0,0,2,0,2,0,0,0,0
0,0,0,0,0,0,0,0,0,0,2,2,2,2,0,0,0,0,0,2,0,0,0,0
0,0,0,0,0,0,0,0,0,0,0,2,2,3,0,0,0,0,0,0,0,0,0,0
0,0,0,0,0,0,0,0,0,0,2,2,2,2,0,0,0,0,0,0,0,0,0,0
0,0,0,0,0,0,0,0,0,0,0,2,3,2,2,0,0,0,0,0,0,0,0,0
0,0,0,0,0,0,0,0,0,0,0,2,2,2,0,0,0,0,0,0,0,0,0,0
SpriteSpeccyBlock,20,3,3
7,0,1,7,0,1,7,0,1
7,0,1,7,0,1,7,0,1
7,0,1,7,0,1,7,0,1
SpriteAttribs,20,0,0,0
SpriteBitmapBlock,21,24,22
0,0,0,0,0,0,0,0,0,0,0,0,0,0,0,0,0,0,0,2,0,0
0,0,0,0,0,0,0,0,0,0,0,0,0,0,0,0,2,0,0,2,2,0
0,0,0,0,0,0,0,0,0,0,0,0,0,0,0,0,0,2,3,2,2,2
0,0,0,0,0,0,0,0,0,0,0,0,0,0,0,0,2,2,2,2,2,0
0,0,0,0,0,0,0,0,0,0,0,0,0,0,2,2,2,2,2,0,0,0
0,0,0,0,0,0,0,0,0,0,0,0,2,0,2,2,3,2,0,0,0,0
0,0,0,0,0,0,0,0,0,0,0,0,0,2,3,2,2,0,0,0,0,0
0,0,0,0,0,0,0,0,0,0,0,0,0,2,2,2,2,0,0,0,0,0
0,0,0,0,0,0,0,0,0,0,0,0,2,2,2,2,3,0,0,0,0,0
0,0,0,0,0,0,0,0,0,0,0,0,2,2,3,2,2,2,0,0,0,0
0,0,0,0,2,0,0,0,0,0,0,2,2,2,2,2,0,0,0,0,0,0
0,0,2,2,2,0,0,0,0,0,0,0,2,3,2,2,0,0,0,0,0,0
2,2,3,2,2,3,0,0,2,0,0,2,2,2,2,2,2,0,0,0,0,0
0,2,2,3,2,2,2,2,0,0,2,2,2,3,2,2,0,0,0,0,0,0
0,0,2,2,2,2,3,2,2,0,0,2,2,2,2,0,0,0,0,0,0,0
0,0,0,2,3,2,2,2,2,2,0,2,3,2,2,0,0,0,0,0,0,0
0,0,2,0,0,2,3,2,2,2,2,2,2,2,2,0,0,0,0,0,0,0
0,0,0,0,0,2,2,2,3,2,2,3,2,2,2,2,0,0,0,0,0,0
0,0,0,0,0,0,0,2,2,2,2,2,2,3,2,0,0,0,0,0,0,0
0,0,0,0,0,0,0,0,2,2,2,2,2,2,2,2,0,0,0,0,0,0
0,0,0,0,0,0,0,0,2,3,2,2,2,2,3,2,2,0,0,0,0,0
0,0,0,0,0,0,0,2,0,2,2,2,2,2,2,2,0,0,0,0,0,0
0,0,0,0,0,0,0,0,0,2,2,2,2,3,2,2,0,0,0,0,0,0
0,0,0,0,0,0,0,0,2,0,3,2,2,2,2,3,2,0,0,0,0,0
SpriteSpeccyBlock,21,3,3
7,0,1,7,0,1,7,0,1
7,0,1,7,0,1,7,0,1
7,0,1,7,0,1,7,0,1
SpriteAttribs,21,0,0,0
SpriteBitmapBlock,22,24,24
0,0,0,0,0,0,0,0,0,0,0,0,0,0,0,0,0,0,0,0,0,0,0,0
0,0,0,0,0,0,0,0,0,0,0,0,0,0,0,0,0,0,0,0,0,0,0,0
0,0,0,0,0,0,0,0,0,0,0,0,0,0,0,0,0,0,0,0,0,0,0,0
0,0,0,0,0,0,0,0,0,0,0,0,0,0,0,0,0,0,0,0,0,0,0,0
0,0,0,0,0,0,0,0,0,0,0,0,0,0,0,0,0,0,0,0,0,0,0,0
0,0,0,0,0,0,0,0,0,0,0,0,0,0,0,0,0,0,0,0,0,0,0,0
0,0,0,0,0,0,0,0,0,0,0,2,2,2,2,2,2,2,0,0,0,0,0,0
0,0,0,0,0,0,0,0,0,2,2,2,2,2,2,2,2,2,2,2,2,0,0,0
2,0,0,0,0,0,0,2,2,2,2,0,0,0,2,2,2,2,2,1,1,1,0,0
2,2,0,0,0,0,2,2,2,2,2,2,0,0,2,2,2,1,1,1,1,1,0,0
2,2,0,0,0,2,2,2,2,2,2,2,2,2,2,1,1,1,1,3,3,3,0,0
2,2,2,0,2,2,2,2,2,2,2,2,2,2,2,1,1,1,3,3,0,0,3,0
2,2,2,0,2,2,2,1,2,2,2,2,2,2,1,1,1,3,3,0,0,0,3,3
2,2,2,0,2,2,2,1,1,2,2,2,2,1,1,1,3,3,3,3,3,3,0,0
2,2,2,2,2,2,2,1,1,2,2,2,2,1,1,3,3,3,3,3,3,0,0,0
2,2,2,2,2,2,2,2,1,1,2,2,1,1,3,3,3,3,3,3,0,0,0,0
2,2,2,2,2,2,2,2,1,1,2,2,1,1,3,3,3,3,3,0,0,0,0,0
2,2,2,2,2,2,2,1,1,2,2,2,2,1,1,3,3,3,3,3,0,0,0,0
2,2,2,0,2,2,2,1,1,2,2,2,2,1,1,1,1,1,3,3,3,3,3,3
2,2,2,0,0,2,2,1,2,2,2,2,2,2,2,2,1,1,1,1,1,1,1,0
2,2,2,0,0,0,2,2,2,2,2,2,2,2,2,2,2,2,2,1,1,1,1,0
2,2,2,0,0,0,0,0,2,2,2,2,2,2,2,2,2,2,2,2,2,0,0,0
2,2,0,0,0,0,0,0,0,0,2,2,2,2,2,2,0,0,0,0,0,0,0,0
2,0,0,0,0,0,0,0,0,0,0,0,0,0,0,0,0,0,0,0,0,0,0,0
SpriteSpeccyBlock,22,3,3
7,0,1,7,0,1,7,0,1
7,0,1,7,0,1,7,0,1
7,0,1,7,0,1,7,0,1
SpriteAttribs,22,0,0,0
SpriteBitmapBlock,23,23,24
0,0,0,0,0,0,0,0,0,0,0,0,0,0,0,0,0,0,0,0,0,0,0,0
0,0,0,0,0,0,0,0,0,0,0,0,0,0,0,0,0,0,0,0,0,0,0,0
0,0,0,0,0,0,0,0,0,0,0,0,0,0,0,0,0,0,0,0,0,0,0,0
0,0,0,0,0,0,0,0,0,0,0,0,0,0,0,0,0,0,0,0,0,0,0,0
0,0,0,0,0,0,0,0,0,0,0,0,0,0,0,0,0,0,0,0,0,0,0,0
0,0,0,0,0,0,0,0,0,0,0,0,0,0,0,0,0,0,0,0,0,0,0,0
0,0,0,0,0,0,0,0,0,0,0,0,0,0,0,0,0,0,0,0,0,0,0,0
0,0,0,0,0,0,0,0,0,0,0,0,0,0,0,1,0,0,0,0,0,0,0,0
0,0,0,0,0,0,0,0,0,0,0,0,0,1,1,1,1,0,0,0,0,0,0,0
0,3,0,0,0,0,0,0,0,1,0,0,2,2,2,2,2,2,2,0,0,0,0,0
0,3,0,0,0,0,0,0,0,0,1,2,2,2,2,2,2,2,2,2,2,0,0,0
0,3,0,0,0,0,0,0,0,3,1,2,1,2,2,2,2,2,2,2,2,2,0,0
0,0,3,0,0,0,0,0,3,0,3,1,2,2,2,2,0,0,2,2,2,2,2,0
0,0,3,0,0,0,3,0,3,1,0,3,2,1,2,2,2,2,2,2,2,1,1,1
0,0,3,0,0,0,3,0,3,0,1,1,1,2,2,2,2,2,2,1,1,1,0,0
0,3,3,3,3,0,3,0,3,3,3,3,3,1,2,1,2,2,1,1,0,0,0,0
0,0,3,0,0,3,3,3,3,0,0,3,0,1,2,1,2,2,2,1,1,1,0,0
0,0,3,0,0,0,3,0,3,0,0,3,1,1,0,2,1,2,2,2,2,1,1,1
0,0,3,0,0,0,3,0,3,0,0,3,1,1,0,2,1,2,2,2,2,2,2,0
0,3,0,0,0,0,0,0,3,0,3,0,1,3,1,1,1,1,2,2,2,2,0,0
0,3,0,0,0,0,0,0,0,0,3,0,3,0,1,1,2,2,2,2,0,0,0,0
0,3,0,0,0,0,0,0,0,0,0,0,0,0,1,1,1,0,0,0,0,0,0,0
0,0,0,0,0,0,0,0,0,0,0,0,0,0,0,1,0,1,0,0,0,0,0,0
SpriteSpeccyBlock,23,3,3
7,0,1,7,0,1,7,0,1
7,0,1,7,0,1,7,0,1
7,0,1,7,0,1,7,0,1
SpriteAttribs,23,0,0,0
SpriteBitmapBlock,24,8,9
0,0,0,0,0,0,0,0,0
0,0,0,0,0,0,0,0,0
0,2,0,0,0,0,0,0,0
0,2,0,0,0,2,0,0,0
2,2,2,0,0,2,0,2,0
0,0,2,0,2,2,2,0,0
2,2,2,2,2,0,2,2,2
0,2,2,2,2,2,2,2,0
SpriteSpeccyBlock,24,1,2
7,0,1,7,0,1
SpriteAttribs,24,0,0,0
SpriteBitmapBlock,25,8,22
0,0,0,0,0,0,0,0,0,0,0,0,0,0,0,0,0,0,0,0,0,0
0,0,0,0,0,0,0,0,0,0,0,0,0,0,0,0,0,0,0,0,0,0
0,0,0,0,0,2,0,0,0,0,0,0,0,0,0,0,0,0,0,0,0,0
0,2,0,0,2,2,0,0,0,0,0,0,0,0,0,0,0,0,0,2,0,0
2,2,0,0,2,2,0,0,0,0,0,0,0,0,0,2,0,2,2,2,0,0
2,2,0,0,2,2,0,0,2,0,0,0,0,0,0,2,0,0,2,2,0,0
0,2,2,2,2,0,0,2,2,0,0,0,0,0,0,2,2,0,0,2,0,2
0,0,2,0,2,2,2,2,2,0,0,0,0,0,0,2,2,2,2,2,2,2
SpriteSpeccyBlock,25,1,3
7,0,1,7,0,1,7,0,1
SpriteAttribs,25,0,0,0
SpriteBitmapBlock,26,8,22
0,0,0,0,0,0,0,0,0,0,0,0,0,0,0,0,0,0,0,0,0,0
0,0,0,0,0,0,0,0,0,0,0,0,0,2,0,0,0,0,0,0,0,0
0,0,0,0,0,0,0,0,0,0,0,0,2,2,0,0,2,2,0,0,0,0
0,2,2,0,0,2,0,0,0,2,2,0,2,0,2,2,2,2,0,2,0,0
0,2,2,0,2,2,0,0,0,0,2,2,0,0,0,2,2,0,0,2,2,2
0,0,2,2,2,2,2,0,2,2,0,2,0,2,0,2,2,2,2,2,2,0
2,2,2,2,0,2,2,2,2,2,0,0,2,2,0,0,2,0,0,2,0,0
0,0,2,2,2,2,2,2,0,0,0,2,2,2,2,0,0,2,2,2,0,0
SpriteSpeccyBlock,26,1,3
7,0,1,7,0,1,7,0,1
SpriteAttribs,26,0,0,0
SpriteBitmapBlock,27,16,22
0,0,0,0,0,0,0,0,0,0,2,2,0,0,0,0,0,0,0,0,0,0
0,0,0,0,0,0,0,0,0,0,0,2,0,0,0,0,0,0,0,0,0,0
0,0,0,0,0,0,0,0,0,0,0,2,0,0,0,0,0,0,0,0,0,0
0,0,0,0,0,0,2,0,0,0,0,2,0,0,0,0,0,0,0,0,0,0
0,0,0,0,0,0,2,0,2,0,0,2,0,2,0,0,0,0,0,0,0,0
0,0,0,0,0,0,2,2,2,0,0,2,0,2,0,0,0,0,0,0,0,0
0,0,0,2,0,0,2,2,0,0,0,2,2,0,0,0,0,0,0,0,0,0
0,0,0,2,2,0,2,2,0,0,0,2,0,0,2,0,0,0,0,0,0,0
0,0,0,0,2,0,2,2,0,2,0,2,0,2,2,0,0,0,0,0,0,0
0,0,0,0,2,0,2,2,0,0,2,2,0,0,2,0,2,0,0,0,2,0
0,0,0,0,2,0,0,2,0,0,0,2,0,2,2,2,2,2,0,0,2,2
0,0,2,0,2,0,2,2,2,0,0,2,2,2,2,0,0,2,2,0,0,0
2,0,2,0,2,0,2,0,2,0,0,2,2,0,2,0,0,2,0,2,0,0
2,0,2,0,2,2,2,0,2,0,2,0,2,2,2,2,2,2,0,2,2,0
0,2,2,2,2,2,2,2,2,2,2,2,2,2,2,0,2,2,2,2,2,0
0,0,2,2,2,2,2,2,2,2,2,2,2,2,0,0,2,2,2,2,2,2
SpriteSpeccyBlock,27,2,3
7,0,1,7,0,1,7,0,1
7,0,1,7,0,1,7,0,1
SpriteAttribs,27,0,0,0
SpriteBitmapBlock,28,16,22
0,0,0,0,0,0,0,0,0,0,0,0,0,0,0,0,0,0,0,0,0,0
0,0,0,0,0,0,0,0,0,0,0,0,0,0,0,0,0,0,0,0,0,0
0,0,0,0,0,0,0,0,0,0,0,0,0,0,0,0,0,0,0,0,0,0
0,0,0,0,0,0,0,0,0,0,0,0,0,0,0,0,0,0,0,0,0,0
0,0,0,0,0,0,1,3,0,0,0,0,0,0,0,0,0,0,0,0,0,0
0,0,0,0,3,1,3,1,3,1,0,0,0,0,0,0,0,0,0,0,0,0
0,0,0,0,1,3,1,3,1,3,1,3,0,0,0,0,0,0,0,0,0,0
0,0,0,0,3,1,3,3,3,1,3,1,3,0,0,0,0,0,0,0,0,0
0,0,0,0,1,3,3,3,3,3,3,3,1,3,0,0,0,0,0,0,0,0
0,0,0,1,1,3,3,3,3,3,3,1,3,1,0,0,0,0,0,0,0,0
0,0,1,0,1,1,3,3,3,3,3,3,1,3,1,0,0,0,0,0,0,0
0,0,0,1,1,3,1,3,3,3,3,3,3,1,3,1,0,1,0,0,0,0
0,0,1,0,1,1,3,1,3,1,3,3,1,3,0,1,1,3,1,3,1,0
0,1,0,1,0,1,1,1,1,1,1,1,1,0,1,1,3,1,3,3,3,0
1,0,1,0,1,0,1,0,1,0,1,0,1,0,0,3,1,3,3,3,1,3
0,1,0,1,0,1,0,1,0,1,0,1,0,1,0,1,0,1,3,3,3,1
SpriteSpeccyBlock,28,2,3
7,0,1,7,0,1,7,0,1
7,0,1,7,0,1,7,0,1
SpriteAttribs,28,0,0,0
SpriteBitmapBlock,29,16,22
0,0,0,0,0,0,0,0,0,0,0,0,0,0,0,0,0,0,0,0,0,0
0,0,0,0,0,0,0,0,0,0,0,0,0,0,0,0,0,0,0,0,0,0
0,0,0,0,0,0,0,0,0,0,0,0,0,0,0,0,0,0,0,0,0,0
0,0,0,0,0,0,0,0,0,0,0,0,0,0,0,0,0,0,0,0,0,0
0,0,0,0,0,0,0,0,0,0,0,0,0,0,0,0,0,0,0,0,0,0
0,0,0,0,0,0,0,0,0,0,0,0,0,0,0,0,0,0,0,0,0,0
0,0,0,0,0,0,0,0,0,0,0,0,0,0,0,0,0,0,0,0,0,0
0,0,0,0,0,0,0,0,0,0,0,0,0,0,0,0,0,0,0,0,0,0
0,0,0,0,0,0,0,0,0,0,0,0,0,0,0,0,0,0,0,0,0,0
0,0,0,0,0,0,0,0,0,0,0,0,0,0,0,0,0,0,0,0,0,0
0,0,0,0,0,0,0,0,0,0,0,0,0,0,0,0,0,0,0,0,0,0
0,0,0,0,0,0,0,0,0,0,3,1,0,0,0,0,0,0,1,0,0,0
0,0,0,1,3,1,3,0,1,0,3,3,3,0,3,0,1,1,3,1,1,0
0,0,1,3,3,3,1,0,0,1,3,3,1,0,1,1,0,1,3,3,3,0
0,1,0,1,3,3,3,0,1,0,1,3,3,0,1,0,1,3,3,3,1,1
0,0,1,0,1,3,3,0,0,1,0,3,1,1,0,1,0,1,3,3,3,1
SpriteSpeccyBlock,29,2,3
7,0,1,7,0,1,7,0,1
7,0,1,7,0,1,7,0,1
SpriteAttribs,29,0,0,0
SpriteDataOffSet,&120
eof
