FileVersion,1
Sprites,64
Colorselector,0,128,0,0
Colorselector,1,0,0,0
Colorselector,2,79,79,79
Colorselector,3,161,161,161
Colorselector,4,255,255,255
Colorselector,5,128,0,128
Colorselector,6,210,0,210
Colorselector,7,64,128,128
Colorselector,8,0,255,255
Colorselector,9,128,255,128
Colorselector,10,255,0,0
Colorselector,11,255,128,128
Colorselector,12,0,255,0
Colorselector,13,0,128,0
Colorselector,14,111,17,45
Colorselector,15,62,62,62
Colorselector,16,255,0,255
spritebank,0
SpriteStart
SpriteBitmapBlock,0,16,16
0,0,0,0,0,0,0,0,0,0,0,0,1,3,4,4
0,0,0,0,0,0,0,0,0,0,0,0,0,1,1,1
0,0,0,0,0,0,0,0,0,0,0,0,1,1,14,12
0,0,0,0,0,0,0,0,0,0,0,1,14,11,2,2
0,0,0,0,0,0,0,0,0,0,1,11,11,2,9,9
0,0,0,0,0,0,0,0,0,1,2,3,2,2,9,9
0,0,0,0,0,0,1,1,1,2,3,2,3,12,2,2
0,0,0,0,0,1,14,14,11,11,11,12,12,11,11,11
0,0,0,0,0,0,1,11,14,1,13,15,1,1,1,12
0,0,0,0,0,0,0,1,1,1,15,1,10,5,1,15
0,0,0,0,0,0,0,0,0,1,2,1,1,10,1,2
0,0,0,0,0,0,0,0,0,1,15,2,1,1,2,2
0,0,0,0,0,0,0,0,0,0,1,2,2,2,15,2
0,0,0,0,0,0,0,0,0,0,1,15,2,2,2,2
0,0,0,0,0,0,0,0,0,0,0,1,15,1,9,1
0,0,0,0,0,0,0,0,0,0,0,0,1,15,1,1
SpriteSpeccyBlock,0,2,2
7,0,1,7,0,1
7,0,1,7,0,1
SpriteAttribs,0,0,0,0
SpriteBitmapBlock,1,16,14
3,1,3,4,1,1,0,0,0,0,0,0,0,0
1,3,1,1,4,3,1,0,0,0,0,0,0,0
11,12,12,11,14,1,1,0,0,0,0,0,0,0
2,12,12,12,11,11,14,1,0,0,0,0,0,0
2,2,12,9,12,11,11,14,1,0,0,0,0,0
9,2,2,3,2,3,2,3,2,1,0,0,0,0
2,2,3,2,3,2,3,2,3,1,0,0,0,0
11,12,12,12,12,11,11,11,14,14,1,0,0,0
15,5,10,5,5,13,13,11,11,14,1,0,0,0
5,10,1,11,5,2,12,15,12,11,1,0,0,0
10,10,10,1,10,2,12,1,15,1,0,0,0,0
2,10,10,10,2,2,2,1,2,1,0,1,0,0
2,2,2,2,1,2,2,2,1,2,1,2,1,0
1,9,1,1,1,2,15,1,1,12,12,13,2,1
1,1,1,9,2,2,15,1,15,12,12,12,1,0
9,1,1,2,2,15,1,15,2,2,12,12,2,1
SpriteSpeccyBlock,1,2,2
7,0,1,7,0,1
7,0,1,7,0,1
SpriteAttribs,1,0,0,0
SpriteBitmapBlock,2,16,16
0,0,0,0,0,0,0,0,0,0,0,0,1,1,1,1
0,0,0,0,0,0,0,0,0,0,0,1,15,1,1,10
0,0,0,0,0,0,0,0,0,0,1,15,2,1,10,4
0,0,0,0,0,0,0,0,0,1,15,2,1,1,10,4
0,0,0,0,0,0,0,0,1,13,12,12,1,1,1,10
0,0,0,0,0,0,0,1,15,12,2,12,2,11,1,1
0,0,0,0,0,0,0,1,2,2,12,2,1,14,11,13
0,0,0,0,0,0,0,1,6,1,1,1,5,1,13,12
0,0,0,0,0,0,0,0,1,6,6,5,1,1,12,9
0,0,0,0,0,0,0,0,1,3,15,2,1,12,12,9
0,0,0,0,0,0,0,0,1,3,15,2,1,1,12,9
0,0,0,0,0,0,0,0,1,3,15,2,1,1,15,15
0,0,0,0,0,0,0,1,3,2,3,3,4,1,2,2
0,0,0,0,0,0,0,1,3,2,3,2,4,1,1,15
0,0,0,0,0,0,0,1,2,3,2,3,2,1,15,1
0,0,0,0,0,0,0,0,1,2,3,4,1,1,15,2
SpriteSpeccyBlock,2,2,2
7,0,1,7,0,0
7,0,1,7,0,1
SpriteAttribs,2,0,0,0
SpriteBitmapBlock,3,16,13
1,1,2,2,1,1,15,2,2,1,1,1,1
10,1,1,1,15,2,2,2,1,0,0,0,0
4,10,1,14,2,2,1,1,0,0,0,0,0
4,10,1,11,1,1,0,0,0,0,0,0,0
10,1,1,11,1,0,0,0,0,0,0,0,0
1,1,11,14,11,1,0,0,0,0,0,0,0
13,13,13,13,1,0,0,0,0,0,0,0,0
12,13,13,13,13,1,0,0,0,0,0,0,0
12,13,12,9,12,1,0,0,0,0,0,0,0
12,12,13,12,9,12,1,0,0,0,0,0,0
12,13,12,9,12,12,1,0,0,0,0,0,0
15,1,15,15,15,1,0,0,0,0,0,0,0
1,0,1,2,2,15,1,0,0,0,0,0,0
1,1,0,1,2,1,1,1,0,0,0,0,0
3,15,1,0,1,15,3,15,1,0,0,0,0
2,3,1,1,15,2,2,3,1,0,0,0,0
SpriteSpeccyBlock,3,2,2
7,0,0,7,0,1
7,0,1,7,0,1
SpriteAttribs,3,0,0,0
SpriteBitmapBlock,4,16,16
0,0,0,0,0,0,0,0,0,0,0,0,0,0,0,1
0,0,0,0,0,0,0,0,0,0,0,0,0,1,1,1
0,0,0,0,0,0,0,0,0,0,0,0,1,1,14,12
0,0,0,0,0,0,0,0,0,0,0,1,14,11,2,2
0,0,0,0,0,0,0,0,0,0,1,11,11,2,9,9
0,0,0,0,0,0,1,1,1,1,2,3,2,2,9,9
0,0,0,0,0,1,14,14,11,14,11,2,3,12,2,2
0,0,0,0,0,0,1,14,14,11,11,12,12,11,11,11
0,0,0,0,0,0,0,1,1,14,13,15,1,1,1,12
0,0,0,0,0,0,0,0,0,1,15,1,10,5,1,15
0,0,0,0,0,0,0,0,0,1,2,1,1,10,1,2
0,0,0,0,0,0,0,0,0,1,15,2,1,1,2,2
0,0,0,0,0,0,0,0,0,0,1,2,2,2,15,2
0,0,0,0,0,0,0,0,0,0,1,15,2,2,2,2
0,0,0,0,0,0,0,0,0,0,0,1,15,9,1,1
0,0,0,0,0,0,0,0,0,0,0,0,1,2,1,9
SpriteSpeccyBlock,4,2,2
7,0,1,7,0,1
7,0,1,7,0,1
SpriteAttribs,4,0,0,0
SpriteBitmapBlock,5,16,14
3,4,4,1,0,0,0,0,0,0,0,0,0,0
1,3,1,1,1,0,0,0,0,0,0,0,0,0
11,12,12,11,14,1,1,0,0,0,0,0,0,0
2,12,12,12,11,11,14,1,0,0,0,0,0,0
2,2,12,9,12,11,11,14,1,0,0,0,0,0
9,2,2,3,2,3,2,3,2,1,0,0,0,0
2,2,3,2,3,2,3,2,3,1,0,0,0,0
11,12,12,12,12,11,11,11,14,14,1,0,0,0
15,5,10,5,5,13,13,11,11,14,1,0,0,0
5,10,1,11,5,2,12,15,12,11,1,0,0,0
10,10,10,1,10,2,12,1,15,1,0,0,0,0
2,10,10,10,2,2,2,1,2,1,0,0,0,0
2,2,2,2,1,2,2,2,1,1,0,1,0,0
15,1,9,1,15,2,15,1,1,2,1,2,1,0
1,1,15,2,2,2,15,1,1,12,12,13,2,1
1,15,2,2,2,15,1,1,15,2,12,12,1,0
SpriteSpeccyBlock,5,2,2
7,0,1,7,0,1
7,0,1,7,0,1
SpriteAttribs,5,0,0,0
SpriteBitmapBlock,6,16,16
0,0,0,0,0,0,0,0,0,0,0,0,1,1,1,1
0,0,0,0,0,0,0,0,0,0,0,1,1,1,1,4
0,0,0,0,0,0,0,0,0,0,1,1,15,1,4,10
0,0,0,0,0,0,0,0,1,1,15,2,2,1,4,10
0,0,0,0,0,0,0,1,15,13,12,2,1,1,1,4
0,0,0,0,0,0,0,0,1,12,12,12,1,11,1,1
0,0,0,0,0,0,0,1,2,12,2,5,14,11,2,13
0,0,0,0,0,0,1,6,1,1,1,5,1,1,13,9
0,0,0,0,0,0,0,1,6,6,5,1,0,1,13,9
0,0,0,0,0,0,0,1,3,15,2,1,0,1,9,13
0,0,0,0,0,0,0,1,3,15,2,1,1,13,12,9
0,0,0,0,0,0,0,1,3,15,2,1,1,13,15,15
0,0,0,0,0,0,1,3,2,3,3,4,1,1,2,15
0,0,0,0,0,0,1,3,2,3,2,4,15,3,1,2
0,0,0,0,0,0,1,2,3,2,3,15,2,2,3,1
0,0,0,0,0,0,0,1,2,3,4,1,15,2,2,15
SpriteSpeccyBlock,6,2,2
7,0,1,7,0,0
7,0,1,7,0,1
SpriteAttribs,6,0,0,0
SpriteBitmapBlock,7,16,14
1,1,2,2,1,1,1,15,2,2,12,12,2,1
4,1,1,1,1,15,15,2,15,15,1,1,1,0
10,4,1,14,15,2,2,15,1,1,0,0,0,0
10,4,1,11,2,15,1,1,0,0,0,0,0,0
4,1,1,11,1,1,0,0,0,0,0,0,0,0
1,1,11,14,1,0,0,0,0,0,0,0,0,0
13,13,13,13,1,0,0,0,0,0,0,0,0,0
12,12,12,13,13,1,0,0,0,0,0,0,0,0
12,13,9,12,13,1,0,0,0,0,0,0,0,0
13,12,12,9,13,1,0,0,0,0,0,0,0,0
12,13,9,12,12,1,0,0,0,0,0,0,0,0
1,1,15,15,15,1,0,0,0,0,0,0,0,0
1,1,15,2,1,0,0,0,0,0,0,0,0,0
1,1,2,1,0,0,0,0,0,0,0,0,0,0
1,15,2,3,1,0,0,0,0,0,0,0,0,0
1,1,15,2,3,1,0,0,0,0,0,0,0,0
SpriteSpeccyBlock,7,2,2
7,0,0,7,0,1
7,0,1,7,0,1
SpriteAttribs,7,0,0,0
SpriteBitmapBlock,8,16,16
0,0,0,0,0,0,0,0,0,0,0,1,1,4,3,1
0,0,0,0,0,0,0,0,0,0,1,3,4,1,1,3
0,0,0,0,0,0,0,0,0,0,1,1,14,14,12,12
0,0,0,0,0,0,0,0,0,1,14,11,11,12,12,12
0,0,0,0,0,0,0,0,1,14,11,11,12,9,12,11
0,0,0,0,0,0,0,1,14,11,11,11,12,12,12,11
0,0,0,0,0,0,0,1,2,3,2,3,2,3,2,3
0,0,0,0,0,0,1,14,3,2,3,2,3,2,3,2
0,0,0,0,0,0,1,14,11,11,11,12,12,12,12,12
0,0,0,0,0,0,1,14,14,11,11,11,12,9,12,11
0,0,0,0,0,0,0,1,13,13,13,13,13,13,13,13
0,0,0,0,0,1,0,1,13,12,9,13,12,9,12,9
0,0,0,0,1,2,1,2,1,13,12,12,12,12,9,12
0,0,0,1,2,13,12,12,1,13,12,9,12,12,12,13
0,0,0,0,1,12,12,12,15,1,13,12,13,12,13,12
0,0,0,1,2,12,12,2,2,15,1,13,2,13,2,2
SpriteSpeccyBlock,8,2,2
7,0,1,7,0,1
7,0,1,7,0,1
SpriteAttribs,8,0,0,0
SpriteBitmapBlock,9,16,12
3,4,4,3,1,0,0,0,0,0,0,0
1,1,1,1,0,0,0,0,0,0,0,0
11,12,14,1,1,0,0,0,0,0,0,0
11,12,12,11,14,1,0,0,0,0,0,0
11,12,12,12,11,14,1,0,0,0,0,0
11,11,12,12,12,2,3,1,0,0,0,0
2,3,2,3,2,3,2,3,1,1,1,0
3,2,3,2,3,11,11,11,14,11,14,1
11,11,11,12,12,11,11,11,11,14,1,0
11,11,11,12,9,12,12,1,1,1,0,0
13,13,13,13,13,13,1,0,0,0,0,0
12,12,9,12,13,12,12,1,0,0,0,0
13,12,12,9,12,12,1,0,0,0,0,0
12,12,12,12,12,13,1,0,0,0,0,0
13,12,13,12,13,1,0,0,0,0,0,0
13,2,13,15,1,0,0,0,0,0,0,0
SpriteSpeccyBlock,9,2,2
7,0,1,7,0,1
7,0,1,7,0,1
SpriteAttribs,9,0,0,0
SpriteBitmapBlock,10,16,16
0,0,0,0,1,1,1,1,2,2,15,1,1,15,1,1
0,0,0,0,0,0,0,0,1,2,2,2,15,1,1,10
0,0,0,0,0,0,0,0,0,1,1,2,2,1,10,4
0,0,0,0,0,0,0,0,0,0,0,1,1,1,10,4
0,0,0,0,0,0,0,0,0,0,0,0,1,1,1,10
0,0,0,0,0,0,0,0,0,0,0,1,14,11,1,1
0,0,0,0,0,0,0,0,0,0,0,0,1,13,11,14
0,0,0,0,0,0,0,0,0,0,0,1,13,12,12,12
0,0,0,0,0,0,0,0,0,0,0,1,12,9,12,13
0,0,0,0,0,0,0,0,0,0,1,13,12,9,12,13
0,0,0,0,0,0,0,0,0,0,1,12,9,12,12,13
0,0,0,0,0,0,0,0,0,0,0,1,15,15,15,1
0,0,0,0,0,0,0,0,0,0,1,15,2,15,1,0
0,0,0,0,0,0,0,0,0,1,1,1,2,1,0,1
0,0,0,0,0,0,0,0,1,15,2,3,1,0,1,15
0,0,0,0,0,0,0,0,1,2,3,2,2,1,1,3
SpriteSpeccyBlock,10,2,2
7,0,1,7,0,0
7,0,1,7,0,1
SpriteAttribs,10,0,0,0
SpriteBitmapBlock,11,16,10
1,1,15,1,1,0,0,0,0,0
10,1,1,2,15,1,0,0,0,0
4,10,1,11,2,15,1,0,0,0
4,10,1,1,1,2,15,1,0,0
10,1,1,11,1,12,12,13,1,0
1,1,11,11,2,12,12,12,2,1
11,11,14,14,1,13,2,13,2,1
12,12,13,1,5,1,1,1,6,1
12,9,12,1,1,5,6,6,1,0
13,12,9,12,1,2,1,3,1,0
12,9,12,13,1,2,1,3,1,0
15,15,15,1,1,2,1,3,1,0
1,15,2,1,3,3,3,3,4,1
1,2,1,1,3,2,3,2,4,1
3,1,2,1,2,3,2,3,2,1
2,2,15,1,1,4,3,2,1,0
SpriteSpeccyBlock,11,2,2
7,0,0,7,0,1
7,0,1,7,0,1
SpriteAttribs,11,0,0,0
SpriteBitmapBlock,12,16,16
0,0,0,0,0,0,0,0,0,0,0,0,0,1,4,4
0,0,0,0,0,0,0,0,0,0,0,1,1,1,1,3
0,0,0,0,0,0,0,0,0,0,1,1,14,14,12,12
0,0,0,0,0,0,0,0,0,1,14,11,11,12,12,12
0,0,0,0,0,0,0,0,1,14,11,11,12,9,12,11
0,0,0,0,0,0,0,1,14,11,11,11,12,12,12,11
0,0,0,0,0,0,0,1,2,3,2,3,2,3,2,3
0,0,0,0,0,0,1,14,3,2,3,2,3,2,3,2
0,0,0,0,0,0,1,14,11,11,11,12,12,12,12,12
0,0,0,0,0,0,1,14,14,11,11,11,12,9,12,11
0,0,0,0,0,0,0,1,13,13,13,13,13,13,13,13
0,0,0,0,0,0,0,1,13,12,12,9,12,9,12,9
0,0,0,0,0,0,0,1,13,13,12,12,12,12,12,9
0,0,0,0,0,1,0,1,1,13,9,12,12,12,12,12
0,0,0,0,1,2,1,2,1,1,13,12,12,13,12,12
0,0,0,1,2,13,12,12,1,1,1,13,13,13,2,13
SpriteSpeccyBlock,12,2,2
7,0,1,7,0,1
7,0,1,7,0,1
SpriteAttribs,12,0,0,0
SpriteBitmapBlock,13,16,11
3,1,0,0,0,0,0,0,0,0,0
1,1,1,0,0,0,0,0,0,0,0
11,12,14,1,1,0,0,0,0,0,0
11,12,12,11,14,1,0,0,0,0,0
11,12,12,12,11,14,1,0,0,0,0
11,11,12,12,12,2,3,1,1,1,0
2,3,2,3,2,3,14,11,11,14,1
3,2,3,2,3,11,11,11,14,1,0
11,11,11,12,12,11,14,1,1,0,0
11,11,11,12,9,12,1,0,0,0,0
13,13,13,13,13,13,1,0,0,0,0
12,13,9,13,12,12,1,0,0,0,0
12,12,9,12,12,12,1,0,0,0,0
12,12,12,12,12,13,1,0,0,0,0
13,12,13,12,13,1,0,0,0,0,0
13,2,13,15,1,0,0,0,0,0,0
SpriteSpeccyBlock,13,2,2
7,0,1,7,0,1
7,0,1,7,0,1
SpriteAttribs,13,0,0,0
SpriteBitmapBlock,14,16,16
0,0,0,0,1,12,12,12,15,1,1,1,1,15,1,1
0,0,0,1,2,12,12,2,2,15,15,1,1,1,1,4
0,0,0,0,0,0,1,1,2,2,2,15,15,1,4,10
0,0,0,0,0,0,0,0,1,1,2,2,2,1,4,10
0,0,0,0,0,0,0,0,0,0,1,1,1,1,1,4
0,0,0,0,0,0,0,0,0,0,0,1,14,11,1,1
0,0,0,0,0,0,0,0,0,0,0,1,14,13,11,14
0,0,0,0,0,0,0,0,0,0,0,1,13,12,12,12
0,0,0,0,0,0,0,0,0,0,0,1,12,9,12,13
0,0,0,0,0,0,0,0,0,0,0,1,13,12,12,13
0,0,0,0,0,0,0,0,0,0,0,1,13,12,9,12
0,0,0,0,0,0,0,0,0,0,0,0,1,15,15,1
0,0,0,0,0,0,0,0,0,0,0,1,15,2,1,0
0,0,0,0,0,0,0,0,0,0,1,1,15,15,1,0
0,0,0,0,0,0,0,0,0,1,15,3,1,2,1,1
0,0,0,0,0,0,0,0,0,1,3,2,2,1,0,1
SpriteSpeccyBlock,14,2,2
7,0,1,7,0,0
7,0,1,7,0,1
SpriteAttribs,14,0,0,0
SpriteBitmapBlock,15,16,11
1,1,15,1,1,0,0,0,0,0,0
4,1,1,15,1,1,0,0,0,0,0
10,4,1,15,15,1,1,0,0,0,0
10,4,1,15,2,15,1,1,0,0,0
4,1,1,11,1,12,12,13,1,0,0
1,1,11,14,2,12,12,12,2,1,0
11,11,14,1,1,1,13,2,13,2,1
12,12,13,1,1,5,1,1,1,6,1
12,9,12,1,0,1,5,6,6,1,0
13,12,9,12,1,1,2,1,3,1,0
13,12,9,12,1,1,2,1,3,1,0
2,15,15,1,0,1,2,1,3,1,0
1,2,15,1,1,3,3,3,3,4,1
1,2,1,15,1,3,2,3,2,4,1
15,1,3,15,1,2,3,2,3,2,1
2,3,2,1,0,1,4,3,2,1,0
SpriteSpeccyBlock,15,2,2
7,0,0,7,0,1
7,0,1,7,0,1
SpriteAttribs,15,0,0,0
SpriteDataOffSet,&180
eof
