FileVersion,1
Sprites,64
Colorselector,0,128,0,0
Colorselector,1,0,0,0
Colorselector,2,79,79,79
Colorselector,3,161,161,161
Colorselector,4,255,255,255
Colorselector,5,128,0,128
Colorselector,6,210,0,210
Colorselector,7,64,128,128
Colorselector,8,0,255,255
Colorselector,9,128,255,128
Colorselector,10,255,0,0
Colorselector,11,255,128,128
Colorselector,12,0,255,0
Colorselector,13,0,128,0
Colorselector,14,111,17,45
Colorselector,15,62,62,62
Colorselector,16,255,0,255
spritebank,0
SpriteStart
SpriteBitmapBlock,0,16,16
0,0,0,0,0,0,0,0,0,0,0,0,0,0,0,0
0,0,0,0,0,0,0,0,0,0,0,0,0,0,0,0
0,0,0,0,0,0,0,0,0,0,0,0,0,0,0,0
0,0,0,0,0,0,0,0,0,0,0,0,0,0,0,0
0,0,0,0,0,0,0,0,0,0,0,0,0,0,0,1
0,0,0,0,0,0,0,0,0,0,0,0,0,0,1,2
0,0,0,0,0,0,0,0,0,0,0,0,1,1,2,3
0,0,0,0,0,0,0,0,0,0,0,1,12,1,12,14
0,0,0,0,0,0,0,0,0,1,0,0,1,12,12,12
0,0,0,0,0,0,0,1,1,2,1,0,1,12,12,2
0,0,0,0,0,0,1,2,12,12,1,0,0,1,2,1
0,0,0,0,0,1,2,12,12,1,1,0,0,1,2,15
0,0,0,0,1,2,12,12,1,2,2,1,1,0,1,15
0,0,0,0,0,1,1,1,15,15,2,2,2,1,1,15
0,0,0,0,0,0,0,0,1,1,15,2,2,14,14,1
0,0,0,0,0,0,0,0,0,0,1,14,11,11,11,14
SpriteSpeccyBlock,0,2,2
7,0,1,7,0,1
7,0,1,7,0,1
SpriteAttribs,0,0,0,0
SpriteBitmapBlock,1,16,16
0,0,0,1,3,4,4,1,1,0,1,1,1,0,0,0
0,0,0,0,1,1,3,4,3,1,3,4,4,1,1,1
0,0,1,1,1,1,1,1,1,3,1,1,3,4,3,1
1,1,14,14,14,14,14,12,2,1,1,1,0,0,0,0
14,14,11,11,11,12,12,9,12,12,14,1,0,0,0,0
3,2,3,2,3,9,9,12,12,12,11,14,1,0,0,0
2,3,2,3,2,12,12,12,12,11,11,14,1,1,0,0
11,11,11,11,3,2,3,2,3,2,11,2,2,2,1,0
2,14,14,11,11,3,2,3,2,11,2,2,2,9,1,0
1,2,12,14,14,11,11,11,12,12,2,2,9,12,1,0
2,12,12,15,15,14,14,11,11,11,11,9,12,2,1,0
12,2,2,2,2,12,15,15,15,14,11,11,2,1,1,0
2,2,1,1,2,2,2,10,10,15,14,11,1,0,0,0
2,9,1,9,2,2,10,11,1,10,15,14,11,1,0,0
2,1,1,2,2,2,10,1,11,1,1,14,11,11,1,0
1,2,1,1,2,2,2,2,15,1,0,1,1,11,1,0
SpriteSpeccyBlock,1,2,2
7,0,1,7,0,1
7,0,1,7,0,1
SpriteAttribs,1,0,0,0
SpriteBitmapBlock,2,16,16
0,0,0,0,0,0,0,0,1,1,14,11,11,14,1,1
0,0,0,0,0,0,0,1,14,14,11,14,11,1,1,4
0,0,0,0,0,1,1,13,13,1,14,11,11,1,4,10
0,0,0,1,1,13,13,13,1,13,14,11,11,1,4,10
1,1,1,13,13,13,12,12,12,1,12,14,15,1,1,4
3,3,1,13,13,12,12,9,12,12,12,12,15,1,1,1
1,2,3,1,12,12,9,12,12,12,12,1,13,1,6,1
2,2,2,1,15,15,12,13,1,12,9,12,1,0,1,6
1,2,1,2,2,15,1,1,13,12,9,12,1,0,0,1
0,1,2,1,2,1,0,1,15,12,12,13,1,0,0,0
0,0,0,0,1,0,1,2,15,15,13,1,0,0,0,0
0,0,0,0,0,1,2,1,2,2,1,0,0,0,0,0
0,0,0,0,1,2,2,3,1,1,0,0,0,0,0,0
0,0,0,0,0,1,2,2,3,1,0,0,0,0,0,0
0,0,0,0,0,0,1,2,2,3,1,0,0,0,0,0
0,0,0,0,0,0,0,1,1,1,0,0,0,0,0,0
SpriteSpeccyBlock,2,2,2
7,0,1,7,0,0
7,0,1,7,0,1
SpriteAttribs,2,0,0,0
SpriteBitmapBlock,3,10,16
1,1,2,9,1,2,2,15,1,0,0,0,0,1,0,0
4,1,1,2,2,15,1,1,0,0,0,0,0,0,0,0
10,4,1,1,1,1,0,0,1,1,2,4,2,1,1,0
10,4,1,2,2,2,1,1,1,2,4,3,3,4,4,1
4,1,1,4,4,1,12,12,4,3,3,3,3,2,2,1
1,1,3,3,3,12,12,12,3,3,3,3,3,3,3,3
6,2,2,2,1,2,12,2,1,3,3,3,3,2,2,1
1,1,1,1,1,1,1,1,1,2,2,3,3,3,3,1
0,0,0,0,0,0,0,0,0,1,15,2,2,1,1,0
0,0,0,0,0,0,0,0,0,0,1,1,1,0,0,0
SpriteSpeccyBlock,3,2,2
7,0,0,7,0,1
7,0,1,7,0,1
SpriteAttribs,3,0,0,0
SpriteBitmapBlock,4,16,16
0,0,0,0,0,0,0,0,0,0,0,0,0,0,0,0
0,0,0,0,0,0,0,0,0,0,0,0,0,0,0,0
0,0,0,0,0,0,0,0,0,0,0,0,0,0,0,0
0,0,0,0,0,0,0,0,0,0,0,0,0,0,0,0
0,0,0,0,0,0,0,0,0,0,0,0,0,0,0,1
0,0,0,0,0,0,0,0,0,0,0,0,0,0,1,2
0,0,0,0,0,0,0,0,0,0,0,0,0,1,2,3
0,0,0,0,0,0,0,0,0,0,0,1,1,1,12,14
0,0,0,0,0,0,0,0,0,1,1,2,12,12,12,12
0,0,0,0,0,0,0,1,1,2,12,12,1,12,12,2
0,0,0,0,0,0,1,1,2,12,12,1,0,1,2,1
0,0,0,0,0,0,1,2,12,12,2,2,1,1,2,15
0,0,0,0,0,0,0,1,1,1,15,2,1,0,1,15
0,0,0,0,0,0,0,0,0,1,15,2,2,1,1,15
0,0,0,0,0,0,0,0,1,0,1,15,2,14,14,1
0,0,0,0,0,0,0,1,11,1,1,14,11,11,11,14
SpriteSpeccyBlock,4,2,2
7,0,1,7,0,1
7,0,1,7,0,1
SpriteAttribs,4,0,0,0
SpriteBitmapBlock,5,16,16
0,0,0,0,0,0,0,0,1,1,1,0,0,0,0,0
0,0,0,0,0,0,0,1,3,4,3,1,0,0,0,0
0,0,1,1,1,1,1,1,1,2,1,0,0,0,0,0
1,1,14,14,14,14,14,12,2,2,14,1,0,0,0,0
14,14,11,11,11,12,12,9,12,12,14,1,0,0,0,0
3,2,3,2,3,9,9,12,12,12,11,14,1,0,0,0
2,3,2,3,2,3,12,12,12,11,11,11,1,1,0,0
11,11,11,11,3,2,3,2,3,2,3,2,2,2,1,0
2,14,14,11,11,3,2,3,2,3,2,2,2,9,1,0
1,2,12,14,14,11,11,11,12,12,2,2,9,12,1,0
2,12,12,15,15,14,14,11,11,11,11,9,12,2,1,0
15,12,2,1,2,15,12,15,15,14,11,11,2,1,0,0
2,2,1,1,1,2,2,10,10,15,14,11,11,1,0,0
2,9,1,1,9,2,10,11,1,10,15,14,11,11,1,0
2,1,1,1,1,2,10,1,11,1,1,1,1,11,11,1
1,2,1,1,1,2,2,2,15,1,0,0,0,1,1,1
SpriteSpeccyBlock,5,2,2
7,0,1,7,0,1
7,0,1,7,0,1
SpriteAttribs,5,0,0,0
SpriteBitmapBlock,6,16,16
0,0,0,0,0,0,0,1,11,11,11,11,14,11,1,1
0,0,0,1,0,0,0,1,14,14,14,11,11,1,1,10
0,0,1,13,1,1,1,1,13,1,14,11,15,1,10,4
1,1,1,13,13,13,13,13,1,13,14,15,2,1,10,4
1,3,2,1,12,12,13,12,12,12,13,15,2,1,1,10
3,2,2,1,13,12,9,9,12,12,1,13,15,1,1,1
2,2,1,2,15,12,12,12,12,12,12,12,13,1,5,1
15,2,1,15,15,15,13,1,1,12,9,12,1,1,6,1
1,15,2,1,1,1,1,1,13,12,9,12,1,0,1,6
0,1,1,0,0,0,0,1,2,12,12,13,1,0,0,1
0,0,0,0,0,0,0,1,15,15,15,13,1,0,0,0
0,0,0,0,0,0,0,1,15,2,2,1,0,0,0,0
0,0,0,0,0,0,0,0,1,2,1,3,1,0,0,0
0,0,0,0,0,0,0,1,15,1,3,2,1,0,0,0
0,0,0,0,0,0,0,0,1,15,2,1,0,0,0,0
0,0,0,0,0,0,0,0,0,1,1,0,0,0,0,0
SpriteSpeccyBlock,6,2,2
7,0,1,7,0,0
7,0,1,7,0,1
SpriteAttribs,6,0,0,0
SpriteBitmapBlock,7,11,16
1,1,2,9,1,1,2,15,1,0,0,0,0,0,0,0
10,1,1,2,2,15,1,1,0,0,0,0,0,0,0,0
4,10,1,1,1,1,0,0,0,1,1,1,1,0,0,0
4,10,1,2,1,1,0,0,1,1,2,4,2,1,1,1
10,1,1,15,2,2,1,1,1,2,4,3,3,4,4,1
1,1,4,1,15,12,12,4,4,3,3,3,3,2,2,1
5,3,3,3,12,12,12,3,3,3,3,3,3,3,3,3
6,2,2,1,2,12,2,1,3,3,3,3,3,2,2,1
1,1,1,1,1,1,1,1,1,2,2,3,3,3,3,1
0,0,0,0,0,0,0,0,0,1,15,2,2,1,1,1
0,0,0,0,0,0,0,0,0,0,1,1,1,0,0,0
SpriteSpeccyBlock,7,2,2
7,0,0,7,0,1
7,0,1,7,0,1
SpriteAttribs,7,0,0,0
SpriteBitmapBlock,8,16,16
0,0,0,1,1,1,0,1,1,4,4,3,1,0,0,0
1,1,1,4,4,3,1,3,4,3,1,1,0,0,0,0
1,3,4,3,1,1,3,1,1,1,1,1,1,1,0,0
0,0,0,0,1,1,1,2,12,14,14,14,14,14,1,1
0,0,0,0,1,14,12,12,9,12,12,11,11,11,14,14
0,0,0,1,14,11,12,12,12,9,9,3,2,3,2,3
0,0,1,1,14,11,11,12,12,12,3,2,3,2,3,2
0,1,2,2,2,3,2,3,2,3,2,3,11,11,11,11
0,1,9,2,2,2,3,2,3,2,3,11,11,14,14,2
0,1,12,9,2,2,12,12,11,11,11,14,14,12,2,1
0,1,2,12,9,11,11,11,11,14,14,15,15,12,12,2
0,1,1,2,11,11,14,15,15,15,12,2,2,2,2,13
0,0,0,1,11,14,15,1,1,1,15,2,1,1,2,2
0,0,1,11,14,15,1,10,5,1,15,2,9,1,9,2
0,1,11,11,14,1,1,1,10,1,2,2,2,1,1,2
0,1,11,1,1,0,1,1,1,2,2,2,1,1,2,1
SpriteSpeccyBlock,8,2,2
7,0,1,7,0,1
7,0,1,7,0,1
SpriteAttribs,8,0,0,0
SpriteBitmapBlock,9,16,12
0,0,0,0,0,0,0,0,0,0,0,0
0,0,0,0,0,0,0,0,0,0,0,0
0,0,0,0,0,0,0,0,0,0,0,0
0,0,0,0,0,0,0,0,0,0,0,0
1,0,0,0,0,0,0,0,0,0,0,0
2,1,0,0,0,0,0,0,0,0,0,0
3,2,1,1,0,0,0,0,0,0,0,0
14,12,1,12,1,0,0,0,0,0,0,0
12,12,12,1,0,0,1,0,0,0,0,0
2,12,12,1,0,1,2,1,1,0,0,0
1,2,1,0,0,1,12,12,2,1,0,0
15,2,1,0,0,1,1,12,12,2,1,0
15,1,0,1,1,2,2,1,12,12,2,1
15,1,1,2,2,2,15,15,1,1,1,0
1,14,14,2,2,15,1,1,0,0,0,0
14,11,11,11,14,1,0,0,0,0,0,0
SpriteSpeccyBlock,9,2,2
7,0,1,7,0,1
7,0,1,7,0,1
SpriteAttribs,9,0,0,0
SpriteBitmapBlock,10,10,16
0,0,1,0,0,0,0,1,15,2,2,1,9,2,1,1
0,0,0,0,0,0,0,0,1,1,15,2,2,1,1,4
0,1,1,2,4,2,1,1,0,0,1,1,1,1,4,10
1,4,4,3,3,4,2,1,1,1,2,2,2,1,4,10
1,2,2,3,3,3,3,4,12,12,1,4,4,1,1,4
3,3,3,3,3,3,3,3,12,12,12,3,3,3,1,1
1,2,2,3,3,3,3,1,2,12,2,1,2,2,2,6
1,3,3,3,3,2,2,1,1,1,1,1,1,1,1,1
0,1,1,2,2,15,1,0,0,0,0,0,0,0,0,0
0,0,0,1,1,1,0,0,0,0,0,0,0,0,0,0
SpriteSpeccyBlock,10,2,2
7,0,1,7,0,0
7,0,1,7,0,1
SpriteAttribs,10,0,0,0
SpriteBitmapBlock,11,16,16
1,1,14,11,11,14,1,1,0,0,0,0,0,0,0,0
4,1,1,11,14,11,14,14,1,0,0,0,0,0,0,0
10,4,1,11,11,14,1,13,13,1,1,0,0,0,0,0
10,4,1,11,11,14,13,1,13,13,13,1,1,0,0,0
4,1,1,15,14,12,1,12,12,12,13,13,13,1,1,1
1,1,1,15,12,12,12,12,9,12,12,13,13,1,3,3
1,6,1,13,1,12,12,12,12,9,12,12,1,3,2,1
6,1,0,1,12,9,12,1,13,12,15,15,1,2,2,2
1,0,0,1,12,9,12,13,1,1,15,2,2,1,2,1
0,0,0,1,13,12,12,15,1,0,1,2,1,2,1,0
0,0,0,0,1,13,15,15,2,1,0,1,0,0,0,0
0,0,0,0,0,1,2,2,1,2,1,0,0,0,0,0
0,0,0,0,0,0,1,1,3,2,2,1,0,0,0,0
0,0,0,0,0,0,1,3,2,2,1,0,0,0,0,0
0,0,0,0,0,1,3,2,2,1,0,0,0,0,0,0
0,0,0,0,0,0,1,1,1,0,0,0,0,0,0,0
SpriteSpeccyBlock,11,2,2
7,0,0,7,0,1
7,0,1,7,0,1
SpriteAttribs,11,0,0,0
SpriteBitmapBlock,12,16,16
0,0,0,0,0,1,1,1,0,0,0,0,0,0,0,0
0,0,0,0,1,3,4,3,1,0,0,0,0,0,0,0
0,0,0,0,0,1,2,1,1,1,1,1,1,1,0,0
0,0,0,0,1,14,2,2,12,14,14,14,14,14,1,1
0,0,0,0,1,14,12,12,9,12,12,11,11,11,14,14
0,0,0,1,14,11,12,12,12,9,9,3,2,3,2,3
0,0,1,1,11,11,11,12,12,12,3,2,3,2,3,2
0,1,2,2,2,3,2,3,2,3,2,3,11,11,11,11
0,1,9,2,2,2,3,2,3,2,3,11,11,14,14,2
0,1,12,9,2,2,12,12,11,11,11,14,14,12,2,1
0,1,2,12,9,11,11,11,11,14,14,15,15,12,12,2
0,0,1,2,11,11,14,15,15,12,15,2,1,2,12,15
0,0,1,11,11,14,15,1,1,1,15,1,1,1,2,2
0,1,11,11,14,15,1,10,5,1,15,9,1,1,9,2
1,11,11,1,1,1,1,1,10,1,2,1,1,1,1,2
1,1,1,0,0,0,1,1,1,2,2,1,1,1,2,1
SpriteSpeccyBlock,12,2,2
7,0,1,7,0,1
7,0,1,7,0,1
SpriteAttribs,12,0,0,0
SpriteBitmapBlock,13,16,10
0,0,0,0,0,0,0,0,0,0
0,0,0,0,0,0,0,0,0,0
0,0,0,0,0,0,0,0,0,0
0,0,0,0,0,0,0,0,0,0
1,0,0,0,0,0,0,0,0,0
2,1,0,0,0,0,0,0,0,0
3,2,1,0,0,0,0,0,0,0
14,12,1,1,1,0,0,0,0,0
12,12,12,12,2,1,1,0,0,0
2,12,12,1,12,12,2,1,1,0
1,2,1,0,1,12,12,2,1,1
15,2,1,1,2,2,12,12,2,1
15,1,0,1,2,15,1,1,1,0
15,1,1,2,2,15,1,0,0,0
1,14,14,2,15,1,0,1,0,0
14,11,11,11,14,1,1,11,1,0
SpriteSpeccyBlock,13,2,2
7,0,1,7,0,1
7,0,1,7,0,1
SpriteAttribs,13,0,0,0
SpriteBitmapBlock,14,11,16
0,0,0,0,0,0,0,1,15,2,1,1,9,2,1,1
0,0,0,0,0,0,0,0,1,1,15,2,2,1,1,10
0,0,0,1,1,1,1,0,0,0,1,1,1,1,10,4
1,1,1,2,4,2,1,1,0,0,1,1,2,1,10,4
1,4,4,3,3,4,2,1,1,1,2,2,15,1,1,10
1,2,2,3,3,3,3,4,4,12,12,15,1,4,1,1
3,3,3,3,3,3,3,3,3,12,12,12,3,3,3,5
1,2,2,3,3,3,3,3,1,2,12,2,1,2,2,6
1,3,3,3,3,2,2,1,1,1,1,1,1,1,1,1
1,1,1,2,2,15,1,0,0,0,0,0,0,0,0,0
0,0,0,1,1,1,0,0,0,0,0,0,0,0,0,0
SpriteSpeccyBlock,14,2,2
7,0,1,7,0,0
7,0,1,7,0,1
SpriteAttribs,14,0,0,0
SpriteBitmapBlock,15,16,16
1,1,11,14,11,11,11,11,1,0,0,0,0,0,0,0
10,1,1,11,11,14,14,14,1,0,0,0,1,0,0,0
4,10,1,15,11,14,1,13,1,1,1,1,13,1,0,0
4,10,1,2,15,14,13,1,13,13,13,13,13,1,1,1
10,1,1,2,15,13,12,12,12,13,12,12,1,2,3,1
1,1,1,15,13,1,12,12,9,9,12,13,1,2,2,3
1,5,1,13,12,12,12,12,12,12,12,15,2,1,2,2
1,6,1,1,12,9,12,1,1,13,15,15,15,1,2,15
6,1,0,1,12,9,12,13,1,1,1,1,1,2,15,1
1,0,0,1,13,12,12,2,1,0,0,0,0,1,1,0
0,0,0,1,13,15,15,15,1,0,0,0,0,0,0,0
0,0,0,0,1,2,2,15,1,0,0,0,0,0,0,0
0,0,0,1,3,1,2,1,0,0,0,0,0,0,0,0
0,0,0,1,2,3,1,15,1,0,0,0,0,0,0,0
0,0,0,0,1,2,15,1,0,0,0,0,0,0,0,0
0,0,0,0,0,1,1,0,0,0,0,0,0,0,0,0
SpriteSpeccyBlock,15,2,2
7,0,0,7,0,1
7,0,1,7,0,1
SpriteAttribs,15,0,0,0
SpriteDataOffSet,&180
eof
