FileVersion,1
Sprites,64
Colorselector,0,128,0,0
Colorselector,1,0,0,0
Colorselector,2,79,79,79
Colorselector,3,161,161,161
Colorselector,4,255,255,255
Colorselector,5,128,0,128
Colorselector,6,210,0,210
Colorselector,7,64,128,128
Colorselector,8,0,255,255
Colorselector,9,128,255,128
Colorselector,10,255,0,0
Colorselector,11,255,128,128
Colorselector,12,0,255,0
Colorselector,13,0,128,0
Colorselector,14,111,17,45
Colorselector,15,62,62,62
Colorselector,16,255,0,255
spritebank,0
SpriteStart
SpriteBitmapBlock,0,16,16
0,0,0,0,0,0,0,0,0,0,0,0,0,0,0,0
0,0,0,0,0,0,0,0,0,0,0,0,0,1,1,1
0,0,0,0,0,0,0,0,0,0,0,0,1,5,5,5
0,0,0,0,0,0,0,0,0,0,1,5,5,1,1,1
0,0,0,0,0,0,0,0,0,1,5,1,1,1,1,1
0,0,0,0,0,0,0,0,1,6,1,1,1,5,6,5
0,1,1,4,1,0,0,1,6,1,5,1,1,1,1,1
1,4,4,2,3,1,1,5,1,5,1,5,5,1,1,1
4,3,1,1,1,4,1,5,1,1,1,4,1,5,5,6
4,1,1,1,3,1,3,5,1,4,3,4,1,10,11,5
4,3,1,1,2,1,1,5,1,4,3,4,1,10,5,1
3,1,3,4,1,1,1,1,5,1,4,4,4,1,1,1
1,0,1,4,2,1,1,5,1,1,1,3,4,4,4,4
0,1,4,1,2,3,1,1,5,1,1,3,4,1,1,4
0,0,1,0,1,1,3,2,5,1,1,1,3,1,14,14
0,0,0,0,0,0,1,1,1,5,1,5,1,3,3,14
SpriteSpeccyBlock,0,2,2
7,0,1,7,0,1
7,0,1,7,0,1
SpriteAttribs,0,0,0,0
SpriteBitmapBlock,1,16,16
1,5,5,6,6,5,5,1,1,0,0,0,0,0,0,0
5,5,1,1,1,1,1,6,6,1,0,0,0,0,0,0
5,5,5,5,5,1,0,1,1,6,1,0,0,0,0,0
1,1,1,1,1,5,1,1,0,1,5,1,0,0,0,0
6,5,1,1,1,1,6,5,1,0,1,5,1,0,0,0
1,1,6,5,1,1,1,6,6,1,1,5,1,0,0,0
1,1,1,1,1,1,1,1,5,1,0,1,0,0,0,0
1,1,1,1,1,5,5,1,1,5,1,0,1,4,1,0
1,1,6,5,5,1,5,1,6,1,0,1,3,1,4,1
4,1,5,11,10,1,3,5,1,6,1,4,1,1,1,3
1,4,1,10,5,1,3,5,1,5,3,4,1,1,1,3
4,4,4,1,1,4,3,1,1,5,1,1,3,1,1,3
4,3,4,4,4,4,1,1,5,1,1,1,2,1,1,4
4,4,4,4,4,3,1,1,4,4,1,1,1,4,3,4
1,1,1,4,3,1,1,5,4,4,1,3,2,4,1,4
14,1,3,5,1,1,4,5,5,1,3,1,4,1,0,1
SpriteSpeccyBlock,1,2,2
7,0,1,7,0,1
7,0,1,7,0,1
SpriteAttribs,1,0,0,0
SpriteBitmapBlock,2,16,16
0,0,0,0,0,0,0,1,5,5,1,7,1,1,1,1
0,0,0,0,0,0,0,1,5,1,7,1,1,1,1,4
0,0,0,0,0,0,1,5,1,1,8,1,1,1,4,10
0,0,0,0,0,0,0,1,5,1,3,8,1,1,4,10
0,0,0,0,0,0,0,1,5,1,4,3,8,1,1,4
0,0,0,0,0,0,0,0,1,5,4,4,1,1,1,1
0,0,0,0,0,0,0,1,5,1,5,5,5,1,8,9
0,0,0,0,0,0,0,0,1,1,4,4,3,1,1,1
0,0,0,0,0,0,0,0,0,1,4,4,8,1,1,1
0,0,0,0,0,0,0,0,0,0,1,4,5,8,9,9
0,0,0,0,0,0,0,0,0,0,0,1,1,2,2,1
0,0,0,0,0,0,0,0,0,0,0,0,1,3,3,1
0,0,0,0,0,0,0,0,0,0,0,1,8,4,4,1
0,0,0,0,0,0,0,0,0,0,1,9,8,8,7,1
0,0,0,0,0,0,0,0,0,1,9,8,8,7,1,0
0,0,0,0,0,0,0,0,0,0,1,8,7,1,0,0
SpriteSpeccyBlock,2,2,2
7,0,1,7,0,0
7,0,1,7,0,1
SpriteAttribs,2,0,0,0
SpriteBitmapBlock,3,16,14
1,1,5,1,8,4,4,4,1,2,1,1,4,1
4,1,1,7,1,8,4,1,2,1,0,0,1,0
10,4,1,1,1,1,8,1,5,1,0,0,0,0
10,4,1,1,1,8,1,5,1,0,0,0,0,0
4,1,1,8,8,1,1,1,5,1,0,0,0,0
1,1,1,1,9,5,1,5,1,0,0,0,0,0
1,1,1,1,8,1,5,1,0,0,0,0,0,0
9,8,1,1,1,9,1,0,0,0,0,0,0,0
1,1,1,1,1,8,1,0,0,0,0,0,0,0
1,1,1,9,8,1,0,0,0,0,0,0,0,0
9,9,8,1,1,0,0,0,0,0,0,0,0,0
1,3,3,1,0,0,0,0,0,0,0,0,0,0
1,4,4,1,0,0,0,0,0,0,0,0,0,0
1,7,8,9,1,0,0,0,0,0,0,0,0,0
1,7,8,8,9,1,0,0,0,0,0,0,0,0
0,1,7,8,8,1,0,0,0,0,0,0,0,0
SpriteSpeccyBlock,3,2,2
7,0,0,7,0,1
7,0,1,7,0,1
SpriteAttribs,3,0,0,0
SpriteBitmapBlock,4,16,16
0,0,0,0,0,0,0,0,0,0,0,0,0,0,0,0
0,0,0,0,0,0,0,0,0,0,0,0,0,1,1,1
0,0,0,0,0,0,0,0,0,0,0,0,1,5,5,5
0,0,0,0,0,0,0,0,0,0,1,1,5,1,1,1
0,0,0,0,0,0,0,0,0,1,6,5,1,5,1,1
0,0,0,0,0,0,0,0,1,5,1,1,1,1,6,5
0,0,0,0,0,0,0,1,5,1,1,5,5,1,1,1
0,0,0,0,0,0,1,5,1,6,1,5,1,5,1,1
0,0,0,0,0,0,1,5,1,1,1,4,1,1,5,6
0,0,1,0,0,0,1,1,5,4,3,4,1,11,10,5
0,1,4,1,1,0,1,5,1,4,3,4,1,10,5,1
0,1,4,3,2,1,4,1,5,1,4,4,4,1,1,1
1,4,1,1,1,4,1,1,5,1,1,8,4,4,4,4
3,1,1,1,1,2,3,1,5,1,1,5,4,1,4,4
3,1,1,1,1,2,1,2,5,1,1,1,5,4,14,14
3,1,1,1,1,3,1,2,1,5,1,5,1,5,3,3
SpriteSpeccyBlock,4,2,2
7,0,1,7,0,1
7,0,1,7,0,1
SpriteAttribs,4,0,0,0
SpriteBitmapBlock,5,16,16
1,5,5,4,5,5,1,0,0,0,0,0,0,0,0,0
5,5,1,1,1,1,5,1,1,0,0,0,0,0,0,0
5,5,5,6,6,1,1,5,6,1,0,0,0,0,0,0
1,1,1,1,1,5,1,1,1,6,1,0,0,0,0,0
6,1,1,5,1,1,5,1,0,1,6,1,0,0,0,0
1,5,6,1,1,1,1,5,1,0,1,5,1,0,0,0
1,1,1,5,1,5,1,1,5,1,1,5,1,0,0,0
1,1,1,1,5,1,6,1,1,6,1,1,0,0,0,0
1,1,6,5,1,1,5,1,5,1,0,0,0,0,0,0
4,1,5,10,11,1,5,5,1,5,1,0,0,0,0,0
1,4,1,10,5,1,3,5,1,5,1,1,0,0,0,0
4,4,4,1,1,4,3,1,1,5,1,4,1,1,0,0
4,3,4,4,4,4,1,1,5,1,3,4,3,4,1,0
4,4,4,4,4,3,1,1,1,2,1,3,1,1,3,1
1,4,4,4,3,1,1,1,4,4,1,2,1,1,1,3
3,4,3,5,1,1,2,5,4,4,1,2,1,1,1,3
SpriteSpeccyBlock,5,2,2
7,0,1,7,0,1
7,0,1,7,0,1
SpriteAttribs,5,0,0,0
SpriteBitmapBlock,6,16,16
3,1,2,1,2,1,1,1,5,5,1,7,1,1,1,1
4,3,1,3,4,2,3,1,1,5,8,1,1,1,1,10
4,1,0,1,4,1,1,3,1,9,1,1,1,1,10,4
1,0,0,0,1,0,0,1,2,3,9,1,8,1,10,4
0,0,0,0,0,0,1,5,5,4,3,2,1,1,1,10
0,0,0,0,0,0,0,1,1,5,4,1,1,1,1,1
0,0,0,0,0,0,0,1,5,5,5,1,1,1,1,1
0,0,0,0,0,0,0,1,4,4,4,8,1,1,8,9
0,0,0,0,0,0,0,1,4,4,4,1,8,1,1,1
0,0,0,0,0,0,0,0,1,4,1,1,9,9,8,1
0,0,0,0,0,0,0,1,3,1,0,0,1,2,2,9
0,0,0,0,0,0,0,0,1,0,0,0,1,3,3,1
0,0,0,0,0,0,0,0,0,1,1,1,8,4,4,1
0,0,0,0,0,0,0,0,0,1,9,9,8,8,7,1
0,0,0,0,0,0,0,0,0,1,8,8,7,7,1,0
0,0,0,0,0,0,0,0,0,0,1,7,1,1,0,0
SpriteSpeccyBlock,6,2,2
7,0,1,7,0,0
7,0,1,7,0,1
SpriteAttribs,6,0,0,0
SpriteBitmapBlock,7,16,16
1,1,5,7,1,8,3,5,2,2,1,3,2,3,2,4
10,1,1,1,8,1,3,3,1,3,2,4,1,1,1,4
4,10,1,1,1,1,1,8,2,1,1,4,1,0,0,1
4,10,1,1,1,1,8,5,1,0,0,1,0,0,0,0
10,1,1,8,1,8,1,5,1,0,0,0,0,0,0,0
1,1,1,1,4,5,1,5,1,0,0,0,0,0,0,0
1,8,1,1,1,8,5,1,0,0,0,0,0,0,0,0
9,1,1,1,1,4,1,0,0,0,0,0,0,0,0,0
1,1,1,1,1,8,1,0,0,0,0,0,0,0,0,0
1,1,1,9,1,8,1,0,0,0,0,0,0,0,0,0
9,8,8,1,8,1,0,0,0,0,0,0,0,0,0,0
1,3,3,1,1,0,0,0,0,0,0,0,0,0,0,0
1,4,4,1,1,0,0,0,0,0,0,0,0,0,0,0
1,7,8,9,9,1,0,0,0,0,0,0,0,0,0,0
0,1,7,8,8,1,0,0,0,0,0,0,0,0,0,0
0,0,1,7,1,0,0,0,0,0,0,0,0,0,0,0
SpriteSpeccyBlock,7,2,2
7,0,0,7,0,1
7,0,1,7,0,1
SpriteAttribs,7,0,0,0
SpriteBitmapBlock,8,16,16
0,0,0,0,0,0,0,0,0,1,5,6,6,5,5,1
0,0,0,0,0,0,0,1,1,5,1,1,1,1,5,6
0,0,0,0,0,0,1,6,5,1,1,6,5,5,5,5
0,0,0,0,0,1,5,1,1,1,6,1,1,1,1,1
0,0,0,0,1,5,1,0,1,5,1,1,5,1,1,1
0,0,0,1,5,1,0,1,5,1,1,1,1,1,1,1
0,0,0,1,5,1,1,5,1,1,5,1,1,1,1,1
0,0,0,0,1,1,5,1,1,5,1,1,1,1,1,1
0,0,0,0,0,0,1,5,1,1,1,1,1,1,1,1
0,0,0,0,0,0,1,5,1,1,1,5,1,1,1,1
0,1,0,0,1,1,5,1,1,1,1,1,6,1,1,1
1,4,1,1,4,1,5,1,1,1,1,1,5,1,1,1
1,4,2,3,4,2,3,1,1,1,1,1,1,1,1,1
1,3,1,1,3,1,1,3,1,1,1,1,1,6,1,1
3,1,1,1,3,1,1,1,2,2,1,1,1,5,1,5
3,1,1,1,3,1,1,15,1,1,3,1,5,1,1,5
SpriteSpeccyBlock,8,2,2
7,0,1,7,0,1
7,0,1,7,0,1
SpriteAttribs,8,0,0,0
SpriteBitmapBlock,9,16,16
0,0,0,0,0,0,0,0,0,0,0,0,0,0,0,0
1,1,1,0,0,0,0,0,0,0,0,0,0,0,0,0
6,6,5,1,0,0,0,0,0,0,0,0,0,0,0,0
1,1,1,5,1,1,0,0,0,0,0,0,0,0,0,0
1,1,5,1,6,5,1,0,0,0,0,0,0,0,0,0
1,1,1,1,1,1,5,1,0,0,0,0,0,0,0,0
1,5,1,1,5,1,1,5,1,0,0,0,0,0,0,0
6,1,1,1,1,1,5,1,5,1,0,0,0,0,0,0
1,6,1,1,1,1,1,5,5,1,0,0,0,0,0,0
5,1,1,1,1,1,1,5,1,0,1,0,0,1,0,0
1,1,1,1,1,1,1,1,5,1,4,1,1,4,1,0
1,1,1,6,1,1,1,1,5,2,4,2,3,4,1,0
1,1,1,1,1,1,1,5,3,1,4,1,1,1,4,1
1,1,6,5,1,1,2,3,1,1,3,1,3,1,1,3
1,1,1,1,1,2,1,1,1,1,3,1,3,1,1,3
1,5,1,1,3,1,15,1,1,1,3,1,1,1,1,3
SpriteSpeccyBlock,9,2,2
7,0,1,7,0,1
7,0,1,7,0,1
SpriteAttribs,9,0,0,0
SpriteBitmapBlock,10,16,16
4,2,3,2,3,1,1,1,15,1,1,3,5,1,1,1
4,1,1,1,4,2,3,1,1,1,1,2,1,1,1,4
1,0,0,1,4,1,1,3,3,3,3,2,2,1,4,10
0,0,0,0,1,0,0,1,5,1,1,1,5,1,4,10
0,0,0,0,0,0,1,5,5,1,1,5,1,1,1,4
0,0,0,0,0,0,0,1,5,1,1,1,5,1,1,1
0,0,0,0,0,0,0,0,1,5,1,5,1,1,5,1
0,0,0,0,0,0,0,0,1,8,5,1,5,5,1,6
0,0,0,0,0,0,0,0,0,1,9,1,1,1,1,1
0,0,0,0,0,0,0,0,0,1,8,1,9,1,1,1
0,0,0,0,0,0,0,0,0,0,1,8,1,8,8,9
0,0,0,0,0,0,0,0,0,0,0,1,1,2,2,1
0,0,0,0,0,0,0,0,0,0,0,0,1,3,3,1
0,0,0,0,0,0,0,0,0,0,0,0,1,4,4,1
0,0,0,0,0,0,0,0,0,0,0,1,9,8,8,7
0,0,0,0,0,0,0,0,0,0,1,9,8,8,7,1
SpriteSpeccyBlock,10,2,2
7,0,1,7,0,0
7,0,1,7,0,1
SpriteAttribs,10,0,0,0
SpriteBitmapBlock,11,16,16
1,1,5,3,1,1,15,1,1,1,1,4,1,3,1,3
4,1,1,2,1,1,1,1,1,3,2,4,2,1,2,4
10,4,1,2,2,3,3,2,3,1,1,4,1,0,1,4
10,4,1,1,5,1,1,5,1,0,0,1,0,0,0,1
4,1,1,1,5,1,5,1,5,1,0,0,0,0,0,0
1,1,1,1,1,1,5,1,1,0,0,0,0,0,0,0
1,6,1,1,1,5,1,0,0,0,0,0,0,0,0,0
5,1,5,5,5,5,1,0,0,0,0,0,0,0,0,0
1,1,1,1,5,8,1,0,0,0,0,0,0,0,0,0
1,1,1,9,8,1,0,0,0,0,0,0,0,0,0,0
9,8,8,1,1,0,0,0,0,0,0,0,0,0,0,0
1,2,2,1,0,0,0,0,0,0,0,0,0,0,0,0
1,3,3,1,0,0,0,0,0,0,0,0,0,0,0,0
1,4,4,8,1,0,0,0,0,0,0,0,0,0,0,0
1,7,8,8,9,1,0,0,0,0,0,0,0,0,0,0
0,1,7,8,8,9,1,0,0,0,0,0,0,0,0,0
SpriteSpeccyBlock,11,2,2
7,0,0,7,0,1
7,0,1,7,0,1
SpriteAttribs,11,0,0,0
SpriteBitmapBlock,12,16,16
0,0,0,0,0,0,0,1,1,5,6,6,5,5,5,1
0,0,0,0,0,0,1,6,5,1,1,1,1,1,5,5
0,0,0,0,0,1,5,1,1,0,1,6,6,5,5,5
0,0,0,0,1,5,1,0,1,1,5,1,1,1,1,1
0,0,0,1,6,1,0,1,5,5,1,1,1,1,1,1
0,0,0,1,5,1,1,5,5,1,1,1,5,1,1,1
0,0,1,0,1,0,1,5,1,1,1,1,1,1,1,1
0,1,4,1,0,1,5,1,1,5,1,1,1,1,1,1
1,4,1,3,1,0,1,5,1,1,1,1,1,1,1,1
3,1,1,1,4,1,5,1,1,1,1,5,1,1,1,1
3,1,1,1,4,3,5,1,1,1,1,6,1,1,1,1
3,1,1,3,1,1,2,1,1,1,1,5,1,1,1,1
4,1,1,3,1,1,1,3,2,1,1,1,1,1,1,1
4,3,4,1,1,1,1,15,1,2,1,1,1,5,1,1
4,1,4,3,2,1,15,1,1,1,3,1,1,5,1,6
1,0,1,4,1,2,1,1,1,1,1,3,1,5,1,5
SpriteSpeccyBlock,12,2,2
7,0,1,7,0,1
7,0,1,7,0,1
SpriteAttribs,12,0,0,0
SpriteBitmapBlock,13,16,16
0,0,0,0,0,0,0,0,0,0,0,0,0,0,0,0
1,1,1,0,0,0,0,0,0,0,0,0,0,0,0,0
5,5,5,1,1,0,0,0,0,0,0,0,0,0,0,0
1,1,1,5,5,1,0,0,0,0,0,0,0,0,0,0
1,1,1,1,1,6,1,0,0,0,0,0,0,0,0,0
1,1,5,1,1,1,6,1,0,0,0,0,0,1,0,0
1,1,1,1,1,5,1,5,1,0,0,1,1,4,1,0
6,1,1,1,1,1,5,1,5,1,1,2,3,2,3,1
5,6,5,1,1,1,1,1,5,1,3,1,1,1,2,3
1,5,1,1,1,1,1,1,3,4,1,1,1,1,1,3
1,1,1,1,1,1,1,2,1,1,4,1,1,1,3,4
1,1,1,5,1,1,2,1,1,1,3,1,3,2,1,4
1,1,1,1,1,2,1,15,1,1,1,4,1,1,0,1
1,1,5,5,3,1,1,15,1,1,3,3,4,1,0,0
1,1,1,1,3,1,1,15,1,2,1,1,4,1,0,0
1,5,1,3,1,1,1,1,2,1,0,0,1,0,0,0
SpriteSpeccyBlock,13,2,2
7,0,1,7,0,1
7,0,1,7,0,1
SpriteAttribs,13,0,0,0
SpriteBitmapBlock,14,16,16
0,0,1,4,1,1,3,1,1,1,1,2,1,5,1,1
0,0,0,1,0,0,1,3,2,3,2,2,2,1,1,10
0,0,0,0,0,0,0,1,5,1,1,1,1,1,10,4
0,0,0,0,0,0,0,1,5,1,1,6,5,1,10,4
0,0,0,0,0,0,1,5,5,1,1,5,1,1,1,10
0,0,0,0,0,0,0,1,5,1,1,5,1,1,1,1
0,0,0,0,0,0,0,0,1,5,5,5,5,1,1,1
0,0,0,0,0,0,0,0,1,8,5,1,5,5,5,5
0,0,0,0,0,0,0,0,0,1,9,1,1,1,1,1
0,0,0,0,0,0,0,0,0,0,1,8,9,1,1,1
0,0,0,0,0,0,0,0,0,0,0,1,1,8,8,9
0,0,0,0,0,0,0,0,0,0,0,0,1,2,2,1
0,0,0,0,0,0,0,0,0,0,0,0,1,3,3,1
0,0,0,0,0,0,0,0,0,0,0,0,1,4,4,1
0,0,0,0,0,0,0,0,0,0,0,1,7,8,8,9
0,0,0,0,0,0,0,0,0,0,0,1,7,8,8,8
SpriteSpeccyBlock,14,2,2
7,0,1,7,0,0
7,0,1,7,0,1
SpriteAttribs,14,0,0,0
SpriteBitmapBlock,15,16,10
1,1,1,2,1,1,3,2,1,0
10,1,1,2,2,3,1,5,1,0
4,10,1,1,5,1,1,5,5,1
4,10,1,1,5,1,1,5,1,0
10,1,1,1,5,1,5,1,0,0
1,1,5,1,1,1,5,1,0,0
5,5,1,5,5,5,1,0,0,0
5,5,5,5,5,9,1,0,0,0
1,1,1,1,1,8,1,0,0,0
1,1,1,9,8,1,0,0,0,0
9,8,8,1,0,0,0,0,0,0
1,2,2,1,0,0,0,0,0,0
1,3,3,1,0,0,0,0,0,0
1,4,4,9,1,0,0,0,0,0
1,7,8,8,9,1,0,0,0,0
1,7,8,8,8,1,0,0,0,0
SpriteSpeccyBlock,15,2,2
7,0,0,7,0,1
7,0,1,7,0,1
SpriteAttribs,15,0,0,0
SpriteDataOffSet,&180
eof
