FileVersion,1
Sprites,64
Colorselector,0,45,22,0
Colorselector,1,0,0,0
Colorselector,2,86,86,86
Colorselector,3,172,172,172
Colorselector,4,255,255,255
Colorselector,5,128,0,128
Colorselector,6,0,255,255
Colorselector,7,255,0,0
Colorselector,8,0,255,64
Colorselector,9,247,121,200
Colorselector,10,192,249,0
Colorselector,11,185,255,255
Colorselector,12,0,128,0
Colorselector,13,180,237,103
Colorselector,14,255,0,128
Colorselector,15,240,240,240
Colorselector,16,255,0,255
spritebank,0
SpriteStart
SpriteBitmapBlock,0,64,24
0,0,0,0,0,0,0,0,0,0,0,0,0,0,0,0,0,0,0,0,0,0,0,0
0,0,0,0,0,0,0,0,0,0,0,0,0,0,0,0,0,0,0,0,0,0,0,0
0,0,0,0,0,0,0,0,0,0,0,0,0,0,0,0,0,0,0,0,0,0,0,5
0,0,0,0,0,0,0,0,0,0,0,0,0,0,0,0,0,0,0,0,9,9,9,5
0,0,0,0,0,0,0,0,0,0,0,0,0,0,0,5,0,0,0,9,5,0,0,0
0,0,0,0,0,0,0,0,0,0,0,0,0,0,5,9,9,5,5,5,0,9,5,5
0,0,0,0,0,0,0,0,0,0,0,0,5,9,0,0,0,0,0,0,0,0,0,0
0,0,0,0,0,0,0,0,0,0,0,5,9,0,0,5,0,0,0,0,0,0,0,0
0,0,0,0,0,0,0,0,0,0,5,9,0,0,5,0,0,0,5,5,5,5,0,0
0,0,0,0,0,0,0,0,0,0,9,0,5,0,0,9,5,5,0,0,0,9,5,5
0,0,0,0,0,0,0,0,0,9,0,0,0,5,9,5,5,0,0,0,5,5,0,0
0,0,0,0,0,0,0,0,0,5,0,0,5,9,5,0,0,0,0,0,5,0,0,0
0,0,0,0,0,0,0,0,9,0,0,0,0,0,0,0,0,5,5,5,0,0,0,5
0,0,0,0,0,0,0,0,5,0,5,0,5,5,5,5,3,3,3,3,5,5,5,3
0,0,0,0,0,0,0,9,0,0,5,0,0,5,5,5,5,5,4,4,3,3,3,4
0,0,0,0,0,0,5,5,0,0,0,0,5,3,0,0,5,5,5,5,4,4,4,5
0,0,0,0,0,0,0,5,0,5,4,4,5,3,0,0,7,2,7,0,5,4,5,0
0,0,0,0,0,0,5,5,0,4,4,4,5,3,0,0,7,2,9,0,4,4,4,0
0,0,0,0,0,0,0,5,0,4,4,4,5,4,4,0,2,7,7,0,4,4,4,0
0,0,0,0,0,0,0,5,0,5,4,4,4,4,4,4,0,0,0,4,4,5,4,4
0,0,0,0,0,4,0,0,5,0,0,4,4,4,4,4,4,4,4,4,4,4,5,4
0,0,0,0,0,4,0,5,0,0,0,5,3,4,4,0,4,4,4,4,4,4,4,4
0,0,0,0,4,4,0,0,5,5,0,5,3,4,4,0,3,0,4,4,4,4,0,4
0,0,0,0,4,4,3,0,5,0,0,0,5,3,4,4,7,7,0,0,0,0,4,4
0,0,0,3,0,4,3,0,5,5,0,0,5,0,3,4,4,7,7,0,0,4,4,4
0,0,0,3,0,4,3,0,0,5,0,0,5,0,5,3,3,4,4,4,4,3,3,4
0,0,4,3,0,0,2,3,0,5,0,0,5,0,5,0,10,3,4,4,4,3,0,0
0,0,4,3,0,0,0,3,2,5,0,5,5,0,4,0,10,3,4,4,4,0,3,10
0,0,4,0,3,2,0,2,3,0,5,5,6,4,0,0,10,0,3,4,0,0,0,10
0,0,4,0,0,3,0,0,3,5,5,0,0,0,6,0,0,10,0,3,0,0,10,0
0,0,4,3,0,3,0,0,3,0,6,0,0,0,0,0,0,10,0,0,0,0,10,0
0,0,4,3,0,3,0,0,2,3,6,0,0,0,0,0,0,10,0,0,0,0,10,0
0,0,4,3,0,3,4,0,0,6,0,0,0,0,0,6,0,0,10,0,0,0,10,0
0,0,4,3,0,3,4,5,6,0,0,0,0,0,6,0,0,0,10,0,0,10,0,0
0,2,4,3,0,3,4,5,0,0,0,0,0,6,0,0,0,0,0,10,10,0,0,0
0,4,4,0,0,3,4,5,6,0,0,0,0,0,6,0,0,0,0,0,10,0,0,0
0,4,3,0,3,0,4,3,6,0,6,0,6,6,0,0,0,0,0,10,10,10,0,6
0,4,3,2,3,0,4,3,0,6,4,6,6,0,0,0,0,6,0,0,10,0,0,0
0,4,3,3,0,0,4,3,0,4,4,4,0,4,0,0,0,0,6,0,0,0,6,0
0,4,3,3,0,0,4,3,0,4,4,4,6,0,0,6,0,0,0,0,0,0,0,0
0,4,3,3,0,0,4,2,0,4,4,0,0,0,6,4,0,0,0,0,0,0,0,0
0,4,4,3,0,0,4,0,0,4,4,0,6,0,11,0,0,0,0,6,0,0,0,0
0,3,4,0,0,0,4,0,0,2,2,6,0,6,0,0,0,6,11,0,6,0,0,0
0,2,4,0,0,0,4,0,2,2,6,0,0,0,0,0,11,0,0,0,0,0,0,0
0,0,4,0,0,0,0,0,4,4,6,0,0,0,0,6,0,0,6,11,11,0,0,0
0,0,4,0,0,0,0,4,4,4,6,0,0,0,6,0,0,0,0,0,0,0,0,6
0,0,0,0,0,0,0,4,4,6,0,0,0,0,0,0,0,0,0,6,0,0,0,0
0,0,0,0,0,0,0,0,4,6,0,0,0,6,6,0,0,0,0,0,0,0,0,0
0,0,0,0,0,0,0,0,0,6,0,0,6,0,0,0,0,0,0,0,0,0,6,6
0,0,0,0,0,0,0,0,0,0,6,0,0,0,0,0,0,0,6,0,6,6,3,3
0,0,0,0,0,0,0,0,0,0,6,0,0,0,6,0,6,6,6,6,0,0,3,3
0,0,0,0,0,0,0,0,0,0,0,6,6,3,3,3,3,3,0,0,0,0,3,3
0,0,0,0,0,0,0,0,0,0,0,0,0,3,3,3,4,4,0,0,0,0,3,3
0,0,0,0,0,0,0,0,0,0,0,0,0,3,3,4,4,0,0,0,0,0,3,3
0,0,0,0,0,0,0,0,0,0,0,0,0,3,3,4,4,0,0,0,0,0,0,3
0,0,0,0,0,0,0,0,0,0,0,0,0,3,3,4,4,0,0,0,0,0,0,3
0,0,0,0,0,0,0,0,0,0,0,0,3,3,4,4,4,0,0,0,0,0,6,3
0,0,0,0,0,0,0,0,0,0,0,0,6,4,4,4,4,6,0,0,0,0,3,3
0,0,0,0,0,0,0,0,0,0,0,0,3,6,4,4,3,6,6,0,0,0,6,3
0,0,0,0,0,0,0,0,0,0,0,0,6,3,6,6,6,11,11,6,0,0,3,6
0,0,0,0,0,0,0,0,0,0,0,0,3,6,6,6,11,11,11,6,3,0,6,3
0,0,0,0,0,0,0,0,0,0,0,0,6,3,6,6,11,11,6,6,6,0,0,6
0,0,0,0,0,0,0,0,0,0,0,0,0,6,3,6,6,6,6,6,3,0,0,0
0,0,0,0,0,0,0,0,0,0,0,0,0,0,6,3,6,3,6,3,0,0,0,0
SpriteSpeccyBlock,0,8,3
7,0,1,7,0,0,7,0,0
7,0,0,7,0,0,7,0,0
7,0,0,7,0,0,7,0,0
7,0,0,7,0,0,7,0,0
7,0,0,7,0,1,7,0,0
7,0,0,7,0,0,7,0,0
7,0,1,7,0,0,7,0,0
7,0,1,7,0,0,7,0,0
SpriteAttribs,0,0,0,0
SpriteBitmapBlock,1,64,18
0,0,0,0,0,0,0,0,0,0,0,0,0,0,0,0,0,0
0,0,0,0,0,0,0,0,0,0,0,0,0,0,0,0,0,0
9,9,9,9,5,5,0,0,0,0,0,0,0,0,0,0,0,0
0,0,0,0,0,0,5,5,0,0,0,0,0,0,0,0,0,0
0,0,0,0,0,0,0,0,5,0,0,0,0,0,0,0,0,0
5,0,0,0,0,0,0,0,0,5,0,0,0,0,0,0,0,0
0,5,5,5,0,0,0,0,0,9,0,0,0,0,0,0,0,0
0,0,0,5,5,5,0,0,0,0,5,0,0,0,0,0,0,0
0,0,0,0,0,5,0,0,0,0,5,0,0,0,0,0,0,0
5,5,0,0,0,0,5,5,0,0,9,0,0,0,0,11,0,0
0,0,0,5,0,5,5,0,0,0,5,0,0,0,0,0,11,0
0,0,0,0,0,0,5,0,0,0,5,0,0,0,0,11,0,0
5,5,5,5,0,0,5,5,0,0,5,0,0,0,11,11,11,0
3,3,3,3,5,5,5,5,0,5,0,0,0,0,11,6,11,0
5,5,5,5,5,5,0,5,0,5,0,0,0,11,11,6,11,11
5,5,5,0,0,5,0,5,0,5,0,0,0,11,6,6,11,11
5,2,7,0,0,5,5,0,0,0,0,0,11,6,6,6,6,11
7,2,9,0,0,5,0,5,0,0,0,0,11,11,6,6,11,11
7,7,7,0,4,0,0,0,0,0,4,3,0,11,11,6,6,11
0,0,0,4,3,0,0,5,0,0,4,3,3,0,11,11,11,0
4,4,4,4,0,0,0,5,0,0,4,4,4,3,0,0,0,0
4,4,4,3,0,5,5,0,0,0,2,4,4,4,3,3,0,0
4,4,3,0,0,5,0,0,4,4,2,2,2,4,4,0,0,0
4,3,0,0,0,0,5,4,4,4,4,2,0,0,0,0,0,0
3,0,0,0,6,5,4,4,4,4,0,4,3,0,0,0,0,0
0,0,6,6,0,3,4,4,4,0,0,0,3,0,0,0,0,0
0,6,0,0,0,6,3,4,0,3,2,0,3,0,0,0,0,0
6,0,0,0,0,6,3,0,0,3,2,0,0,2,0,0,0,0
0,0,0,0,0,0,6,0,0,2,3,2,0,2,0,0,0,0
0,0,0,0,0,0,0,6,0,2,3,2,0,2,0,0,0,0
0,0,0,0,0,0,6,3,0,2,3,2,0,2,0,0,0,0
6,0,6,0,6,6,3,3,0,2,3,2,0,3,0,0,0,0
0,6,0,0,0,2,3,2,0,2,3,3,0,3,2,0,0,0
0,6,6,0,0,0,3,2,0,2,3,0,3,4,3,2,0,0
0,0,6,0,5,0,3,2,0,0,4,0,3,0,4,3,0,0
0,0,6,5,0,0,3,0,0,0,4,0,3,0,0,4,0,0
0,0,6,5,5,0,3,0,0,3,4,0,4,0,3,4,0,0
0,0,6,5,0,0,3,0,0,3,4,0,0,0,3,4,0,0
0,6,6,0,0,0,0,3,2,3,4,3,0,0,3,4,0,0
6,0,6,0,0,0,0,3,3,4,0,3,3,0,3,4,0,0
6,0,11,0,0,0,0,0,3,4,0,0,3,0,3,4,0,0
6,0,11,6,0,0,0,0,2,4,0,0,0,2,3,4,0,0
0,0,0,6,0,0,0,0,2,4,0,0,0,2,4,4,0,0
0,0,0,6,0,0,0,0,0,4,0,0,0,0,4,2,0,0
0,0,0,11,0,0,0,0,0,0,0,0,0,0,4,0,0,0
11,6,0,11,0,0,0,0,0,0,0,0,0,0,4,0,0,0
0,0,0,11,0,0,0,0,0,0,0,0,0,0,4,0,0,0
0,0,0,0,6,0,0,0,0,0,0,0,0,0,0,0,0,0
0,0,0,11,6,0,0,0,0,0,0,0,0,0,0,0,0,0
6,11,11,6,0,0,0,0,0,0,0,0,0,0,0,0,0,0
11,3,6,0,0,0,0,0,0,0,0,0,0,0,0,0,0,0
3,3,3,0,0,0,0,0,0,0,0,0,0,0,0,0,0,0
3,3,3,0,0,0,0,0,0,0,0,0,0,0,0,0,0,0
3,4,4,0,0,0,0,0,0,0,0,0,0,0,0,0,0,0
4,4,4,0,0,0,0,0,0,0,0,0,0,0,0,0,0,0
4,4,4,0,0,0,0,0,0,0,0,0,0,0,0,0,0,0
4,4,4,3,0,0,0,0,0,0,0,0,0,0,0,0,0,0
4,4,6,6,6,0,0,0,0,0,0,0,0,0,0,0,0,0
4,4,6,6,11,11,0,0,0,0,0,0,0,0,0,0,0,0
6,4,6,11,11,11,6,0,0,0,0,0,0,0,0,0,0,0
6,6,6,11,11,6,6,0,0,0,0,0,0,0,0,0,0,0
3,6,6,6,6,6,3,0,0,0,0,0,0,0,0,0,0,0
6,3,6,6,6,3,6,0,0,0,0,0,0,0,0,0,0,0
0,0,3,6,3,6,0,0,0,0,0,0,0,0,0,0,0,0
SpriteSpeccyBlock,1,8,3
7,0,0,7,0,0,7,0,1
7,0,0,7,0,0,7,0,0
7,0,0,7,0,0,7,0,0
7,0,0,7,0,0,7,0,1
7,0,0,7,0,0,7,0,1
7,0,0,7,0,0,7,0,1
7,0,0,7,0,1,7,0,1
7,0,0,7,0,1,7,0,1
SpriteAttribs,1,0,0,0
SpriteBitmapBlock,2,64,24
0,0,0,0,0,0,0,0,0,0,0,0,0,0,0,0,0,0,0,0,0,0,0,0
0,0,0,0,0,0,0,0,0,0,0,2,2,2,2,2,2,2,2,2,0,2,2,2
0,0,0,0,0,0,0,0,0,0,0,0,2,2,2,2,2,0,0,0,2,0,0,0
0,0,0,0,0,0,0,0,0,0,0,0,0,0,0,0,0,0,0,0,2,0,0,0
0,0,0,0,0,0,0,0,0,0,0,0,0,0,0,0,0,9,8,8,8,9,9,9
0,0,0,0,0,0,0,0,0,0,0,0,0,0,9,9,8,8,8,8,8,9,9,9
0,0,0,0,0,0,0,0,0,0,0,0,0,9,9,8,8,8,8,8,9,9,9,9
0,0,0,0,0,0,0,0,0,0,0,0,9,9,8,8,8,8,8,9,9,9,2,3
0,0,0,0,0,0,0,0,0,0,0,9,9,9,3,2,3,2,3,2,3,2,3,2
0,0,0,0,0,0,0,0,0,0,9,9,9,3,2,3,2,3,2,3,2,3,2,8
0,0,0,0,0,0,0,0,0,2,3,2,3,2,8,8,8,8,9,9,8,8,8,9
0,0,0,0,0,0,0,0,0,3,2,3,2,8,8,8,8,8,8,8,9,9,9,9
0,0,0,0,0,0,0,0,0,9,9,9,9,8,8,9,9,9,9,9,9,9,9,9
0,0,0,0,0,0,0,0,8,9,9,9,9,9,9,9,2,8,0,2,2,9,9,9
0,0,0,0,0,0,0,0,0,9,9,8,8,8,8,2,7,0,7,0,7,8,8,2
0,0,0,0,0,0,0,8,8,8,8,8,8,8,2,7,7,0,7,0,7,8,2,0
0,0,0,0,0,0,0,0,8,8,2,8,8,2,2,7,7,0,7,9,7,8,2,0
0,0,0,0,0,0,0,0,0,2,0,2,8,2,2,2,7,7,0,7,7,2,8,0
0,0,0,0,0,0,0,0,0,2,0,2,8,2,2,2,2,7,7,7,2,2,2,2
0,0,0,0,0,0,0,0,0,0,2,2,2,2,2,2,2,2,2,2,2,2,0,2
0,0,0,0,0,0,0,0,0,0,0,2,2,2,2,2,2,2,2,2,2,2,2,0
0,0,0,0,0,0,0,0,0,0,0,2,2,2,2,2,0,2,2,2,2,2,0,2
0,0,0,0,0,0,0,0,0,0,0,0,2,2,2,0,0,0,6,2,2,2,2,2
0,0,0,0,0,0,0,0,0,0,0,0,2,2,2,0,0,0,0,0,0,6,0,0
0,0,0,0,0,0,0,0,0,0,0,0,0,2,2,2,6,0,0,0,0,0,0,2
0,0,0,0,0,0,0,0,0,0,0,0,0,0,2,2,2,0,0,6,0,0,2,2
0,0,0,0,0,0,0,0,0,0,0,0,0,0,0,0,2,2,2,2,2,2,2,0
0,0,0,0,0,0,0,0,0,0,0,0,0,0,0,0,9,0,0,2,2,0,0,9
0,0,0,0,0,0,0,0,0,0,0,0,0,0,2,2,9,9,9,0,0,0,9,9
0,0,0,0,0,0,0,0,0,0,0,0,2,0,2,2,9,5,9,2,2,2,9,9
0,0,0,0,0,0,0,0,0,0,0,2,2,2,0,5,9,5,9,9,2,2,2,9
0,0,0,0,0,0,0,0,0,0,2,2,2,2,0,9,9,9,9,9,2,2,2,9
0,0,0,0,0,0,0,0,0,2,2,2,2,2,5,9,9,9,9,9,2,2,2,9
0,0,0,0,0,0,0,0,2,2,2,2,2,0,5,9,9,9,9,9,2,2,2,9
0,0,0,0,0,0,0,2,2,2,2,2,0,0,9,9,9,9,9,9,2,2,2,9
0,0,0,0,0,0,0,2,0,2,2,0,0,0,9,5,5,9,9,9,2,2,2,9
0,0,0,0,0,0,2,0,2,0,0,0,0,9,5,9,9,9,9,9,2,2,2,9
0,0,0,0,0,8,2,8,2,2,0,0,0,9,5,9,5,9,9,9,2,2,2,9
4,4,0,0,8,8,8,8,8,0,0,0,0,9,9,5,5,9,9,9,2,2,2,9
3,4,4,0,8,8,8,8,8,0,4,4,0,5,9,9,9,9,9,2,2,0,2,9
0,3,4,4,2,8,8,8,8,4,4,0,0,5,9,9,8,8,8,8,8,8,8,8
3,3,3,0,2,0,2,8,8,0,3,3,0,0,8,8,8,8,8,0,0,0,8,8
3,3,0,0,0,2,0,2,0,0,3,3,0,0,8,8,0,0,8,8,8,8,8,8
0,0,0,0,0,0,0,0,0,0,0,0,0,0,8,8,8,8,8,8,8,8,8,8
0,0,0,0,0,0,0,0,0,0,0,0,0,8,8,8,8,10,10,8,8,8,8,8
0,0,0,0,0,0,0,0,0,0,0,0,0,8,8,8,10,10,10,8,0,8,8,8
0,0,0,0,0,0,0,0,0,0,0,0,8,8,8,10,10,10,10,8,0,0,8,8
0,0,0,0,0,0,0,0,0,0,0,0,8,8,8,10,10,10,10,8,0,8,8,8
0,0,0,0,0,0,0,0,0,0,0,0,8,8,8,10,10,10,10,8,8,0,8,8
0,0,0,0,0,0,0,0,0,0,0,8,8,8,8,10,10,10,10,8,8,0,8,8
0,0,0,0,0,0,0,0,0,0,0,8,8,8,8,10,8,10,8,8,8,0,8,8
0,0,0,0,0,0,0,0,0,0,0,0,8,8,8,8,8,8,8,8,8,0,8,8
0,0,0,0,0,0,0,0,0,0,0,0,0,8,2,8,8,8,8,8,0,0,8,8
0,0,0,0,0,0,0,0,0,0,0,0,0,0,2,2,2,2,2,2,0,0,8,2
0,0,0,0,0,0,0,0,0,0,0,0,0,0,2,2,2,2,2,0,0,0,0,2
0,0,0,0,0,0,0,0,0,0,0,0,0,0,2,2,2,2,2,0,0,0,0,2
0,0,0,0,0,0,0,0,0,0,0,0,0,0,2,2,2,2,2,0,0,0,0,2
0,0,0,0,0,0,0,0,0,0,0,0,0,0,2,2,2,2,2,0,0,0,0,0
0,0,0,0,0,0,0,0,2,0,2,2,0,0,0,2,2,0,2,0,0,0,0,2
0,0,0,0,0,0,0,0,0,2,2,2,2,0,2,0,0,0,0,0,0,0,0,2
0,0,0,0,0,0,0,0,2,2,2,2,2,2,2,0,2,2,0,0,0,0,0,2
0,0,0,0,0,0,0,0,0,2,0,2,2,2,2,2,2,2,2,0,0,0,0,2
0,0,0,0,0,0,0,0,0,0,2,0,2,2,2,2,2,2,2,0,0,0,0,0
0,0,0,0,0,0,0,0,0,0,0,0,0,2,2,2,2,2,0,0,0,0,0,0
SpriteSpeccyBlock,2,8,3
7,0,1,7,0,1,7,0,0
7,0,1,7,0,0,7,0,0
7,0,1,7,0,0,7,0,0
7,0,1,7,0,0,7,0,0
7,0,0,7,0,0,7,0,0
7,0,0,7,0,0,7,0,0
7,0,1,7,0,0,7,0,0
7,0,1,7,0,1,7,0,1
SpriteAttribs,2,0,0,0
SpriteBitmapBlock,3,64,23
2,2,2,2,2,0,0,0,0,0,0,0,0,0,0,0,0,0,0,0,0,0,0
2,2,2,2,2,2,0,0,0,0,0,0,0,0,0,0,0,0,0,0,0,0,0
0,0,0,0,0,0,0,0,0,0,0,0,0,0,0,0,0,0,0,0,0,0,0
0,0,0,0,0,0,0,0,0,0,0,0,0,0,0,0,0,0,0,0,0,0,0
0,0,0,0,0,0,0,0,0,0,0,0,0,0,0,0,0,0,0,0,4,3,0
8,8,2,2,2,2,0,0,0,0,0,0,0,0,0,0,0,4,3,0,4,3,0
3,2,2,2,6,6,2,0,0,0,0,0,0,0,0,0,4,3,3,0,4,0,0
2,2,2,2,6,6,2,0,0,0,0,0,0,0,0,4,3,3,0,4,3,0,3
3,2,2,2,6,6,2,0,0,0,0,0,0,0,4,3,3,3,3,3,0,3,3
8,8,2,2,2,2,9,9,0,0,0,0,0,0,4,3,3,3,3,3,3,3,2
9,9,9,9,9,9,9,9,9,9,9,0,0,4,4,3,3,3,3,3,3,3,2
9,9,9,9,9,9,9,9,9,9,9,9,0,4,4,3,3,3,3,3,3,3,2
9,9,9,9,9,9,9,9,9,9,9,0,0,0,4,4,3,3,3,3,3,3,2
8,0,7,0,0,8,8,8,0,0,0,0,0,0,0,5,0,3,3,3,3,2,2
0,7,0,7,0,0,8,0,0,0,0,0,0,0,0,5,0,5,2,2,2,2,0
0,7,0,7,0,0,2,0,0,0,0,0,0,0,0,5,0,5,0,2,2,0,0
0,7,0,9,0,0,2,0,0,0,0,0,0,0,5,0,5,0,0,0,0,0,0
0,0,7,0,0,2,2,0,0,0,0,0,0,0,5,0,5,0,0,0,0,0,0
0,0,0,0,2,2,2,0,0,0,0,0,0,5,0,5,0,0,0,0,0,0,0
2,2,2,2,2,2,2,0,0,0,0,0,8,2,2,5,0,0,0,0,0,0,0
2,2,2,2,2,2,0,0,0,0,0,8,8,8,2,2,0,0,0,0,0,0,0
2,2,2,2,2,2,0,0,0,0,8,8,8,2,8,8,0,0,0,0,0,0,0
2,2,2,2,2,0,0,0,0,2,8,8,2,8,2,0,0,0,0,0,0,0,0
2,2,2,2,0,0,0,0,2,0,8,8,2,5,0,0,0,0,0,0,0,0,0
2,2,2,0,0,0,0,2,2,0,8,5,0,5,0,0,0,0,0,0,0,0,0
2,2,0,0,0,0,2,2,0,2,5,0,5,0,0,0,0,0,0,0,0,0,0
0,0,0,0,0,2,2,2,2,0,5,0,5,0,0,0,0,0,0,0,0,0,0
5,5,0,2,2,2,2,2,2,5,0,5,0,0,0,0,0,0,0,0,0,0,0
9,9,2,0,2,2,2,2,0,5,0,5,0,0,0,0,0,0,0,0,0,0,0
9,9,0,2,2,2,2,0,5,0,5,0,0,0,0,0,0,0,0,0,0,0,0
9,9,2,0,2,2,0,0,5,0,5,0,0,0,0,0,0,0,0,0,0,0,0
9,9,2,2,0,0,6,6,6,0,5,0,0,0,0,0,0,0,0,0,0,0,0
9,9,9,0,0,6,6,0,0,6,6,0,0,0,0,0,0,0,0,0,0,0,0
9,5,9,0,0,6,0,0,0,0,6,6,0,0,0,0,0,0,0,0,0,0,0
9,9,9,9,0,0,6,6,0,0,0,6,0,0,0,0,0,0,0,0,0,0,0
5,5,5,9,0,0,0,0,6,0,6,6,0,0,0,0,0,0,0,0,0,0,0
5,9,5,9,0,0,0,0,0,6,6,0,0,0,0,0,0,0,0,0,0,0,0
9,5,9,9,5,0,0,0,0,0,0,0,0,0,0,0,0,0,0,0,0,0,0
9,9,9,9,5,0,0,0,0,0,0,0,0,0,0,0,0,0,0,0,0,0,0
9,9,9,5,0,0,0,0,0,0,0,0,0,0,0,0,0,0,0,0,0,0,0
9,9,5,8,0,0,0,0,0,0,0,0,0,0,0,0,0,0,0,0,0,0,0
0,0,0,8,0,0,0,0,0,0,0,0,0,0,0,0,0,0,0,0,0,0,0
8,8,8,8,8,0,0,0,0,0,0,0,0,0,0,0,0,0,0,0,0,0,0
8,8,8,8,8,0,0,0,0,0,0,0,0,0,0,0,0,0,0,0,0,0,0
8,8,10,8,8,8,0,0,0,0,0,0,0,0,0,0,0,0,0,0,0,0,0
8,10,10,8,8,8,0,0,0,0,0,0,0,0,0,0,0,0,0,0,0,0,0
8,10,10,10,8,8,0,0,0,0,0,0,0,0,0,0,0,0,0,0,0,0,0
8,10,10,10,8,8,8,0,0,0,0,0,0,0,0,0,0,0,0,0,0,0,0
8,10,10,10,10,8,8,0,0,0,0,0,0,0,0,0,0,0,0,0,0,0,0
10,10,10,10,10,8,8,0,0,0,0,0,0,0,0,0,0,0,0,0,0,0,0
10,10,8,8,8,8,8,8,0,0,0,0,0,0,0,0,0,0,0,0,0,0,0
8,8,8,8,8,8,8,0,0,0,0,0,0,0,0,0,0,0,0,0,0,0,0
8,8,8,2,0,8,0,0,0,0,0,0,0,0,0,0,0,0,0,0,0,0,0
2,2,2,2,0,0,0,0,0,0,0,0,0,0,0,0,0,0,0,0,0,0,0
2,2,2,0,0,0,0,0,0,0,0,0,0,0,0,0,0,0,0,0,0,0,0
2,2,2,0,0,0,0,0,0,0,0,0,0,0,0,0,0,0,0,0,0,0,0
2,2,0,0,0,0,0,0,0,0,0,0,0,0,0,0,0,0,0,0,0,0,0
2,0,2,0,0,0,0,0,0,0,0,0,0,0,0,0,0,0,0,0,0,0,0
0,2,0,0,0,0,0,0,0,0,0,0,0,0,0,0,0,0,0,0,0,0,0
2,2,2,2,0,0,0,0,0,0,0,0,0,0,0,0,0,0,0,0,0,0,0
2,2,2,2,2,2,0,0,0,0,0,0,0,0,0,0,0,0,0,0,0,0,0
2,2,2,2,2,2,2,2,0,0,0,0,0,0,0,0,0,0,0,0,0,0,0
2,2,2,2,0,2,0,2,0,0,0,0,0,0,0,0,0,0,0,0,0,0,0
2,2,2,2,2,0,2,0,2,0,0,0,0,0,0,0,0,0,0,0,0,0,0
SpriteSpeccyBlock,3,8,3
7,0,0,7,0,0,7,0,0
7,0,0,7,0,0,7,0,0
7,0,0,7,0,0,7,0,0
7,0,0,7,0,0,7,0,1
7,0,0,7,0,0,7,0,1
7,0,0,7,0,1,7,0,1
7,0,0,7,0,1,7,0,1
7,0,1,7,0,1,7,0,1
SpriteAttribs,3,0,0,0
SpriteBitmapBlock,4,64,24
0,0,0,0,0,0,0,0,0,0,0,0,0,0,0,0,0,0,0,0,0,0,0,0
0,0,0,0,0,0,0,0,0,0,0,0,0,0,0,0,0,2,2,3,0,0,0,0
0,0,0,0,0,0,0,0,0,0,0,0,0,0,0,0,2,2,3,3,3,0,0,0
0,0,0,0,0,0,0,0,0,0,0,0,0,0,0,2,3,3,3,3,3,2,2,2
0,0,0,0,0,0,0,0,0,0,0,0,0,0,2,3,2,2,2,3,3,2,3,3
0,0,0,0,0,0,0,0,0,0,0,0,0,2,3,3,3,3,2,3,3,3,2,3
0,0,0,0,0,0,0,0,0,0,0,0,2,3,3,3,3,3,3,2,3,3,2,3
0,0,0,0,0,0,0,0,0,0,0,2,3,3,3,3,3,3,3,2,3,3,2,3
0,0,0,0,0,0,0,0,0,0,0,2,3,3,3,3,3,3,3,3,2,3,3,2
0,0,0,0,0,0,0,0,0,0,2,3,3,3,3,3,3,3,3,3,2,3,3,2
0,0,0,0,0,0,0,0,0,0,2,3,3,3,3,3,3,3,3,3,3,2,3,2
0,0,0,0,0,0,0,0,0,0,2,2,3,3,3,3,3,3,3,3,3,2,3,2
0,0,0,0,0,0,0,0,0,2,3,2,2,2,3,3,3,3,3,3,3,3,2,3
0,0,0,0,0,0,0,0,0,2,3,3,3,3,2,2,2,2,2,2,2,2,2,2
0,0,0,0,0,0,0,0,2,2,2,3,3,2,2,1,1,1,1,2,2,2,2,1
0,0,0,0,0,0,0,0,2,3,2,2,2,1,0,0,0,0,1,1,1,2,1,1
0,0,0,0,0,0,0,0,2,3,3,2,1,1,3,2,2,1,0,0,0,1,0,0
0,0,0,0,0,0,0,0,2,3,3,2,1,1,3,3,2,1,2,3,1,1,1,3
0,0,0,0,0,0,0,0,2,3,3,2,1,1,3,3,2,1,3,3,1,1,1,3
0,0,0,0,0,0,0,0,2,3,3,2,1,1,1,3,3,2,2,3,1,1,1,3
0,0,0,0,0,0,0,0,2,3,3,2,1,1,1,1,1,1,1,1,1,0,1,1
0,0,0,0,0,0,0,0,0,2,3,2,1,1,1,1,1,1,1,1,1,1,0,1
0,0,0,0,0,0,0,0,0,2,3,3,2,1,1,1,1,0,1,1,1,1,1,1
0,0,0,0,0,0,0,0,0,2,3,3,2,1,1,1,1,0,0,1,1,1,1,1
0,0,0,0,0,0,0,0,0,0,2,3,3,2,1,1,1,2,0,0,0,1,1,1
0,0,0,0,0,0,0,0,0,0,2,3,3,3,2,1,1,1,2,0,1,1,1,1
0,0,0,0,0,0,0,0,0,0,2,2,3,3,3,2,1,1,1,1,1,1,1,2
0,0,0,0,0,0,0,0,0,0,2,2,3,3,3,3,2,1,1,1,2,2,3,1
0,0,0,0,0,0,0,0,0,2,2,3,3,3,3,3,2,1,1,1,2,2,1,3
0,0,0,0,0,0,0,0,0,3,3,2,2,2,2,2,2,2,3,2,2,2,2,1
0,0,0,0,0,0,0,0,0,2,2,2,3,3,2,3,3,3,2,3,3,2,3,2
0,0,0,0,0,0,0,0,0,0,3,3,3,2,3,3,3,2,3,2,3,2,3,2
0,0,0,0,0,0,0,0,0,3,3,3,2,3,3,3,3,3,2,0,3,2,2,2
0,0,0,0,0,0,0,0,3,3,3,3,2,3,3,3,3,3,2,0,3,2,2,2
0,0,0,0,0,0,0,2,3,3,3,3,3,2,3,3,3,3,2,3,2,3,0,2
0,0,0,0,0,0,0,3,2,2,2,3,0,0,2,3,3,2,3,3,3,2,3,3
0,0,0,0,0,0,0,3,3,3,3,2,0,0,3,2,2,1,1,1,2,3,2,0
0,0,0,0,0,0,0,3,3,3,3,3,0,0,3,3,1,0,0,2,1,1,1,3
0,0,0,0,0,0,0,0,3,3,2,2,2,0,2,1,0,0,2,0,0,0,2,1
0,0,0,0,0,1,1,1,2,2,3,3,3,3,2,1,1,1,0,2,0,2,2,2
0,0,0,0,0,1,0,0,1,3,3,3,3,2,0,0,0,3,1,1,0,2,0,2
0,0,0,0,1,0,0,0,0,0,0,2,2,3,1,1,2,2,2,3,1,0,0,1
0,0,0,0,1,0,0,0,0,0,0,0,3,3,3,0,1,1,1,1,1,0,1,0
0,0,0,0,1,0,0,0,0,0,0,0,3,3,3,3,0,0,0,2,2,1,1,1
0,0,0,1,0,0,0,0,0,0,0,0,2,3,3,3,3,1,0,0,0,2,2,2
0,0,0,1,0,0,0,0,1,1,1,3,3,2,3,2,2,3,1,0,0,0,0,0
0,0,0,1,1,1,1,1,0,0,0,3,2,3,2,3,0,0,1,1,1,0,0,1
0,0,0,0,0,0,0,0,0,0,0,0,0,3,2,3,1,1,2,0,0,1,1,1
0,0,0,0,0,0,0,0,0,0,0,0,2,2,2,2,2,0,2,1,1,0,0,0
0,0,0,0,0,0,0,0,0,0,0,0,2,2,2,2,2,2,0,1,0,1,1,1
0,0,0,0,0,0,0,0,0,0,0,0,2,2,0,2,2,2,0,1,1,0,0,1
0,0,0,0,0,0,0,0,0,0,0,0,2,0,0,0,2,2,0,0,0,1,1,1
0,0,0,0,0,0,0,0,0,0,0,0,2,2,0,2,2,2,0,0,0,0,0,0
0,0,0,0,0,0,0,0,0,0,0,0,0,0,2,2,2,0,0,0,0,2,3,3
0,0,0,0,0,0,0,0,0,0,0,2,0,2,0,2,2,0,0,0,0,0,2,3
0,0,0,0,0,0,0,0,0,0,0,2,0,0,2,2,2,0,0,0,0,0,2,3
0,0,0,0,0,0,0,0,0,0,0,2,0,2,2,2,2,0,0,0,0,0,2,3
0,0,0,0,0,0,0,0,0,0,0,2,2,2,0,2,0,0,0,0,0,0,2,3
0,0,0,0,0,0,0,0,0,0,0,2,0,2,2,2,0,0,0,0,0,0,0,3
0,0,0,0,0,0,0,0,0,0,0,2,0,2,0,2,2,0,0,0,0,0,0,3
0,0,0,0,0,0,0,0,0,0,2,0,0,2,2,2,2,2,0,0,0,0,0,2
0,0,0,0,0,0,0,0,0,0,2,2,0,2,0,0,0,0,0,0,0,0,0,3
0,0,0,0,0,0,0,0,0,0,2,0,2,2,2,0,2,2,0,0,0,0,0,3
0,0,0,0,0,0,0,0,0,2,0,2,2,2,2,0,2,2,2,2,0,0,0,2
SpriteSpeccyBlock,4,8,3
7,0,1,7,0,1,7,0,1
7,0,1,7,0,1,7,0,1
7,0,1,7,0,1,7,0,1
7,0,1,7,0,1,7,0,1
7,0,1,7,0,1,7,0,1
7,0,1,7,0,1,7,0,1
7,0,1,7,0,1,7,0,1
7,0,1,7,0,1,7,0,1
SpriteAttribs,4,0,0,0
SpriteBitmapBlock,5,64,24
0,0,0,0,0,0,0,0,0,0,0,0,0,0,0,0,0,0,0,0,0,0,0,0
0,0,0,0,0,0,0,0,0,0,0,0,0,0,0,0,0,0,0,0,0,0,0,0
0,0,0,0,0,0,0,0,0,0,0,0,0,0,0,0,0,0,0,0,0,0,0,0
0,0,0,0,0,0,0,0,0,0,0,0,0,0,0,0,0,0,0,0,0,0,0,0
2,2,0,0,0,0,0,0,0,0,0,0,0,0,0,0,0,0,0,0,0,0,0,0
3,3,2,0,0,0,0,0,0,0,0,0,0,0,0,0,0,0,0,0,0,0,0,0
3,3,3,2,0,0,0,0,0,0,0,0,0,0,0,0,0,0,0,0,0,0,0,2
3,3,3,2,0,0,0,0,0,0,0,0,0,0,0,0,0,0,0,0,0,0,2,3
3,3,3,3,2,0,0,0,0,0,0,0,0,0,0,0,0,0,0,0,0,2,3,3
3,3,3,3,3,2,0,0,0,0,0,0,0,0,0,0,0,0,0,0,2,3,3,3
3,3,3,3,3,2,0,0,0,0,0,0,0,0,0,0,0,0,0,2,3,3,2,3
3,3,3,3,3,2,0,0,0,0,0,0,0,0,0,0,0,0,2,3,3,2,3,0
3,3,3,3,2,2,0,0,0,0,0,0,0,0,0,0,0,2,3,3,2,3,0,0
2,2,2,2,2,3,2,0,0,0,0,0,0,0,0,0,2,3,3,2,3,0,0,0
1,1,1,1,2,3,2,0,0,0,0,0,0,0,0,2,3,3,2,3,0,0,0,0
1,0,0,0,1,3,2,0,0,0,0,0,0,0,2,3,3,2,3,0,0,0,0,0
0,1,2,3,1,3,2,0,0,0,2,2,0,2,3,3,2,3,0,0,0,0,0,0
2,1,2,3,3,2,2,0,0,2,3,2,2,3,3,2,3,0,0,0,0,0,0,0
2,1,3,3,3,2,2,0,0,0,2,3,2,3,2,3,0,0,0,0,0,0,0,0
2,2,2,3,1,2,2,0,1,0,0,2,3,2,3,0,0,0,0,0,0,0,0,0
1,1,1,1,1,2,0,0,1,1,1,0,2,3,2,2,0,0,0,0,0,0,0,0
1,1,1,1,2,2,0,0,1,1,1,1,2,2,3,2,0,0,0,0,0,0,0,0
1,1,1,1,2,0,0,0,2,1,1,1,1,0,2,0,0,0,0,0,0,0,0,0
1,1,1,2,2,0,0,0,2,1,1,1,0,0,0,0,0,0,0,0,0,0,0,0
1,1,2,2,0,0,0,2,2,1,1,1,0,0,0,0,0,0,0,0,0,0,0,0
1,2,2,0,0,0,2,2,2,2,2,0,0,0,0,0,0,0,0,0,0,0,0,0
2,2,2,0,2,3,0,2,2,0,0,0,0,0,0,0,0,0,0,0,0,0,0,0
3,1,1,2,2,0,1,0,2,0,0,0,0,0,0,0,0,0,0,0,0,0,0,0
1,3,2,3,0,1,0,3,0,0,0,0,0,0,0,0,0,0,0,0,0,0,0,0
2,0,2,0,1,0,2,0,0,0,0,0,0,0,0,0,0,0,0,0,0,0,0,0
3,2,0,2,0,3,0,0,0,0,0,0,0,0,0,0,0,0,0,0,0,0,0,0
3,2,2,0,2,0,0,0,0,0,0,0,0,0,0,0,0,0,0,0,0,0,0,0
2,2,2,2,0,0,0,0,0,0,0,0,0,0,0,0,0,0,0,0,0,0,0,0
0,0,2,0,0,0,0,0,0,0,0,0,0,0,0,0,0,0,0,0,0,0,0,0
2,0,0,0,0,0,0,0,0,0,0,0,0,0,0,0,0,0,0,0,0,0,0,0
2,0,0,0,0,0,0,0,0,0,0,0,0,0,0,0,0,0,0,0,0,0,0,0
3,0,0,0,0,0,0,0,0,0,0,0,0,0,0,0,0,0,0,0,0,0,0,0
2,3,0,0,0,0,0,0,0,0,0,0,0,0,0,0,0,0,0,0,0,0,0,0
1,1,1,0,0,0,0,0,0,0,0,0,0,0,0,0,0,0,0,0,0,0,0,0
0,0,2,1,1,1,1,1,0,0,0,0,0,0,0,0,0,0,0,0,0,0,0,0
0,2,0,0,0,0,1,0,0,0,0,0,0,0,0,0,0,0,0,0,0,0,0,0
1,0,2,0,0,1,0,0,0,0,0,0,0,0,0,0,0,0,0,0,0,0,0,0
0,1,1,1,1,0,0,0,0,0,0,0,0,0,0,0,0,0,0,0,0,0,0,0
1,3,2,0,0,0,0,0,0,0,0,0,0,0,0,0,0,0,0,0,0,0,0,0
0,1,1,1,0,0,0,0,0,0,0,0,0,0,0,0,0,0,0,0,0,0,0,0
1,0,1,0,1,1,1,1,1,0,0,0,0,0,0,0,0,0,0,0,0,0,0,0
0,1,0,1,1,0,1,0,1,1,1,1,1,1,1,0,0,0,0,1,1,0,0,0
1,1,1,1,0,1,0,1,0,1,0,0,0,0,0,1,1,1,1,0,0,1,0,0
3,2,3,2,1,1,1,1,1,0,0,0,0,0,0,0,0,0,0,1,1,0,0,0
2,3,3,3,0,0,0,0,0,0,0,0,0,0,0,0,0,0,0,0,0,0,0,0
3,3,3,3,0,0,0,0,0,0,0,0,0,0,0,0,0,0,0,0,0,0,0,0
2,3,3,3,0,0,0,0,0,0,0,0,0,0,0,0,0,0,0,0,0,0,0,0
3,2,3,3,0,0,0,0,0,0,0,0,0,0,0,0,0,0,0,0,0,0,0,0
3,3,2,3,0,0,0,0,0,0,0,0,0,0,0,0,0,0,0,0,0,0,0,0
3,3,3,2,0,0,0,0,0,0,0,0,0,0,0,0,0,0,0,0,0,0,0,0
3,3,3,3,0,0,0,0,0,0,0,0,0,0,0,0,0,0,0,0,0,0,0,0
3,3,3,2,0,0,0,0,0,0,0,0,0,0,0,0,0,0,0,0,0,0,0,0
3,3,3,3,2,0,0,0,0,0,0,0,0,0,0,0,0,0,0,0,0,0,0,0
3,3,3,2,3,2,0,0,0,0,0,0,0,0,0,0,0,0,0,0,0,0,0,0
2,3,2,3,3,3,2,0,0,0,0,0,0,0,0,0,0,0,0,0,0,0,0,0
3,3,3,3,3,3,3,2,0,0,0,0,0,0,0,0,0,0,0,0,0,0,0,0
3,2,3,3,3,2,3,3,2,0,0,0,0,0,0,0,0,0,0,0,0,0,0,0
3,3,3,3,3,3,3,3,3,3,2,0,0,0,0,0,0,0,0,0,0,0,0,0
3,3,2,3,2,3,3,3,3,3,3,2,0,0,0,0,0,0,0,0,0,0,0,0
SpriteSpeccyBlock,5,8,3
7,0,1,7,0,1,7,0,1
7,0,1,7,0,1,7,0,1
7,0,1,7,0,1,7,0,1
7,0,1,7,0,1,7,0,1
7,0,1,7,0,1,7,0,1
7,0,1,7,0,1,7,0,1
7,0,1,7,0,1,7,0,1
7,0,1,7,0,1,7,0,1
SpriteAttribs,5,0,0,0
SpriteBitmapBlock,6,64,24
0,0,0,0,0,0,0,0,0,0,0,0,0,0,0,0,0,0,0,0,0,0,0,0
0,0,0,0,0,0,0,0,0,0,0,0,0,0,0,0,0,0,0,0,3,0,0,0
0,0,0,0,0,0,0,0,0,0,0,0,0,0,0,0,0,0,0,0,0,3,0,3
0,0,0,0,0,0,0,0,0,0,0,0,0,0,0,0,0,0,0,0,0,0,3,3
0,0,0,0,0,0,0,0,0,0,0,0,0,0,0,0,0,3,3,3,3,3,3,3
0,0,0,0,0,0,0,0,0,0,0,0,0,0,0,3,3,3,2,2,2,2,2,2
0,0,0,0,0,0,0,0,0,0,0,0,0,0,3,3,3,2,0,0,0,0,0,0
0,0,0,0,0,0,0,0,0,0,0,0,0,3,3,2,2,0,0,0,0,0,2,2
0,0,0,0,0,0,0,0,0,0,0,0,3,2,2,0,0,0,2,0,0,0,0,0
0,0,0,0,0,0,0,0,0,0,0,0,2,0,0,0,0,0,0,2,2,2,2,2
0,0,0,0,0,0,0,0,0,0,0,2,0,0,2,2,0,2,2,3,3,3,3,3
0,0,0,0,0,0,0,0,0,0,0,2,0,0,0,2,2,3,3,3,3,3,3,3
0,0,0,0,0,0,0,0,0,0,0,2,0,2,2,3,3,3,1,1,1,1,3,3
0,0,0,0,0,0,0,0,0,0,0,2,2,3,3,1,1,1,1,1,1,1,1,1
0,0,0,0,2,0,0,0,0,0,0,2,0,0,0,0,0,0,0,1,1,1,1,1
0,0,0,0,3,0,0,0,0,0,0,3,1,0,0,3,2,2,2,0,1,1,1,0
2,3,0,3,2,3,0,3,2,0,0,0,1,1,3,3,2,0,2,3,0,1,0,3
3,2,3,2,3,2,3,2,3,0,0,0,1,1,3,3,1,0,2,3,1,1,1,3
0,3,2,3,2,3,2,3,0,0,0,0,0,1,1,3,2,2,2,3,1,1,1,3
0,0,0,2,3,2,0,0,0,0,0,0,0,1,1,1,3,3,3,1,1,0,1,1
0,0,2,3,2,3,2,0,0,0,0,0,0,1,1,1,1,1,1,1,0,1,1,1
0,2,3,2,0,2,3,2,0,0,0,0,0,3,1,1,1,1,1,1,1,1,1,1
0,3,2,3,0,3,2,3,0,0,0,0,0,3,1,1,1,1,1,1,1,1,1,1
0,0,0,0,0,0,0,0,0,0,0,0,3,3,3,1,1,1,1,1,1,0,0,0
0,0,0,3,0,3,0,0,0,0,0,3,3,0,3,3,0,1,1,1,1,1,0,0
0,0,0,0,0,0,0,0,0,0,3,3,0,3,0,3,3,3,3,1,1,1,1,0
0,0,0,3,0,3,0,0,0,0,0,0,3,3,3,0,3,0,3,2,2,1,1,1
0,0,0,0,0,0,0,0,0,0,0,0,0,0,0,0,0,2,2,0,2,2,2,2
0,0,0,3,0,3,0,0,0,0,0,0,0,0,0,2,2,0,0,0,0,0,2,2
0,0,0,0,1,0,0,0,0,0,0,0,0,2,2,2,0,2,0,2,0,2,3,0
0,1,1,1,1,1,2,0,0,0,0,0,2,2,0,0,0,0,1,0,0,2,0,3
0,1,1,1,1,2,0,2,0,0,2,2,0,2,0,0,0,2,0,2,0,2,3,3
0,0,1,1,2,0,2,0,2,2,0,0,2,0,2,0,1,0,0,0,2,2,3,3
0,0,0,2,0,2,0,0,0,0,0,0,2,2,0,2,0,0,0,2,0,2,2,3
0,0,2,0,2,0,0,0,0,0,0,0,0,0,2,0,2,0,2,0,2,0,0,0
0,0,0,2,0,2,2,3,2,0,0,0,0,2,2,2,0,2,0,2,0,0,0,0
0,0,0,3,0,3,0,3,0,2,2,2,2,0,0,0,2,0,2,0,0,0,0,0
0,0,0,0,0,0,0,3,0,0,0,0,0,0,0,0,0,2,0,0,0,0,0,2
0,0,0,3,0,3,0,0,0,0,0,0,0,0,0,2,0,0,2,0,0,0,0,0
0,0,0,0,0,0,0,0,0,0,0,0,0,0,2,2,0,2,1,2,0,0,0,0
0,0,0,3,0,3,0,0,0,0,0,0,0,0,2,0,0,0,2,0,0,0,0,0
0,0,0,0,0,0,0,0,0,0,0,0,0,0,2,0,0,0,1,0,0,0,2,2
0,0,0,0,3,0,0,0,0,0,0,0,0,0,2,2,0,0,0,0,2,2,0,0
0,0,0,0,0,0,0,0,0,0,0,0,0,0,2,2,2,0,0,2,2,3,0,3
0,0,0,0,0,0,0,0,0,0,0,0,0,0,2,2,0,0,0,2,1,0,1,0
0,0,0,0,0,0,0,0,0,0,0,0,0,0,2,2,0,0,2,0,0,0,0,1
0,0,0,0,0,0,0,0,0,0,0,0,0,0,2,0,0,2,2,1,1,0,1,0
0,0,0,0,0,0,0,0,0,0,0,0,0,2,0,0,0,2,0,0,0,0,1,0
0,0,0,0,0,0,0,0,0,0,0,0,0,2,0,0,2,2,0,3,0,0,1,0
0,0,0,0,0,0,0,0,0,0,0,0,0,2,0,0,2,0,3,0,3,0,1,0
0,0,0,0,0,0,0,0,0,0,0,0,2,0,0,2,0,0,0,3,0,1,0,0
0,0,0,0,0,0,0,0,0,0,0,0,2,0,2,2,1,0,0,0,0,1,0,0
0,0,0,0,0,0,0,0,0,0,0,2,0,2,0,0,0,0,1,0,1,0,0,0
0,0,0,0,0,0,0,0,0,0,0,2,0,2,0,0,1,0,0,1,0,1,0,0
0,0,0,0,0,0,0,0,0,0,0,2,2,0,0,0,0,3,0,0,3,0,0,0
0,0,0,0,0,0,0,0,0,0,0,2,2,0,0,0,1,0,3,1,0,0,0,0
0,0,0,0,0,0,0,0,0,0,0,2,0,2,2,0,0,3,0,0,3,0,0,0
0,0,0,0,0,0,0,0,0,0,0,3,0,0,0,2,1,0,3,1,0,2,0,0
0,0,0,0,0,0,0,0,0,0,0,3,0,0,0,0,0,3,0,1,3,0,2,2
0,0,0,0,0,0,0,0,0,0,0,0,0,0,0,0,1,3,3,3,1,0,0,0
0,0,0,0,0,0,0,0,0,0,0,0,0,0,3,3,3,0,0,0,3,0,0,0
0,0,0,0,0,0,0,0,0,0,0,0,0,3,0,0,0,3,0,0,3,0,0,0
0,0,0,0,0,0,0,0,0,0,0,0,3,0,0,0,3,0,3,0,3,0,0,0
0,0,0,0,0,0,0,0,0,0,0,0,3,0,0,0,0,0,0,0,3,0,0,0
SpriteSpeccyBlock,6,8,3
7,0,1,7,0,1,7,0,1
7,0,1,7,0,1,7,0,1
7,0,1,7,0,1,7,0,1
7,0,1,7,0,1,7,0,1
7,0,1,7,0,1,7,0,1
7,0,1,7,0,1,7,0,1
7,0,1,7,0,1,7,0,1
7,0,1,7,0,1,7,0,1
SpriteAttribs,6,0,0,0
SpriteBitmapBlock,7,64,19
0,0,0,0,0,0,2,2,0,0,0,0,0,0,0,0,0,0,0
0,0,0,0,0,2,2,2,2,0,0,0,0,0,0,0,0,0,0
3,0,0,0,0,2,2,2,2,0,0,0,0,0,0,0,0,0,0
0,0,0,2,2,0,2,3,2,0,0,3,0,0,0,0,0,0,0
3,3,2,2,2,2,3,0,3,0,3,0,3,0,0,0,0,0,0
2,2,2,2,2,3,0,0,0,3,0,0,0,3,0,0,0,0,0
0,0,0,2,2,2,3,0,0,0,0,0,3,0,0,0,0,0,0
2,2,0,0,0,0,2,3,0,0,0,3,0,0,0,0,0,0,0
0,0,2,2,0,2,3,0,0,0,0,0,3,2,2,0,0,0,0
2,2,2,0,2,3,0,0,0,3,0,0,0,3,2,2,2,2,0
3,3,3,2,3,0,0,0,3,2,3,0,3,2,2,2,2,2,2
3,3,2,3,0,0,0,3,2,0,2,3,2,2,2,2,2,2,0
3,3,3,2,3,0,3,2,0,2,2,2,2,0,2,2,2,0,0
1,1,1,3,2,3,2,0,2,0,2,2,2,2,0,0,0,0,0
0,0,0,0,0,0,0,3,2,0,0,2,2,2,2,0,0,0,0
2,2,2,3,0,0,3,2,2,2,0,2,2,2,2,0,0,0,0
2,0,2,3,3,1,3,2,2,2,0,2,2,2,0,0,0,0,0
1,0,2,3,3,1,3,2,2,2,0,0,2,0,0,2,0,0,0
2,2,2,3,1,1,3,1,2,2,2,2,2,2,2,2,0,0,0
3,3,3,1,1,1,1,1,3,2,3,2,2,2,2,2,0,0,0
1,1,1,1,1,1,1,1,3,2,3,2,2,0,2,2,2,0,0
1,1,0,1,1,1,1,3,0,3,3,2,2,0,2,2,2,0,0
0,0,0,1,1,1,3,3,3,0,3,2,2,0,2,2,2,2,0
0,2,2,1,1,3,3,3,3,0,3,2,2,0,0,0,0,0,0
2,2,1,1,3,3,3,3,0,3,3,0,0,0,0,0,0,0,0
2,1,1,0,3,3,0,3,3,3,3,3,0,0,0,0,0,0,0
1,2,0,0,0,0,3,0,3,0,3,3,3,0,0,0,0,0,0
1,2,2,2,2,0,0,0,0,0,0,0,0,0,0,0,0,0,0
0,2,0,0,0,2,2,2,2,2,0,0,0,0,0,0,0,0,0
2,0,2,0,0,0,0,2,0,0,2,2,0,0,0,0,0,0,0
0,2,0,2,0,2,1,2,1,0,0,2,2,0,0,0,0,0,0
3,2,2,0,2,0,2,0,0,0,0,0,2,0,0,0,0,0,0
3,0,0,2,0,2,0,2,0,2,0,2,0,2,0,0,0,0,0
0,2,0,0,2,0,2,0,2,0,2,0,2,0,0,0,0,0,0
0,0,2,0,0,2,0,2,0,0,0,0,0,2,0,0,0,0,0
0,0,0,2,0,0,2,0,0,0,0,0,0,2,0,3,1,3,0
2,0,0,0,2,0,0,0,0,0,0,0,2,0,0,1,0,1,0
1,2,0,0,2,0,2,0,0,0,0,0,2,0,3,0,0,3,0
2,0,0,2,0,0,2,2,2,2,0,0,2,0,1,0,0,1,0
1,0,2,2,2,0,2,0,0,0,2,0,0,2,3,0,0,3,0
0,2,2,0,2,0,2,0,0,0,2,0,0,2,1,0,0,1,0
2,0,0,0,2,2,0,0,0,0,2,0,0,0,2,2,3,0,0
0,0,0,0,0,2,2,2,0,0,2,0,0,0,2,0,2,0,0
0,3,0,3,0,3,2,0,0,0,0,2,0,2,0,2,1,0,0
1,0,1,0,1,0,1,2,2,0,0,2,2,0,2,1,1,0,0
0,0,0,0,0,0,1,2,0,0,0,2,0,2,1,1,1,1,1
1,1,3,0,3,0,3,0,2,0,3,0,2,0,1,1,1,1,1
0,1,3,1,3,1,3,0,2,0,3,0,0,0,1,1,1,1,0
0,0,0,0,0,0,0,0,2,0,0,0,0,0,3,0,3,1,0
0,1,3,1,3,1,3,0,2,0,0,0,0,0,1,0,1,0,0
0,0,3,0,3,0,3,0,0,2,0,0,0,0,3,0,3,0,0
0,1,0,0,0,0,0,0,0,2,0,0,0,0,1,0,1,0,0
0,0,0,0,1,1,0,1,0,2,0,0,0,0,3,0,3,0,0
0,1,0,1,0,0,1,0,0,2,0,0,0,0,1,0,1,0,0
0,0,1,0,1,0,0,1,0,2,3,0,0,0,3,0,3,0,0
0,0,0,3,0,3,3,0,0,0,2,0,0,0,1,0,1,0,0
0,0,0,0,1,0,0,1,2,2,2,0,0,0,0,3,0,0,0
0,2,2,3,0,3,3,0,2,0,3,0,0,0,0,1,0,0,0
2,0,0,0,1,0,0,1,0,0,3,0,0,0,0,3,0,0,0
0,0,0,3,3,3,3,0,0,0,0,0,0,0,0,1,0,0,0
0,0,0,3,0,0,0,3,0,0,0,0,0,0,0,0,0,0,0
0,0,3,0,0,0,0,0,3,0,0,0,0,0,0,0,0,0,0
0,3,0,0,3,3,0,0,3,0,0,0,0,0,0,0,0,0,0
0,3,0,3,3,3,3,0,3,0,0,0,0,0,0,0,0,0,0
SpriteSpeccyBlock,7,8,3
7,0,1,7,0,1,7,0,1
7,0,1,7,0,1,7,0,1
7,0,1,7,0,1,7,0,1
7,0,1,7,0,1,7,0,1
7,0,1,7,0,1,7,0,1
7,0,1,7,0,1,7,0,1
7,0,1,7,0,1,7,0,1
7,0,1,7,0,1,7,0,1
SpriteAttribs,7,0,0,0
SpriteBitmapBlock,8,64,24
0,0,0,0,0,0,0,0,0,0,0,0,2,2,2,2,0,0,0,0,0,0,0,2
0,0,0,0,0,0,0,0,0,0,2,2,3,3,3,2,2,1,1,0,0,2,2,2
0,0,0,0,0,0,0,0,0,0,2,2,2,2,2,2,2,1,1,2,2,2,2,2
0,0,0,0,0,0,0,0,0,2,2,3,2,2,0,1,1,1,1,2,2,2,2,2
0,0,0,0,0,0,0,0,0,2,2,2,2,0,0,1,1,1,1,2,2,2,2,2
0,0,0,0,0,0,0,0,0,2,3,2,0,0,2,0,2,2,2,2,2,3,3,2
0,0,0,0,0,0,0,0,0,2,2,0,0,2,0,2,2,2,2,2,3,2,2,2
0,0,0,0,0,0,0,0,0,2,3,0,2,0,0,2,2,2,3,3,2,2,2,2
0,0,0,0,0,0,0,0,0,2,2,0,2,0,2,2,2,2,2,2,2,2,2,2
0,0,0,1,1,0,1,1,1,2,2,0,2,0,2,2,2,2,2,0,0,2,1,2
0,0,1,1,1,0,1,1,1,1,2,0,2,0,2,2,2,0,0,0,0,0,1,1
0,0,1,1,1,1,1,1,1,1,2,0,0,0,2,2,0,0,3,3,1,3,2,2
0,0,1,1,1,1,1,1,1,1,2,2,0,0,2,0,0,2,3,1,0,1,2,3
0,0,1,1,1,1,1,1,1,1,0,2,0,0,0,2,1,2,3,1,0,1,2,3
0,0,3,1,1,1,1,1,1,3,0,2,0,0,0,2,1,0,3,1,1,1,2,3
0,0,3,3,1,1,1,1,3,3,0,2,0,0,0,2,1,3,2,3,1,3,2,3
0,0,0,3,3,1,1,3,3,0,0,0,0,0,0,2,1,3,3,2,2,2,3,3
0,0,0,3,3,3,3,3,3,0,0,0,0,0,0,0,1,3,3,3,3,3,3,0
3,3,0,0,0,3,3,0,0,0,3,3,0,0,0,0,2,1,3,3,3,3,3,3
0,3,3,0,0,3,3,0,0,3,3,0,0,0,0,0,0,2,1,3,3,3,3,3
0,0,3,3,3,3,3,3,3,3,0,0,0,0,0,0,0,2,2,1,3,3,3,3
0,0,0,3,3,3,3,3,3,0,0,0,0,0,0,0,2,2,2,2,1,1,3,3
0,0,0,0,0,3,3,3,0,0,0,0,0,0,0,0,2,2,2,2,2,2,1,1
0,3,3,0,0,3,3,0,0,3,3,3,0,0,0,0,2,2,2,2,0,2,2,2
0,0,3,3,3,3,3,3,3,3,3,0,0,0,0,0,0,2,2,0,0,0,0,0
0,0,0,0,3,3,3,3,3,0,0,0,0,3,3,3,3,3,3,3,1,1,1,1
0,0,0,0,0,3,3,0,0,0,0,0,0,0,0,1,1,1,3,2,3,2,3,1
0,0,0,0,0,3,3,0,0,0,0,0,0,0,3,3,3,3,2,3,2,3,2,1
0,0,0,0,0,3,3,0,0,0,0,0,0,0,0,0,0,2,3,2,2,2,2,2
0,0,0,0,0,3,3,0,0,0,0,0,0,0,0,3,3,3,2,1,2,2,2,2
0,0,0,0,0,3,3,1,1,0,0,0,0,0,3,3,3,3,1,1,3,2,2,2
0,0,0,0,1,1,1,3,1,3,0,0,3,3,3,3,3,1,1,1,2,3,2,3
0,0,0,0,3,3,3,1,1,3,3,3,3,3,3,3,1,3,3,1,3,2,3,2
0,0,0,0,1,1,1,1,1,3,3,3,3,3,1,1,0,0,3,0,0,3,2,3
0,0,0,0,0,3,3,1,1,3,1,1,1,1,0,0,0,0,0,0,0,2,3,2
0,0,0,0,0,1,1,3,1,1,0,0,0,0,0,0,0,0,0,0,0,3,1,1
0,0,0,0,0,0,3,3,1,0,0,0,0,0,0,0,0,0,0,0,0,0,3,3
0,0,0,0,0,0,3,3,0,0,0,0,0,0,0,0,0,0,0,0,0,0,3,3
0,0,0,0,0,0,3,3,0,0,0,0,0,0,0,0,0,0,0,0,0,0,1,1
0,0,0,0,0,0,3,3,0,0,0,0,0,0,0,0,0,0,0,0,0,2,3,2
0,0,0,0,0,0,3,3,0,0,0,0,0,0,0,0,0,0,0,0,0,3,2,3
0,0,0,0,0,0,3,3,0,0,0,0,0,0,0,0,0,0,0,0,2,2,2,2
0,0,0,0,0,0,3,3,0,0,0,0,0,0,0,0,0,0,0,0,2,2,2,2
0,0,0,0,0,0,3,3,0,0,0,0,0,0,0,0,0,0,0,2,2,2,2,2
0,0,0,0,0,0,3,3,3,3,3,0,0,0,0,0,0,0,0,2,2,2,2,2
0,0,0,0,0,0,3,3,0,3,3,3,0,0,0,0,0,0,0,2,3,2,3,2
0,0,0,0,0,0,3,0,0,0,3,3,0,0,0,0,0,0,0,3,2,3,2,3
0,0,0,0,0,0,3,3,0,0,0,0,0,0,0,0,0,0,0,3,3,3,3,2
0,0,0,0,0,0,3,0,0,0,3,3,0,0,0,0,0,0,0,3,3,3,3,3
0,0,0,0,0,0,3,3,0,3,3,3,0,0,0,0,0,0,0,3,1,1,1,1
0,0,0,0,0,0,0,3,3,3,3,0,0,0,0,0,0,0,0,0,3,3,3,1
0,0,0,0,0,0,0,0,0,0,0,0,0,0,0,0,0,0,0,0,3,3,3,3
0,0,0,0,0,0,0,0,0,0,0,0,0,0,0,0,0,0,0,0,3,3,3,3
0,0,0,0,0,0,0,0,0,0,0,0,0,0,0,0,0,0,0,0,3,3,3,3
0,0,0,0,0,0,0,0,0,0,0,0,0,0,0,0,0,0,0,0,3,3,3,3
0,0,0,0,0,0,0,0,0,0,0,0,0,0,0,0,0,0,0,0,3,3,3,1
0,0,0,0,0,0,0,0,0,0,0,0,0,0,0,0,0,0,0,0,3,3,3,1
0,0,0,0,0,0,0,0,0,0,0,0,0,0,0,0,0,0,0,0,3,3,3,1
0,0,0,0,0,0,0,0,0,0,0,0,0,0,0,0,0,0,0,1,3,3,3,1
0,0,0,0,0,0,0,0,0,0,0,0,0,0,0,0,0,0,0,1,3,3,3,1
0,0,0,0,0,0,0,0,0,0,0,0,0,0,0,0,0,0,2,2,1,1,1,3
0,0,0,0,0,0,0,0,0,0,0,0,0,0,0,0,0,2,3,2,2,2,2,3
0,0,0,0,0,0,0,0,0,0,0,0,0,0,0,0,2,3,3,3,2,2,2,3
0,0,0,0,0,0,0,0,0,0,0,0,0,0,0,0,2,2,2,2,2,2,2,0
SpriteSpeccyBlock,8,8,3
7,0,1,7,0,1,7,0,1
7,0,1,7,0,1,7,0,1
7,0,1,7,0,1,7,0,1
7,0,1,7,0,1,7,0,1
7,0,1,7,0,1,7,0,1
7,0,1,7,0,1,7,0,1
7,0,1,7,0,1,7,0,1
7,0,1,7,0,1,7,0,1
SpriteAttribs,8,0,0,0
SpriteBitmapBlock,9,64,24
2,2,2,2,0,0,0,0,0,0,0,0,2,2,2,2,2,0,0,0,0,0,0,0
2,2,2,2,2,0,1,0,0,0,2,2,2,2,2,2,2,2,0,0,0,0,0,0
2,2,2,2,2,2,2,1,0,1,1,2,2,3,3,3,2,2,0,0,0,0,0,0
2,2,3,2,2,2,2,2,3,1,1,2,2,2,2,2,2,2,2,0,0,0,0,0
2,2,2,2,2,2,2,2,2,1,1,1,1,0,0,2,3,2,2,0,0,0,0,0
2,2,2,2,2,2,2,2,2,1,1,1,1,0,0,2,3,2,2,0,0,0,0,0
2,2,2,2,2,2,2,2,2,2,2,0,0,2,0,0,3,2,2,0,0,0,0,0
2,3,2,2,3,3,2,2,2,2,2,2,0,0,2,0,2,2,0,0,0,0,0,0
3,2,2,2,2,2,3,3,3,3,2,2,2,0,2,0,2,2,0,0,0,0,0,0
2,2,2,2,0,0,2,2,2,2,2,2,2,0,2,0,2,2,0,0,0,0,0,0
1,1,1,0,0,0,0,0,2,2,2,2,2,0,2,0,2,2,0,0,0,0,0,0
3,2,2,3,1,3,3,0,0,0,2,2,2,0,2,0,2,2,1,0,0,0,0,0
3,3,2,1,0,1,3,3,0,0,0,2,2,0,2,0,2,1,2,1,0,0,0,0
3,3,2,1,0,1,3,2,1,2,3,2,0,0,0,0,1,1,2,2,1,0,0,0
3,3,2,1,1,1,3,2,3,2,1,3,0,0,0,1,1,1,1,1,1,1,0,0
3,3,2,3,1,3,2,3,3,2,1,3,0,0,1,1,1,2,1,1,1,1,1,0
0,3,3,2,2,2,3,3,3,3,3,2,0,1,1,1,3,2,2,1,1,3,1,1
3,3,3,3,3,3,3,3,3,1,1,0,1,1,1,1,3,3,1,1,3,1,1,0
3,3,3,3,3,3,3,3,1,1,2,2,0,1,1,2,3,3,3,3,3,1,0,0
3,3,3,3,0,3,3,3,1,1,2,2,0,0,1,2,2,3,3,3,3,1,0,0
3,3,0,0,0,3,3,1,1,2,2,2,0,0,0,1,1,3,3,1,0,0,0,0
3,3,0,1,3,3,1,1,2,2,2,2,2,0,0,0,3,3,3,1,0,0,0,0
3,3,3,3,3,1,1,2,2,2,2,2,2,0,0,3,3,3,1,0,0,0,0,0
1,3,3,3,3,1,0,2,2,0,3,2,0,3,3,3,3,1,0,0,0,0,0,0
3,1,3,3,3,1,0,0,0,2,3,2,3,3,3,3,1,0,0,0,0,0,0,0
1,3,3,3,3,1,1,1,2,2,3,2,3,3,3,1,0,0,0,0,0,0,0,0
1,3,3,3,3,1,1,2,3,3,2,3,3,3,1,0,0,0,0,0,0,0,0,0
1,1,1,1,1,2,3,3,2,3,2,3,3,1,0,0,0,0,0,0,0,0,0,0
1,1,2,2,2,2,2,3,3,2,3,1,1,3,3,0,0,0,0,0,0,0,0,0
2,1,1,2,2,2,2,2,2,1,1,3,3,0,0,0,0,0,0,0,0,0,0,0
2,1,1,1,2,2,2,2,3,0,0,0,0,0,0,0,0,0,0,0,0,0,0,0
2,3,1,1,1,3,2,3,3,3,3,3,0,0,0,0,0,0,0,0,0,0,0,0
3,2,3,1,1,1,3,2,0,3,0,0,0,0,0,0,0,0,0,0,0,0,0,0
2,3,2,3,2,1,1,3,2,0,0,0,0,0,0,0,0,0,0,0,0,0,0,0
3,2,3,2,3,2,1,1,3,0,0,0,0,0,0,0,0,0,0,0,0,0,0,0
1,1,1,1,1,1,1,1,1,0,0,0,0,0,0,0,0,0,0,0,0,0,0,0
3,3,3,3,3,3,3,1,1,1,0,0,0,0,0,0,0,0,0,0,0,0,0,0
3,1,3,3,3,3,3,1,0,1,1,0,0,0,0,0,0,0,0,0,0,0,0,0
3,3,3,3,3,1,1,1,0,1,1,1,0,0,0,0,0,0,0,0,0,0,0,0
1,1,1,1,1,2,3,2,3,2,1,2,1,0,0,0,0,0,0,0,0,0,0,0
2,3,2,3,2,3,2,3,2,2,2,2,1,0,0,0,0,0,0,0,0,0,0,0
2,2,2,2,2,2,2,2,2,1,2,1,1,0,0,0,0,0,0,0,0,0,0,0
2,2,2,2,2,2,2,2,2,1,1,1,0,0,0,0,0,0,0,0,0,0,0,0
2,2,2,2,2,2,2,2,2,0,0,0,0,0,0,0,0,0,0,0,0,0,0,0
2,2,2,2,2,2,2,2,2,0,0,0,0,0,0,0,0,0,0,0,0,0,0,0
3,2,3,2,3,2,3,2,3,2,0,0,0,0,0,0,0,0,0,0,0,0,0,0
2,3,2,3,2,3,2,3,2,3,0,0,0,0,0,0,0,0,0,0,0,0,0,0
3,2,3,2,3,2,3,2,3,3,0,0,0,0,0,0,0,0,0,0,0,0,0,0
3,3,3,3,3,3,3,3,3,3,3,0,0,0,0,0,0,0,0,0,0,0,0,0
1,0,0,0,1,1,1,3,3,3,3,0,0,0,0,0,0,0,0,0,0,0,0,0
1,0,0,0,3,3,3,1,1,0,0,0,0,0,0,0,0,0,0,0,0,0,0,0
1,0,0,0,0,3,3,1,1,0,0,0,0,0,0,0,0,0,0,0,0,0,0,0
1,0,0,0,0,3,3,1,1,0,0,0,0,0,0,0,0,0,0,0,0,0,0,0
1,0,0,0,0,3,3,1,1,0,0,0,0,0,0,0,0,0,0,0,0,0,0,0
1,0,0,0,0,3,3,1,1,0,0,0,0,0,0,0,0,0,0,0,0,0,0,0
0,0,0,0,0,3,3,1,1,0,0,0,0,0,0,0,0,0,0,0,0,0,0,0
0,0,0,0,0,3,3,3,1,0,0,0,0,0,0,0,0,0,0,0,0,0,0,0
0,0,0,0,0,3,3,3,1,0,0,0,0,0,0,0,0,0,0,0,0,0,0,0
0,0,0,0,0,3,3,3,1,0,0,0,0,0,0,0,0,0,0,0,0,0,0,0
0,0,0,0,2,1,3,3,1,3,3,3,3,0,0,0,0,0,0,0,0,0,0,0
3,3,0,2,2,2,1,1,2,3,3,0,0,0,0,0,0,0,0,0,0,0,0,0
0,0,2,3,2,2,2,2,2,2,3,3,0,0,0,0,0,0,0,0,0,0,0,0
3,2,3,3,3,2,2,2,2,2,3,0,0,0,0,0,0,0,0,0,0,0,0,0
0,2,2,2,2,2,2,2,2,0,0,0,0,0,0,0,0,0,0,0,0,0,0,0
SpriteSpeccyBlock,9,8,3
7,0,1,7,0,1,7,0,1
7,0,1,7,0,1,7,0,1
7,0,1,7,0,1,7,0,1
7,0,1,7,0,1,7,0,1
7,0,1,7,0,1,7,0,1
7,0,1,7,0,1,7,0,1
7,0,1,7,0,1,7,0,1
7,0,1,7,0,1,7,0,1
SpriteAttribs,9,0,0,0
SpriteBitmapBlock,10,64,24
0,0,0,0,0,0,0,0,0,0,0,0,2,2,2,2,0,0,0,0,0,0,0,2
0,0,0,0,0,0,0,0,0,0,2,2,0,0,0,2,2,1,1,0,0,2,2,2
0,0,0,0,0,0,0,0,0,0,2,2,2,2,2,2,2,1,1,2,2,2,2,2
0,0,0,0,0,0,0,0,0,2,2,0,2,2,0,1,1,1,1,2,2,2,2,2
0,0,0,0,0,0,0,0,0,2,2,2,2,0,0,1,1,1,1,2,2,2,2,2
0,0,0,0,0,0,0,0,0,2,0,2,0,0,2,0,2,2,2,2,2,0,0,2
0,0,0,0,0,0,0,0,0,2,2,0,0,2,0,2,2,2,2,2,0,2,2,2
0,0,0,0,0,0,0,0,0,2,0,0,2,0,0,2,2,2,0,0,2,2,2,2
0,0,0,0,0,0,0,0,0,2,2,0,2,0,2,2,2,2,2,2,2,2,2,2
0,0,0,2,2,0,1,1,1,2,2,0,2,0,2,2,0,0,2,1,1,3,1,2
0,0,2,2,2,0,2,1,1,1,2,0,2,0,2,2,2,2,0,0,3,1,3,1
0,0,2,2,2,2,2,1,1,1,2,0,0,0,2,2,2,0,1,1,0,0,0,1
0,0,2,2,2,2,1,1,1,1,2,2,0,0,2,0,0,0,3,1,0,0,0,0
0,0,2,2,2,1,1,1,1,1,0,2,0,0,0,2,0,2,1,3,0,0,0,0
0,0,3,2,2,2,2,1,1,3,0,2,0,0,0,2,0,2,1,1,0,0,0,1
0,0,3,3,2,2,2,1,3,3,0,2,0,0,0,2,0,2,3,1,2,0,2,3
0,0,0,3,3,2,1,3,3,0,0,0,0,0,0,2,0,0,1,3,1,2,2,3
0,0,0,0,3,3,3,3,3,0,0,0,0,0,0,0,0,0,1,1,3,1,2,0
0,0,0,0,0,3,3,0,0,0,3,0,0,0,0,0,2,0,2,1,1,0,1,3
0,3,0,0,0,3,3,0,0,3,3,0,0,0,0,0,0,2,2,1,0,0,0,3
0,0,3,3,0,3,3,0,3,3,0,0,0,0,0,0,0,2,2,2,1,3,0,1
0,0,0,3,3,3,3,3,3,0,0,0,0,0,0,0,2,2,2,2,2,3,3,3
0,0,0,0,3,3,3,3,0,0,0,0,0,0,0,0,2,2,2,2,2,2,2,3
0,3,0,0,0,3,3,0,0,0,3,0,0,0,0,0,2,2,2,2,0,2,2,2
0,0,3,3,0,3,3,0,3,3,0,0,0,0,0,0,0,2,2,0,0,0,0,0
0,0,0,3,3,3,3,3,3,0,0,0,0,3,3,3,3,3,3,3,1,1,1,1
0,0,0,0,3,3,3,0,0,0,0,0,0,0,0,1,1,1,3,2,2,1,1,1
0,0,0,0,0,3,3,0,0,0,0,0,0,0,3,3,3,3,2,2,2,2,2,2
0,0,0,0,0,3,3,0,0,0,0,0,0,0,0,0,0,3,2,2,2,2,2,2
0,0,0,0,0,3,3,0,0,0,0,0,0,0,0,0,3,2,3,1,2,2,2,2
0,0,0,0,0,3,3,3,1,0,0,0,0,0,0,2,3,3,1,1,3,2,2,2
0,0,0,0,1,1,1,3,1,3,0,0,0,2,2,3,3,1,1,1,3,2,2,2
0,0,0,0,3,3,3,1,1,3,3,0,2,3,3,2,2,3,3,1,3,2,1,2
0,0,0,0,1,1,1,1,1,3,3,3,2,2,2,0,2,0,3,0,0,2,1,1
0,0,0,0,0,3,3,3,1,1,1,1,0,2,2,0,2,0,0,0,0,2,1,3
0,0,0,0,0,1,1,1,1,1,0,0,0,2,2,0,0,0,0,0,0,3,1,3
0,0,0,0,0,0,3,3,1,0,0,0,0,0,2,0,0,0,0,0,0,1,3,3
0,0,0,0,0,0,3,3,0,0,0,0,0,0,2,0,0,0,0,0,0,1,3,3
0,0,0,0,0,0,3,3,0,0,0,0,0,0,2,0,0,0,0,0,0,2,1,2
0,0,0,0,0,0,3,3,0,0,0,0,0,0,0,0,0,0,0,0,0,1,2,1
0,0,0,0,0,0,3,3,0,0,0,0,0,0,0,0,0,0,0,0,0,2,1,2
0,0,0,0,0,0,3,3,0,0,0,0,0,0,0,0,0,0,0,0,2,1,2,1
0,0,0,0,0,0,3,3,0,0,0,0,0,0,0,0,0,0,0,0,1,2,1,2
0,0,0,0,0,0,3,3,3,3,0,0,0,0,0,0,0,0,0,0,2,1,2,2
0,0,0,0,0,0,3,3,3,3,3,0,0,0,0,0,0,0,0,0,1,2,1,2
0,0,0,0,0,0,3,3,3,3,3,0,0,0,0,0,0,0,0,0,2,1,2,2
0,0,0,0,0,0,3,3,3,1,3,0,0,0,0,0,0,0,0,0,1,3,0,3
0,0,0,0,0,0,3,3,3,1,3,0,0,0,0,0,0,0,0,0,0,3,0,3
0,0,0,0,0,0,3,3,3,1,3,0,0,0,0,0,0,0,0,0,0,3,3,0
0,0,0,0,0,0,3,3,3,1,3,0,0,0,0,0,0,0,0,0,0,3,0,1
0,0,0,0,0,0,3,3,1,3,0,0,0,0,0,0,0,0,0,0,1,0,1,1
0,0,0,0,0,0,3,3,1,3,0,0,0,0,0,0,0,0,0,0,2,1,2,0
0,0,0,0,0,0,3,1,3,0,0,0,0,0,0,0,0,0,0,0,1,2,1,0
0,0,0,0,0,0,3,1,3,0,0,0,0,0,0,0,0,0,0,0,2,1,2,0
0,0,0,0,0,0,3,1,3,0,0,0,0,0,0,0,0,0,0,0,1,2,1,0
0,0,0,0,0,0,3,3,0,0,0,0,0,0,0,0,0,0,0,0,1,2,0,1
0,0,0,0,0,0,3,3,0,0,0,0,0,0,0,0,0,0,0,0,1,2,0,1
0,0,0,0,0,0,3,0,0,0,0,0,0,0,0,0,0,0,0,0,1,1,0,1
0,0,0,0,0,0,3,0,0,0,0,0,0,0,0,0,0,0,0,1,0,0,1,0
0,0,0,0,0,0,1,0,0,0,0,0,0,0,0,0,0,0,0,1,3,3,0,1
0,0,0,0,0,0,0,0,0,0,0,0,0,0,0,0,0,0,2,2,1,1,1,3
0,0,0,0,0,0,0,0,0,0,0,0,0,0,0,0,0,2,3,2,2,2,2,3
0,0,0,0,0,0,0,0,0,0,0,0,0,0,0,0,2,3,3,2,2,2,2,3
0,0,0,0,0,0,0,0,0,0,0,0,0,0,0,0,2,2,2,2,2,2,2,0
SpriteSpeccyBlock,10,8,3
7,0,1,7,0,1,7,0,1
7,0,1,7,0,1,7,0,1
7,0,1,7,0,1,7,0,1
7,0,1,7,0,1,7,0,1
7,0,1,7,0,1,7,0,1
7,0,1,7,0,1,7,0,1
7,0,1,7,0,1,7,0,1
7,0,1,7,0,1,7,0,1
SpriteAttribs,10,0,0,0
SpriteBitmapBlock,11,64,22
2,2,2,2,0,0,0,0,0,0,0,0,2,2,2,2,2,0,0,0,0,0
2,2,2,2,2,0,1,0,0,0,2,2,2,2,2,2,2,2,0,0,0,0
2,2,2,2,2,2,2,1,0,1,1,2,2,0,0,0,2,2,0,0,0,0
2,2,0,2,2,2,2,2,3,1,1,2,2,2,2,2,2,2,2,0,0,0
2,2,2,2,2,2,2,2,2,1,1,1,1,0,0,2,0,2,2,0,0,0
2,2,2,2,2,2,2,2,2,1,1,1,1,0,0,2,0,2,2,0,0,0
2,2,2,2,2,2,2,2,2,2,2,0,0,2,0,0,0,2,2,0,0,0
2,0,2,2,0,0,2,2,2,2,2,2,0,0,2,0,2,2,0,0,0,0
0,0,2,2,2,2,0,0,0,0,2,2,2,0,2,0,2,2,0,0,0,0
2,2,2,2,0,0,2,2,2,2,2,2,2,0,2,0,2,2,0,0,0,0
1,2,2,2,2,1,1,1,2,2,2,2,2,0,2,0,2,2,0,0,0,0
3,2,2,1,1,0,3,2,2,2,2,2,2,0,2,0,2,2,0,0,0,0
3,3,1,0,0,0,0,3,2,2,0,2,2,0,2,0,2,0,0,0,0,0
3,1,0,1,1,1,0,0,1,2,3,2,0,0,0,0,0,0,0,0,0,3
3,3,0,3,0,1,0,0,3,2,1,3,0,0,0,0,0,3,0,3,1,3
3,3,0,0,1,1,0,0,3,2,1,3,0,3,0,0,0,3,0,3,1,1
0,3,3,3,3,0,0,3,3,3,3,2,0,0,3,0,0,1,0,1,0,3
3,3,3,3,3,3,3,3,3,1,1,0,0,0,0,1,0,1,0,1,3,1
3,0,3,0,0,3,3,3,1,1,2,2,0,0,0,0,1,1,1,1,3,1
0,0,0,0,3,3,3,3,1,1,2,2,0,0,0,0,0,1,1,0,1,0
1,0,1,1,3,3,3,1,1,2,2,2,0,0,0,0,0,1,0,3,3,0
1,3,3,1,3,3,1,1,2,2,2,2,2,0,0,0,3,1,1,3,0,0
1,3,3,3,3,1,1,2,2,2,2,2,2,0,0,3,3,3,1,0,3,0
1,3,3,1,3,1,0,2,2,0,3,2,0,3,3,1,3,1,0,0,0,0
3,3,1,1,1,1,0,0,0,2,3,2,3,3,2,3,1,0,0,0,0,0
1,3,1,0,1,1,1,3,3,2,3,2,3,1,2,1,0,0,0,0,0,0
0,1,1,0,0,1,1,1,1,1,2,3,3,3,2,0,0,0,0,0,0,0
0,1,0,0,1,2,2,3,2,2,2,3,3,1,0,0,0,0,0,0,0,0
1,1,0,2,2,2,2,2,2,2,2,1,1,3,3,0,0,0,0,0,0,0
2,1,1,1,2,2,2,2,2,1,1,3,3,0,0,0,0,0,0,0,0,0
2,2,1,1,1,2,2,2,3,0,0,0,0,0,0,0,0,0,0,0,0,0
2,2,2,2,1,1,2,2,3,3,3,3,0,0,0,0,0,0,0,0,0,0
2,2,0,1,2,1,1,2,1,3,0,0,0,0,0,0,0,0,0,0,0,0
1,1,0,3,1,1,1,3,2,0,0,0,0,0,0,0,0,0,0,0,0,0
1,0,0,1,0,1,1,1,3,0,0,0,0,0,0,0,0,0,0,0,0,0
3,3,1,1,1,3,0,1,1,0,0,0,0,0,0,0,0,0,0,0,0,0
3,1,0,3,3,0,1,1,1,1,0,0,0,0,0,0,0,0,0,0,0,0
3,3,3,3,3,3,3,1,0,1,1,0,0,0,0,0,0,0,0,0,0,0
1,1,1,1,2,2,1,2,1,1,1,1,0,0,0,0,0,0,0,0,0,0
2,2,2,2,2,2,2,1,2,2,1,2,1,0,0,0,0,0,0,0,0,0
2,2,2,2,2,2,1,2,1,2,2,2,1,0,0,0,0,0,0,0,0,0
2,2,2,2,2,2,2,1,2,1,2,1,1,0,0,0,0,0,0,0,0,0
2,2,2,2,2,2,2,2,1,1,1,1,0,0,0,0,0,0,0,0,0,0
2,2,2,2,2,2,2,1,2,1,0,0,0,0,0,0,0,0,0,0,0,0
2,2,2,2,2,2,2,2,1,2,0,0,0,0,0,0,0,0,0,0,0,0
2,2,2,2,2,2,2,2,2,1,0,0,0,0,0,0,0,0,0,0,0,0
2,1,0,2,3,0,3,1,1,2,0,0,0,0,0,0,0,0,0,0,0,0
3,1,0,1,3,0,3,3,1,1,0,0,0,0,0,0,0,0,0,0,0,0
3,3,0,1,0,0,3,0,0,3,0,0,0,0,0,0,0,0,0,0,0,0
0,0,0,0,1,1,0,1,1,0,0,0,0,0,0,0,0,0,0,0,0,0
1,3,0,0,1,3,1,1,1,0,0,0,0,0,0,0,0,0,0,0,0,0
1,0,0,0,0,1,3,1,1,0,0,0,0,0,0,0,0,0,0,0,0,0
1,0,0,0,0,3,1,1,3,0,0,0,0,0,0,0,0,0,0,0,0,0
1,0,0,0,0,1,1,2,2,0,0,0,0,0,0,0,0,0,0,0,0,0
1,0,0,0,0,1,2,1,2,0,0,0,0,0,0,0,0,0,0,0,0,0
0,0,0,0,0,3,1,1,2,0,0,0,0,0,0,0,0,0,0,0,0,0
0,0,0,0,0,1,3,1,1,0,0,0,0,0,0,0,0,0,0,0,0,0
0,0,0,0,0,3,1,3,1,0,0,0,0,0,0,0,0,0,0,0,0,0
0,0,3,3,0,0,3,0,1,0,0,0,3,3,0,0,0,0,0,0,0,0
3,3,0,0,2,1,0,3,0,0,3,3,0,0,0,0,0,0,0,0,0,0
0,0,0,2,2,2,1,1,2,3,0,0,0,0,0,0,0,0,0,0,0,0
0,0,2,3,2,2,2,2,2,2,3,3,3,0,0,0,0,0,0,0,0,0
3,2,3,3,3,2,2,2,2,2,0,0,0,0,0,0,0,0,0,0,0,0
0,2,2,2,2,2,2,2,2,0,0,0,0,0,0,0,0,0,0,0,0,0
SpriteSpeccyBlock,11,8,3
7,0,1,7,0,1,7,0,1
7,0,1,7,0,1,7,0,1
7,0,1,7,0,1,7,0,1
7,0,1,7,0,1,7,0,1
7,0,1,7,0,1,7,0,1
7,0,1,7,0,1,7,0,1
7,0,1,7,0,1,7,0,1
7,0,1,7,0,1,7,0,1
SpriteAttribs,11,0,0,0
SpriteBitmapBlock,12,47,24
0,0,0,0,0,0,0,0,0,0,0,0,0,0,0,0,0,0,0,0,0,0,0,0
0,0,0,0,0,0,0,0,0,0,0,0,0,0,0,0,0,0,0,0,0,0,0,0
0,0,0,0,0,0,0,0,0,0,0,0,0,0,0,0,0,0,0,0,0,0,0,0
0,0,0,0,0,0,0,0,0,0,0,0,0,0,0,0,0,0,0,0,0,0,0,0
0,0,0,0,0,0,0,0,0,0,0,0,0,0,0,0,0,0,0,0,0,0,0,0
0,0,0,0,0,0,0,0,0,0,0,0,0,0,0,0,0,0,0,0,0,0,0,10
0,0,0,0,0,0,0,0,0,0,0,0,0,0,0,0,0,0,0,4,4,0,0,0
0,0,0,0,0,0,0,0,0,0,0,0,4,0,0,0,0,0,0,10,4,0,0,0
0,0,0,0,0,0,10,4,4,10,0,0,10,4,0,0,0,0,0,0,4,0,0,0
0,0,0,0,4,10,10,10,10,10,10,0,10,4,0,0,0,0,0,0,4,10,0,0
0,0,0,0,10,10,0,0,0,0,10,0,0,4,0,0,0,0,0,0,4,10,0,0
0,0,0,4,10,0,0,0,0,0,0,0,0,10,10,0,0,10,4,4,10,10,0,0
0,0,4,10,0,0,0,0,0,7,5,7,0,10,10,4,4,10,10,10,10,10,0,0
0,0,4,10,0,0,0,0,7,5,7,5,0,10,10,10,10,0,0,0,0,10,10,0
0,0,10,10,0,0,0,0,5,7,5,7,0,0,10,0,0,0,0,0,0,10,10,0
0,0,0,4,0,0,0,0,7,5,7,5,0,0,10,0,0,0,0,0,0,0,10,0
0,0,0,10,10,0,0,0,5,7,5,0,4,0,10,10,0,0,0,0,0,0,10,0
0,0,0,0,10,0,0,0,7,5,0,4,10,0,10,10,0,0,0,0,0,0,0,0
0,0,0,0,10,10,0,0,0,0,10,10,0,7,0,10,0,0,0,0,0,0,0,0
0,0,0,0,0,10,10,4,4,10,10,0,0,5,7,0,7,0,0,0,0,0,0,0
0,0,0,0,0,0,0,10,10,0,0,7,0,7,5,7,5,7,0,0,0,0,0,0
0,0,0,0,0,0,7,0,0,0,7,0,0,7,7,7,7,7,0,0,0,0,0,0
0,0,0,0,0,0,0,7,5,7,5,0,0,7,7,7,7,7,0,0,0,0,0,0
0,0,0,0,0,0,7,7,7,7,7,0,0,7,7,7,7,7,0,0,0,0,0,0
0,0,0,0,0,0,7,7,7,7,0,0,0,0,7,7,7,7,7,0,0,0,0,0
0,0,0,0,0,7,7,7,7,7,0,0,0,0,7,7,7,7,7,0,0,0,0,0
0,0,0,0,0,7,7,7,7,7,0,0,0,0,7,7,7,7,7,0,0,0,0,0
0,0,0,0,0,7,7,7,7,7,0,0,0,0,7,7,7,7,7,0,0,0,0,0
0,0,0,0,0,7,7,7,7,0,0,0,0,0,0,7,7,7,7,0,0,0,0,0
0,0,0,0,7,7,7,7,7,0,0,0,0,0,0,7,7,7,7,7,0,0,0,0
0,0,0,0,7,7,7,7,7,0,0,0,0,0,0,7,7,7,7,7,0,0,0,0
0,0,0,0,7,7,7,7,7,0,0,0,0,0,0,7,7,7,7,7,0,0,0,0
0,0,0,0,7,7,7,7,7,7,0,0,0,0,7,7,7,7,7,7,0,0,0,0
0,0,0,7,7,5,7,7,7,5,7,7,7,5,7,7,7,5,7,7,7,0,0,0
0,0,0,5,7,7,7,5,7,7,7,5,7,7,7,5,7,7,7,5,7,0,0,0
0,0,0,7,7,5,7,7,7,5,7,7,7,5,7,7,7,5,7,7,7,0,0,0
0,0,0,5,7,7,7,5,7,7,7,5,7,7,7,5,7,7,7,5,7,0,0,0
0,0,0,7,7,5,7,7,7,5,7,7,7,5,7,7,7,5,7,7,7,0,0,0
0,0,0,5,7,7,7,5,7,7,7,5,7,7,7,5,7,7,7,5,7,0,0,0
0,0,0,7,5,7,5,7,0,0,0,0,0,0,0,0,0,7,5,7,5,0,0,0
0,0,7,5,7,5,7,5,0,0,0,0,0,0,0,0,0,5,7,5,7,5,0,0
0,0,5,7,5,7,5,7,0,0,0,0,0,0,0,0,0,7,5,7,5,7,0,0
0,0,7,5,7,5,7,0,0,0,0,0,0,0,0,0,0,0,7,5,7,5,0,0
0,7,5,7,5,7,5,0,0,0,0,0,0,0,0,0,0,0,5,7,5,7,0,0
0,5,7,5,7,5,7,0,0,0,0,0,0,0,0,0,0,0,7,5,7,5,7,0
0,7,5,7,5,7,5,0,0,0,0,0,0,0,0,0,0,0,5,7,5,7,5,0
0,5,7,5,7,5,7,0,0,0,0,0,0,0,0,0,0,0,7,5,7,5,7,0
SpriteSpeccyBlock,12,6,3
7,0,1,7,0,1,7,0,1
7,0,1,7,0,1,7,0,1
7,0,1,7,0,1,7,0,1
7,0,1,7,0,1,7,0,1
7,0,0,7,0,0,7,0,0
7,0,0,7,0,1,7,0,0
SpriteAttribs,12,0,0,0
SpriteBitmapBlock,13,47,24
0,0,0,0,0,0,0,0,0,0,0,0,0,0,0,0,0,0,0,0,0,0,0,0
0,0,0,0,0,0,0,0,0,0,0,0,0,0,0,0,0,4,4,4,0,0,0,0
0,0,0,0,0,0,0,0,0,0,0,0,0,0,0,0,4,4,10,0,0,0,0,0
0,0,0,0,0,0,0,0,10,4,4,4,10,0,0,0,0,0,10,0,0,0,0,0
0,4,4,4,0,0,4,10,10,0,0,0,10,10,0,0,0,0,10,0,0,0,0,0
10,10,10,0,0,0,4,10,0,0,0,0,0,10,0,0,0,0,10,10,0,0,0,0
0,10,4,0,0,0,10,10,0,0,0,0,10,10,0,0,0,0,10,10,0,0,0,0
0,10,4,0,0,0,0,10,0,0,0,4,4,0,0,0,0,0,0,10,0,0,0,0
0,0,10,0,0,0,0,10,4,4,10,10,10,10,10,0,0,0,0,10,0,0,0,0
0,0,10,10,0,0,0,10,10,10,0,0,0,0,10,10,0,0,0,10,0,0,0,0
0,0,10,10,0,7,0,10,10,0,0,0,0,0,10,10,0,0,0,10,10,0,0,0
0,0,0,10,0,5,7,0,10,0,0,0,0,0,10,0,0,7,0,10,10,4,0,0
0,0,0,10,0,7,5,0,10,0,0,0,0,4,10,0,7,0,4,4,10,0,0,0
0,0,0,10,4,0,7,0,10,4,4,10,10,10,0,7,5,7,0,0,0,0,0,0
0,0,0,10,4,0,0,0,10,10,10,10,0,0,7,5,7,5,7,5,7,0,0,0
0,0,4,10,10,4,0,0,0,0,0,0,0,0,7,7,7,7,7,7,0,0,0,0
0,0,0,0,0,0,0,7,5,0,0,0,0,7,7,7,7,7,7,7,0,0,0,0
0,0,0,5,7,5,7,5,7,0,0,0,0,7,7,7,7,7,7,0,0,0,0,0
0,0,0,7,7,7,7,7,7,0,0,0,7,7,7,7,7,7,7,0,0,0,0,0
0,0,0,7,7,7,7,7,7,0,0,0,7,7,7,7,7,7,0,0,0,0,0,0
0,0,0,7,7,7,7,7,7,0,0,7,7,7,7,7,7,7,0,0,0,0,0,0
0,0,0,7,7,7,7,7,7,0,0,7,7,7,7,7,7,0,0,0,0,0,0,0
0,0,0,7,7,7,7,7,7,0,7,7,7,7,7,7,7,0,0,0,0,0,0,0
0,0,0,7,7,7,7,7,7,0,7,7,7,7,7,7,0,0,0,0,0,0,0,0
0,0,0,7,7,7,7,7,7,0,7,7,7,7,7,7,0,0,0,0,0,0,0,0
0,0,0,7,7,7,7,7,7,7,7,7,7,7,7,0,0,0,0,0,0,0,0,0
0,0,0,7,7,7,7,7,7,7,7,7,7,7,7,7,0,0,0,0,0,0,0,0
0,0,0,7,7,7,7,7,7,7,7,7,7,7,7,7,0,0,0,0,0,0,0,0
0,0,0,7,7,7,7,7,7,7,7,7,7,7,7,7,7,0,0,0,0,0,0,0
0,0,0,7,7,7,7,7,7,7,7,7,7,7,7,7,7,0,0,0,0,0,0,0
0,0,0,7,7,7,7,7,7,7,7,7,7,7,7,7,7,0,0,0,0,0,0,0
0,0,0,7,7,7,7,7,7,7,7,7,7,7,7,7,7,7,0,0,0,0,0,0
0,0,0,7,7,7,7,7,7,7,7,7,7,7,7,7,7,7,0,0,0,0,0,0
0,0,0,7,7,17,7,7,7,17,7,17,7,17,7,7,7,17,7,0,0,0,0,0
0,0,0,5,7,7,7,5,7,7,7,0,17,7,7,5,7,7,7,0,0,0,0,0
0,0,0,7,7,17,7,7,7,17,0,0,0,0,7,7,7,17,7,0,0,0,0,0
0,0,0,5,7,7,7,17,7,7,0,0,0,0,7,17,7,7,7,7,0,0,0,0
0,0,0,7,7,17,7,7,7,0,0,0,0,0,0,7,7,5,7,7,0,0,0,0
0,0,0,5,7,7,7,5,7,0,0,0,0,0,0,5,7,7,7,5,7,0,0,0
0,0,0,7,5,7,5,7,5,0,0,0,0,0,0,7,5,7,5,7,5,0,0,0
0,0,0,5,7,5,7,5,7,0,0,0,0,0,0,0,7,5,7,5,7,5,0,0
0,0,0,7,5,7,5,7,5,0,0,0,0,0,0,0,5,7,5,7,5,7,0,0
0,0,0,5,7,5,7,5,7,0,0,0,0,0,0,0,7,5,7,5,7,5,0,0
0,0,0,7,5,7,5,7,5,0,0,0,0,0,0,0,0,7,5,7,5,7,5,0
0,0,0,5,7,5,7,5,7,0,0,0,0,0,0,0,0,5,7,5,7,5,7,0
0,0,0,7,5,7,5,7,5,0,0,0,0,0,0,0,0,7,5,7,5,7,5,7
0,0,0,0,7,5,7,5,0,0,0,0,0,0,0,0,0,0,7,5,7,5,7,0
SpriteSpeccyBlock,13,6,3
7,0,1,7,0,1,7,0,1
7,0,0,7,0,0,7,0,0
7,0,0,7,0,0,7,0,1
7,0,1,7,0,1,7,0,1
7,0,0,7,0,0,7,0,0
7,0,0,7,0,0,7,0,0
SpriteAttribs,13,0,0,0
SpriteBitmapBlock,14,47,24
0,0,0,0,0,0,0,0,0,0,0,0,0,0,0,0,0,0,0,0,0,0,0,0
0,0,0,0,0,0,0,0,0,0,0,0,0,0,0,0,0,0,0,0,0,0,0,0
0,0,0,0,0,0,0,0,0,0,0,0,0,0,0,0,0,0,0,0,0,0,0,0
0,0,0,0,0,0,0,0,0,0,0,0,0,0,0,0,0,0,0,0,0,0,0,0
0,0,0,0,0,0,0,0,0,0,0,0,0,0,0,0,0,0,0,0,0,0,0,0
0,0,0,0,0,0,0,0,0,0,0,0,0,0,0,0,0,0,0,0,0,0,0,0
0,0,0,0,0,0,0,0,0,0,0,0,0,0,0,0,0,0,0,0,0,0,0,0
0,0,0,0,0,0,0,0,0,0,0,0,0,0,0,0,0,0,0,0,0,0,0,0
0,0,0,0,0,0,0,0,0,0,0,0,0,0,0,0,0,0,0,0,0,0,0,0
0,0,0,0,0,0,0,0,0,0,0,0,0,0,0,0,0,0,0,0,0,0,0,0
0,0,0,0,0,7,9,7,0,0,0,0,0,0,0,0,0,0,0,0,7,9,7,0
0,0,0,0,7,9,9,9,7,0,0,0,0,0,0,0,0,0,0,7,9,9,9,7
0,0,0,0,9,7,9,9,9,0,0,0,0,0,0,0,0,0,0,9,7,9,9,9
0,0,0,0,7,9,7,9,7,0,0,0,0,0,0,0,0,0,0,7,9,7,9,7
0,0,0,0,9,7,9,7,9,0,0,0,0,0,0,0,0,0,0,9,7,9,7,9
0,0,0,0,7,9,7,7,7,0,0,0,0,0,0,0,0,0,0,7,7,7,9,7
0,0,0,0,7,7,7,9,7,0,0,0,0,0,0,0,0,0,0,7,9,7,7,7
0,0,0,0,7,7,7,7,7,0,0,0,0,0,0,0,0,0,0,7,7,7,7,7
0,0,0,0,7,7,7,7,7,0,0,0,0,0,0,0,0,0,0,7,7,7,7,7
0,0,0,0,7,7,7,7,7,0,0,0,0,0,0,0,0,0,0,7,7,7,7,7
0,0,0,0,7,7,7,7,7,0,0,0,0,0,0,0,0,0,0,7,7,7,7,7
0,0,0,0,7,7,7,7,7,0,0,0,0,0,0,0,0,0,0,7,7,7,7,7
0,0,0,0,7,7,7,7,7,0,0,0,0,0,0,0,0,0,0,7,7,7,7,7
0,0,0,0,7,7,7,7,7,0,0,0,0,0,0,0,0,0,0,7,7,7,7,7
0,0,0,0,7,7,7,7,7,0,0,0,0,0,0,0,0,0,0,7,7,7,7,7
0,0,0,0,7,7,7,7,7,0,0,0,0,0,0,0,0,0,0,7,7,7,7,7
0,0,0,0,7,7,7,7,7,0,0,0,0,0,0,0,0,0,0,7,7,7,7,7
0,0,0,0,7,7,7,7,7,0,0,0,0,0,0,0,0,0,0,7,7,7,7,7
0,0,0,0,7,7,7,7,7,0,0,0,0,0,0,0,0,0,0,7,7,7,7,7
0,0,0,0,7,7,7,7,7,0,0,0,0,0,0,0,0,0,0,7,7,7,7,7
0,0,0,0,7,7,7,7,7,0,0,0,0,0,0,0,0,0,0,7,7,7,7,7
0,0,0,0,7,7,7,7,7,0,0,0,0,0,0,0,0,0,0,7,7,7,7,7
0,0,0,0,7,7,7,7,7,0,0,0,0,0,0,0,0,0,0,7,7,7,7,7
0,0,0,0,7,7,5,7,7,0,0,0,0,0,0,0,0,0,0,7,5,7,7,7
0,0,0,0,5,7,7,7,0,0,0,0,0,0,0,0,0,0,0,7,7,7,5,7
0,0,0,0,7,7,5,7,7,7,0,0,0,0,0,0,0,0,7,7,5,7,7,7
0,0,0,0,5,7,7,7,5,7,0,0,0,0,0,0,0,0,5,7,7,7,5,7
0,0,0,0,7,7,5,7,7,7,0,0,0,0,0,0,0,0,7,7,5,7,7,7
0,0,0,0,5,7,7,7,5,7,0,0,0,0,0,0,0,0,5,7,7,7,5,7
0,0,0,0,7,5,7,5,7,5,7,0,0,0,0,0,0,0,7,5,7,5,7,5
0,0,0,0,5,7,5,7,5,7,5,7,0,0,0,0,0,7,5,7,5,7,5,0
0,0,0,0,0,5,7,5,7,5,7,5,7,5,7,5,7,5,7,5,7,5,7,0
0,0,0,0,0,7,5,7,5,7,5,7,5,7,5,7,5,7,5,7,5,7,5,0
0,0,0,0,0,5,7,5,7,5,7,5,7,5,7,5,7,5,7,5,7,5,7,0
0,0,0,0,0,0,5,7,5,7,5,7,5,7,5,7,5,7,5,7,5,7,5,0
0,0,0,0,0,0,5,5,7,5,7,5,7,5,7,5,7,5,7,5,7,5,0,0
0,0,0,0,0,0,0,5,5,5,5,7,5,7,5,7,5,7,5,5,5,0,0,0
SpriteSpeccyBlock,14,6,3
7,0,1,7,0,1,7,0,1
7,0,0,7,0,0,7,0,0
7,0,0,7,0,1,7,0,0
7,0,1,7,0,1,7,0,1
7,0,0,7,0,0,7,0,0
7,0,0,7,0,0,7,0,0
SpriteAttribs,14,0,0,0
SpriteBitmapBlock,15,55,24
0,0,0,0,0,0,0,0,0,0,0,0,0,0,0,0,0,0,0,0,0,0,0,0
0,0,0,0,0,0,0,0,0,0,0,0,0,0,0,0,0,0,0,0,0,0,0,0
0,0,0,0,0,0,0,0,0,0,0,0,0,0,0,0,0,0,0,0,0,0,0,0
0,0,0,0,0,0,0,0,0,0,0,0,0,0,0,0,0,0,0,0,0,0,0,0
0,0,0,0,0,0,0,0,0,0,0,0,0,0,0,0,0,0,0,0,0,0,0,0
0,0,0,0,0,0,0,0,0,0,0,0,0,0,0,0,0,0,0,0,0,0,0,0
0,0,0,0,0,0,0,0,0,0,0,0,0,0,0,0,0,0,0,0,0,0,0,0
0,0,0,0,0,0,0,0,0,0,0,0,0,0,0,0,0,0,0,0,0,0,0,0
0,0,0,0,0,0,0,0,0,0,0,0,0,0,0,0,0,0,0,0,0,0,0,0
0,0,0,0,0,0,0,0,0,0,0,0,0,0,0,0,0,0,0,0,0,0,0,0
0,0,0,0,0,0,0,0,7,9,7,9,0,0,0,0,0,0,0,0,0,0,0,0
0,0,0,0,0,0,0,7,9,9,9,7,9,0,0,0,0,0,0,0,0,0,0,0
0,0,0,0,0,0,0,9,7,9,7,9,7,0,0,0,0,0,0,0,0,0,0,0
0,0,0,0,0,0,0,7,9,7,9,7,9,7,0,0,0,0,0,0,0,0,0,9
0,0,0,0,0,0,0,9,7,9,7,9,7,9,0,0,0,0,0,0,0,0,0,7
0,0,0,0,0,0,0,7,9,7,7,7,9,7,0,0,0,0,0,0,0,0,0,7
0,0,0,0,0,0,0,7,7,7,9,7,7,7,0,0,0,0,0,0,0,0,0,9
0,0,0,0,0,0,7,7,7,7,7,7,7,7,7,0,0,0,0,0,0,0,7,7
0,0,0,0,0,0,7,7,7,7,7,7,7,7,7,0,0,0,0,0,0,0,7,7
0,0,0,0,0,0,7,7,7,7,7,7,7,7,7,0,0,0,0,0,0,0,7,7
0,0,0,0,0,0,7,7,7,7,7,7,7,7,7,0,0,0,0,0,0,0,7,7
0,0,0,0,0,0,7,7,7,7,0,7,7,7,7,7,0,0,0,0,0,7,7,7
0,0,0,0,0,0,7,7,7,7,0,7,7,7,7,7,0,0,0,0,0,7,7,7
0,0,0,0,0,0,7,7,7,7,0,7,7,7,7,7,0,0,0,0,0,7,7,7
0,0,0,0,0,0,7,7,7,7,7,0,7,7,7,7,0,0,0,0,0,7,7,7
0,0,0,0,0,0,7,7,7,7,7,0,7,7,7,7,0,0,0,0,0,7,7,7
0,0,0,0,0,0,7,7,7,7,7,0,7,7,7,7,7,0,0,0,7,7,7,7
0,0,0,0,0,0,7,7,7,7,7,0,0,7,7,7,7,0,0,0,7,7,7,7
0,0,0,0,0,0,7,7,7,7,7,0,0,7,7,7,7,0,0,0,7,7,7,7
0,0,0,0,0,0,7,7,7,7,7,0,0,7,7,7,7,0,0,0,7,7,7,7
0,0,0,0,0,0,7,7,7,7,7,0,0,7,7,7,7,0,0,0,7,7,7,7
0,0,0,0,0,0,7,7,7,7,7,0,0,0,7,7,7,7,0,7,7,7,7,0
0,0,0,0,0,0,7,7,7,7,7,0,0,0,7,7,7,7,0,7,7,7,7,0
0,0,0,0,0,0,7,7,5,7,7,0,0,0,7,7,7,5,7,7,7,5,7,0
0,0,0,0,0,0,5,7,7,7,5,0,0,0,7,5,7,7,7,5,7,7,7,0
0,0,0,0,0,0,7,7,5,7,7,0,0,0,0,7,7,5,7,7,7,5,0,0
0,0,0,0,0,0,5,7,7,7,5,0,0,0,0,5,7,7,7,5,7,7,0,0
0,0,0,0,0,0,7,7,5,7,7,0,0,0,0,7,7,5,7,7,7,5,0,0
0,0,0,0,0,0,5,7,7,7,5,0,0,0,0,0,7,7,7,5,7,7,0,0
0,0,0,0,0,0,7,5,7,5,7,0,0,0,0,0,5,7,5,7,5,0,0,0
0,0,0,0,0,0,5,7,5,7,5,0,0,0,0,0,7,5,7,5,7,0,0,0
0,0,0,0,0,0,7,5,7,5,7,0,0,0,0,0,5,7,5,7,5,0,0,0
0,0,0,0,0,0,5,7,5,7,5,0,0,0,0,0,7,5,7,5,7,0,0,0
0,0,0,0,0,0,7,5,7,5,7,0,0,0,0,0,0,7,5,7,0,0,0,0
0,0,0,0,0,0,5,7,5,7,5,0,0,0,0,0,0,0,7,0,0,0,0,0
0,0,0,0,0,0,7,5,7,5,7,0,0,0,0,0,0,0,0,0,0,0,0,0
0,0,0,0,0,0,0,7,5,7,0,0,0,0,0,0,0,0,0,0,0,0,0,0
0,0,0,0,0,0,0,0,0,0,0,0,0,0,0,0,0,0,0,0,0,0,0,0
0,0,0,0,0,0,0,0,0,0,0,0,0,0,0,0,0,0,0,0,0,0,0,0
0,0,0,0,0,0,0,0,0,0,0,0,0,0,0,0,0,0,0,0,0,0,0,0
0,0,0,0,0,0,4,4,4,0,4,4,0,0,4,0,0,4,4,0,0,4,0,0
0,0,0,0,0,0,4,0,0,0,4,0,4,0,4,0,4,0,0,0,4,0,4,0
0,0,0,0,0,0,4,4,0,0,4,4,0,0,4,0,4,4,4,0,4,0,4,0
0,0,0,0,0,0,4,0,0,0,4,0,0,0,4,0,0,0,4,0,4,0,4,0
0,0,0,0,0,0,4,4,4,0,4,0,0,0,4,0,4,4,0,0,0,4,0,0
SpriteSpeccyBlock,15,7,3
7,0,1,7,0,1,7,0,1
7,0,0,7,0,0,7,0,0
7,0,1,7,0,0,7,0,0
7,0,1,7,0,1,7,0,1
7,0,0,7,0,0,7,0,0
7,0,0,7,0,0,7,0,0
7,0,1,7,0,1,7,0,1
SpriteAttribs,15,0,0,0
SpriteBitmapBlock,16,55,24
0,0,0,0,0,0,0,0,0,0,0,0,0,0,0,0,0,0,0,0,0,0,0,0
0,0,0,0,0,0,0,0,0,0,0,0,0,0,0,0,0,0,0,0,0,0,0,0
0,0,0,0,0,0,0,0,0,0,0,0,0,0,0,0,0,0,0,0,0,0,0,0
0,0,0,0,0,0,0,0,0,0,0,0,0,0,0,0,0,0,0,0,0,0,0,0
0,0,0,0,0,0,0,0,0,0,0,0,0,0,0,0,0,0,0,0,0,0,0,0
0,0,0,0,0,0,0,0,0,0,0,0,0,0,0,0,0,0,0,0,0,0,0,0
0,0,0,0,0,0,0,0,0,0,0,0,0,0,0,0,0,0,0,0,0,0,0,0
0,0,0,0,0,0,0,0,0,0,0,0,0,0,0,0,0,0,0,0,0,0,0,0
0,0,0,0,0,0,0,0,0,0,0,0,0,0,0,0,0,0,0,0,0,0,0,0
0,0,0,0,0,0,0,0,0,0,0,0,0,0,0,0,0,0,0,0,0,0,0,0
0,7,9,7,9,0,0,0,0,0,0,0,0,0,0,0,0,0,0,0,0,9,7,9
7,9,9,9,7,9,0,0,0,0,0,0,0,0,0,0,0,0,0,0,9,9,9,9
9,7,9,7,9,7,0,0,0,0,0,0,0,0,0,0,0,0,0,9,9,9,7,9
7,9,7,9,7,9,0,0,0,0,0,0,0,0,0,0,0,0,0,7,9,7,9,7
9,7,9,7,9,7,0,0,0,0,0,0,0,0,0,0,0,0,0,9,7,9,7,9
7,9,7,7,7,9,0,0,0,0,0,0,0,0,0,0,0,0,7,7,9,7,7,7
7,7,7,9,7,7,0,0,0,0,0,0,0,0,0,0,0,0,9,7,7,7,0,7
7,7,7,7,7,7,7,0,0,0,0,0,0,0,0,0,0,0,7,7,7,7,0,7
7,7,7,7,7,7,7,0,0,0,0,0,0,0,0,0,0,0,7,7,7,7,0,7
7,7,7,7,7,7,7,0,0,0,0,0,0,0,0,0,0,7,7,7,7,7,0,7
7,7,0,7,7,7,7,0,0,0,0,0,0,0,0,0,0,7,7,7,7,7,0,7
7,7,0,7,7,7,7,0,0,0,0,0,0,0,0,0,0,7,7,7,7,0,0,0
7,7,0,7,7,7,7,0,0,0,0,0,0,0,0,0,0,7,7,7,7,0,0,0
7,0,7,7,7,7,7,0,0,0,0,0,0,0,0,0,7,7,7,7,7,0,0,0
7,0,7,7,7,7,7,0,0,0,0,0,0,0,0,0,7,7,7,7,7,0,0,0
7,0,7,7,7,7,7,0,0,0,0,0,0,0,0,0,7,7,7,7,0,0,0,0
0,0,7,7,7,7,7,0,0,0,0,0,0,0,0,0,7,7,7,7,0,0,0,0
0,0,7,7,7,7,7,0,0,0,0,0,0,0,0,0,7,7,7,7,0,0,0,0
0,0,7,7,7,7,7,0,0,0,0,0,0,0,0,7,7,7,7,7,0,0,0,0
0,0,7,7,7,7,7,0,0,0,0,0,0,0,0,7,7,7,7,7,0,0,0,0
0,0,7,7,7,7,7,0,0,0,0,0,0,0,0,7,7,7,7,0,0,0,0,0
0,0,7,7,7,7,7,0,0,0,0,0,0,0,0,7,7,7,7,0,0,0,0,0
0,0,7,7,7,7,7,0,0,0,0,0,0,0,0,7,7,7,7,0,0,0,0,0
0,0,7,7,5,7,7,0,0,0,0,0,0,0,7,5,7,7,7,5,7,7,7,5
0,0,5,7,7,7,5,0,0,0,0,0,0,0,7,7,7,5,7,7,7,5,7,7
0,0,7,7,5,7,7,0,0,0,0,0,0,0,7,5,7,7,7,5,7,7,7,5
0,0,5,7,7,7,5,0,0,0,0,0,0,0,7,7,7,5,7,7,7,5,7,7
0,0,7,7,5,7,7,0,0,0,0,0,0,7,7,5,7,7,7,5,7,7,7,5
0,0,5,7,7,7,5,0,0,0,0,0,0,5,7,7,7,5,7,7,7,5,7,7
0,0,7,5,7,5,7,0,0,0,0,0,0,7,5,7,5,7,0,0,0,0,0,0
0,0,5,7,5,7,5,0,0,0,0,0,0,5,7,5,7,5,0,0,0,0,0,0
0,0,7,5,7,5,7,0,0,0,0,0,0,7,5,7,5,7,0,0,0,0,0,0
0,0,5,7,5,7,5,0,0,0,0,0,7,5,7,5,7,0,0,0,0,0,0,0
0,0,7,5,7,5,7,0,0,0,0,0,5,7,5,7,5,0,0,0,0,0,0,0
0,0,5,7,5,7,5,0,0,0,0,5,7,5,7,5,7,0,0,0,0,0,0,0
0,0,7,5,7,5,7,0,0,0,0,7,5,7,5,7,5,0,0,0,0,0,0,0
0,0,5,7,5,7,5,0,0,0,0,5,7,5,7,5,7,0,0,0,0,0,0,0
0,0,0,0,0,0,0,0,0,0,0,0,0,0,0,0,0,0,0,0,0,0,0,0
0,0,0,0,0,0,0,0,0,0,0,0,0,0,0,0,0,0,0,0,0,0,0,0
0,0,0,0,0,0,0,0,0,0,0,0,0,0,0,0,0,0,0,0,0,0,0,0
4,4,0,0,4,4,4,0,0,0,0,0,4,0,0,0,0,0,0,4,0,4,4,0
4,0,4,0,4,0,0,0,0,0,0,4,4,0,0,0,4,0,0,4,0,4,0,4
4,0,4,0,4,4,0,0,0,0,0,0,4,0,0,0,0,0,0,4,0,4,0,4
4,0,4,0,4,0,0,0,0,0,0,0,4,0,0,0,4,0,0,4,0,4,0,4
4,4,0,0,4,4,4,0,0,0,0,4,4,4,0,0,0,0,0,4,0,4,0,4
SpriteSpeccyBlock,16,7,3
7,0,1,7,0,1,7,0,1
7,0,0,7,0,1,7,0,0
7,0,0,7,0,1,7,0,0
7,0,1,7,0,1,7,0,1
7,0,0,7,0,0,7,0,0
7,0,0,7,0,0,7,0,0
7,0,1,7,0,1,7,0,1
SpriteAttribs,16,0,0,0
SpriteBitmapBlock,17,55,24
0,0,0,0,0,0,0,0,0,0,0,0,0,0,0,0,0,0,0,0,0,0,0,0
0,0,0,0,0,0,0,0,0,0,0,0,0,0,0,0,0,0,0,0,0,0,0,0
0,0,0,0,0,0,0,0,0,0,0,0,0,0,0,0,0,0,0,0,0,0,0,0
0,0,0,0,0,0,0,0,0,0,0,0,0,0,0,0,0,0,0,0,0,0,0,0
0,0,0,0,0,0,0,0,0,0,0,0,0,0,0,0,0,0,0,0,0,0,0,0
0,0,0,0,0,0,0,0,0,0,0,0,0,0,0,0,0,0,0,0,0,0,0,0
0,0,0,0,0,0,0,0,0,0,0,0,0,0,0,0,0,0,0,0,0,0,0,0
0,0,0,0,0,0,0,0,0,0,0,0,0,0,0,0,0,0,0,0,0,0,0,0
0,0,0,0,0,0,0,0,0,0,0,0,0,0,0,0,0,0,0,0,0,0,0,0
0,0,0,0,0,0,0,0,0,0,0,0,0,0,0,0,0,0,0,0,0,0,0,0
0,0,0,0,0,0,0,0,0,0,0,0,0,0,0,0,0,0,0,0,0,0,0,0
9,0,0,0,0,0,0,0,0,0,0,0,0,0,0,0,0,0,0,0,0,0,0,0
9,9,0,0,0,0,0,0,0,0,0,0,0,0,0,0,0,0,0,0,0,0,0,0
9,7,0,0,0,0,0,0,0,0,0,0,0,0,0,0,0,0,0,0,0,0,0,0
7,9,0,0,0,0,0,0,0,0,0,0,0,0,0,0,0,0,0,0,0,0,0,0
9,7,7,0,0,0,0,0,0,0,0,0,0,0,0,0,0,0,0,0,0,0,0,0
7,7,9,0,0,0,0,0,0,0,0,0,0,0,0,0,0,0,0,0,0,0,0,0
7,7,7,0,0,0,0,0,0,0,0,0,0,0,0,0,0,0,0,0,0,0,0,0
7,7,7,0,0,0,0,0,0,0,0,0,0,0,0,0,0,0,0,0,0,0,0,0
7,7,7,7,0,0,0,0,0,0,0,0,0,0,0,0,0,0,0,0,0,0,0,0
7,7,7,7,0,0,0,0,0,0,0,0,0,0,0,0,0,0,0,0,0,0,0,0
7,7,7,7,0,0,0,0,0,0,0,0,0,0,0,0,0,0,0,0,0,0,0,0
7,7,7,7,0,0,0,0,0,0,0,0,0,0,0,0,0,0,0,0,0,0,0,0
7,7,7,7,7,0,0,0,0,0,0,0,0,0,0,0,0,0,0,0,0,0,0,0
7,7,7,7,7,0,0,0,0,0,0,0,0,0,0,0,0,0,0,0,0,0,0,0
0,7,7,7,7,0,0,0,0,0,0,0,0,0,0,0,0,0,0,0,0,0,0,0
0,7,7,7,7,0,0,0,0,0,0,0,0,0,0,0,0,0,0,0,0,0,0,0
0,7,7,7,7,0,0,0,0,0,0,0,0,0,0,0,0,0,0,0,0,0,0,0
0,7,7,7,7,7,0,0,0,0,0,0,0,0,0,0,0,0,0,0,0,0,0,0
0,7,7,7,7,7,0,0,0,0,0,0,0,0,0,0,0,0,0,0,0,0,0,0
0,0,7,7,7,7,0,0,0,0,0,0,0,0,4,4,4,0,0,0,0,0,0,0
0,0,7,7,7,7,0,0,0,0,0,4,4,4,4,4,6,4,0,0,0,0,0,0
0,0,7,7,7,7,0,0,0,0,4,4,4,6,4,6,4,0,0,0,0,0,0,0
7,7,7,5,7,7,7,0,0,0,4,4,6,4,6,0,0,0,0,0,0,0,0,0
7,5,7,7,7,5,7,0,0,4,4,6,4,0,0,0,0,0,0,0,0,0,0,0
7,7,7,5,7,7,7,0,4,4,6,4,0,0,0,0,0,0,0,0,0,0,0,0
7,5,7,7,7,5,7,0,4,4,4,6,0,0,0,0,0,4,4,4,0,0,0,0
7,7,7,5,7,7,7,0,4,6,4,6,4,6,4,4,4,4,4,4,4,0,0,0
7,5,7,7,7,5,7,0,6,4,6,4,6,4,6,4,6,4,6,4,6,4,0,0
0,0,0,7,5,7,5,7,0,6,4,6,4,6,4,6,4,6,6,6,4,4,0,0
0,0,0,5,7,5,7,5,0,0,6,4,6,4,0,0,0,0,6,6,6,6,4,0
0,0,0,7,5,7,5,7,0,0,0,0,0,0,0,0,0,0,0,6,6,6,6,0
0,0,0,0,7,5,7,5,7,0,0,0,0,0,0,0,0,0,6,6,6,6,0,0
0,0,0,0,5,7,5,7,5,0,0,0,0,0,0,0,0,6,6,6,6,0,0,0
0,0,0,0,7,5,7,5,7,7,0,0,0,0,6,6,6,6,6,6,0,0,0,0
0,0,0,0,5,7,5,7,5,7,0,0,6,6,6,6,6,6,0,0,0,0,0,0
0,0,0,0,7,5,7,5,7,5,0,0,6,6,6,6,6,0,0,0,0,0,0,0
0,0,0,0,0,0,0,0,0,0,0,0,0,0,0,0,0,0,0,0,0,0,0,0
0,0,0,0,0,0,0,0,0,0,0,0,0,0,0,0,0,0,0,0,0,0,0,0
0,0,0,0,0,0,0,0,0,0,0,0,0,0,0,0,0,0,0,0,0,0,0,0
0,4,0,4,0,0,4,0,0,0,4,4,0,4,0,0,4,0,0,4,4,0,0,4
0,4,0,4,0,4,0,4,0,4,0,0,0,4,0,4,0,4,0,4,0,4,0,4
0,4,0,4,0,4,4,4,0,4,4,4,0,4,0,4,0,4,0,4,0,4,0,4
0,4,0,4,0,4,0,4,0,0,0,4,0,4,0,4,0,4,0,4,0,4,0,0
0,0,4,0,0,4,0,4,0,4,4,0,0,4,0,0,4,0,0,4,0,4,0,4
SpriteSpeccyBlock,17,7,3
7,0,1,7,0,1,7,0,1
7,0,0,7,0,1,7,0,1
7,0,0,7,0,1,7,0,1
7,0,1,7,0,1,7,0,1
7,0,0,7,0,1,7,0,1
7,0,0,7,0,0,7,0,1
7,0,1,7,0,1,7,0,1
SpriteAttribs,17,0,0,0
SpriteBitmapBlock,18,50,24
0,0,0,0,0,0,0,0,0,0,0,0,0,0,0,0,0,0,0,0,0,0,0,0
0,0,0,0,0,0,0,0,0,0,0,0,0,0,0,0,0,0,0,0,0,0,0,0
0,0,0,0,0,0,0,0,0,0,0,0,0,0,0,0,0,0,0,0,0,0,0,0
0,0,0,0,0,0,0,0,0,0,0,0,0,0,0,0,0,0,0,0,0,0,0,0
0,0,0,0,0,0,0,0,0,0,0,0,0,0,0,0,0,0,1,1,0,0,0,0
0,0,0,0,0,0,0,0,0,0,0,0,1,0,0,0,0,0,0,0,0,0,0,2
0,0,0,0,0,0,1,1,0,0,0,0,0,0,0,0,0,0,2,3,0,0,0,3
0,0,0,0,0,0,0,0,0,0,0,2,3,2,0,0,0,0,3,2,3,0,1,1
0,0,0,0,0,0,2,3,2,3,0,3,2,3,0,0,1,0,0,3,2,0,1,0
0,0,1,0,3,2,3,2,3,2,3,0,3,2,0,0,1,0,0,2,3,2,0,0
0,0,0,0,2,3,2,3,0,0,0,0,2,3,2,0,0,0,0,0,2,2,0,0
0,0,0,2,3,2,1,0,0,0,0,0,3,2,2,0,0,2,2,2,2,2,0,1
0,0,2,3,2,0,1,1,0,3,0,3,0,2,2,2,2,2,2,2,2,2,0,0
0,0,3,2,2,1,0,0,0,0,3,0,0,2,2,2,2,0,0,0,2,2,2,0
0,0,2,2,2,0,1,0,0,3,0,3,0,0,2,2,0,0,0,0,0,2,2,0
0,0,0,3,2,0,0,0,3,0,3,0,0,0,2,2,0,0,1,1,0,2,2,0
0,1,0,2,2,2,0,0,0,3,0,2,2,0,2,2,2,0,0,0,0,2,2,0
0,0,0,0,2,2,2,0,0,0,2,2,2,0,2,2,2,0,0,0,0,0,0,0
0,0,0,0,2,2,2,2,2,2,2,2,0,3,0,2,0,0,0,0,1,0,1,1
0,0,0,1,0,2,2,2,2,2,2,0,0,0,3,0,3,0,0,1,0,0,1,0
0,0,1,0,0,0,0,2,2,2,0,3,0,3,0,3,3,3,0,0,0,0,1,0
0,0,1,0,0,0,3,0,0,0,3,0,0,3,3,3,3,3,0,0,0,0,1,0
0,0,1,0,0,0,0,3,0,3,0,0,0,3,3,3,3,3,0,0,0,1,0,0
0,0,1,0,0,0,3,3,3,3,3,0,0,3,3,3,3,3,0,0,0,0,1,1
0,1,0,1,0,0,3,3,3,3,0,0,0,0,3,3,3,3,3,0,0,1,1,0
0,1,0,1,0,3,3,3,3,3,0,1,1,0,3,3,3,3,3,0,1,1,1,0
0,1,0,0,0,3,3,3,3,3,0,0,0,0,3,3,3,3,3,0,1,1,1,1
1,0,0,0,0,3,3,3,3,3,0,0,0,0,3,3,3,3,3,0,0,1,1,1
1,0,0,0,0,3,3,3,3,0,0,1,1,0,0,3,3,3,3,0,0,0,1,1
0,0,0,0,3,3,3,3,3,0,0,0,1,1,0,3,3,3,3,3,0,0,0,1
1,0,1,0,3,3,3,3,3,0,1,1,1,1,0,3,3,3,3,3,0,0,0,1
0,1,0,0,3,3,3,3,3,0,1,0,0,0,0,3,3,3,3,3,0,0,0,1
0,0,0,0,3,3,3,3,3,3,0,0,0,0,3,3,3,3,3,3,0,0,0,1
1,0,0,3,3,3,3,3,3,3,3,3,3,3,3,3,3,3,3,3,3,0,1,1
1,0,0,3,3,3,3,3,3,3,3,3,3,3,3,3,3,3,3,3,3,0,1,1
0,1,0,3,3,3,3,3,3,3,3,3,3,3,3,3,3,3,3,3,3,0,1,0
0,0,0,3,3,3,3,3,3,3,3,3,3,3,3,3,3,3,3,3,3,0,0,1
0,1,0,3,3,3,3,3,3,3,3,3,3,3,3,3,3,3,3,3,3,0,0,0
1,0,0,3,3,3,3,3,3,3,3,3,3,3,3,3,3,3,3,3,3,0,0,0
0,0,0,3,3,3,3,3,0,0,0,0,0,0,0,0,0,3,3,3,3,0,0,0
0,0,3,3,3,3,3,3,0,0,1,0,0,0,0,0,0,3,3,3,3,3,0,0
0,0,3,3,3,3,3,3,0,0,1,1,0,0,0,0,0,3,3,3,3,3,0,0
0,0,3,3,3,3,3,0,0,0,0,1,0,1,1,1,0,0,3,3,3,3,0,0
0,3,3,0,3,0,3,0,0,0,0,0,1,1,0,0,0,0,3,0,3,3,0,0
0,3,0,3,0,3,3,0,0,0,0,1,1,0,0,0,0,0,3,3,0,3,3,0
0,3,3,0,3,0,3,0,0,0,0,1,0,0,0,0,1,0,3,0,3,0,3,0
0,3,3,3,3,3,3,0,1,0,0,1,0,0,0,1,0,0,3,3,3,3,3,0
0,0,0,0,0,0,0,0,0,1,0,1,0,0,1,0,0,0,0,0,0,0,0,0
1,0,0,0,1,0,1,0,1,0,0,1,0,0,1,0,0,0,0,1,0,0,0,1
1,0,1,1,0,0,1,0,0,1,0,1,0,0,0,1,0,1,1,0,0,0,0,1
SpriteSpeccyBlock,18,7,3
7,0,1,7,0,1,7,0,1
7,0,1,7,0,1,7,0,1
7,0,1,7,0,1,7,0,1
7,0,1,7,0,1,7,0,1
7,0,1,7,0,1,7,0,1
7,0,1,7,0,1,7,0,1
7,0,1,7,0,1,7,0,1
SpriteAttribs,18,0,0,0
SpriteBitmapBlock,19,50,24
0,0,0,0,0,0,0,0,0,0,0,0,0,0,0,0,0,0,0,0,0,0,0,0
0,0,1,0,0,0,0,0,0,0,1,1,0,0,0,0,0,3,2,3,0,1,0,0
0,0,1,0,0,0,0,0,0,0,0,0,0,0,0,2,3,2,3,2,0,0,1,0
0,0,0,0,0,0,0,0,3,2,3,2,3,0,0,3,2,3,2,0,0,0,0,1
0,3,2,3,0,0,2,3,2,3,2,3,2,3,0,0,3,0,2,0,0,0,0,0
3,2,3,2,0,0,3,2,3,0,0,0,3,2,0,0,0,0,2,2,0,0,0,0
2,3,2,0,0,0,2,3,0,1,0,0,2,2,0,1,1,0,2,2,0,1,0,0
0,2,2,0,0,1,0,2,0,0,0,2,2,0,0,0,0,0,2,2,0,0,1,1
0,2,2,0,0,0,0,2,2,2,2,2,2,2,2,0,0,0,2,2,0,0,0,0
0,2,2,2,0,0,0,2,2,2,2,2,0,0,2,2,0,0,2,2,0,2,0,0
1,0,2,2,0,3,0,2,2,2,0,1,0,0,2,2,0,0,0,2,2,2,2,0
1,0,2,2,0,0,3,0,2,0,0,1,0,2,2,0,0,2,2,2,2,2,0,0
0,0,2,2,0,3,0,0,2,0,0,0,2,2,2,0,3,0,2,2,2,0,0,0
0,0,0,2,2,0,3,0,2,2,2,2,2,2,0,3,0,3,0,0,0,0,0,0
1,1,0,2,2,2,0,0,2,2,2,2,0,0,3,0,3,0,3,3,3,0,0,0
0,0,2,2,2,2,0,0,0,0,0,0,0,0,3,3,3,3,3,3,0,0,0,0
0,0,2,2,2,0,0,3,0,1,0,0,0,3,3,3,3,3,3,3,0,0,0,0
1,0,0,0,0,0,3,0,3,0,1,1,0,3,3,3,3,3,3,0,0,0,1,1
0,1,0,3,0,3,3,3,3,0,0,0,3,3,3,3,3,3,3,0,0,0,0,1
0,1,0,3,3,3,3,3,3,0,0,0,3,3,3,3,3,3,0,0,0,0,0,0
0,0,0,3,3,3,3,3,3,0,0,3,3,3,3,3,3,3,0,0,0,0,0,0
0,0,0,3,3,3,3,3,3,0,0,3,3,3,3,3,3,0,0,0,0,0,0,0
1,1,0,3,3,3,3,3,3,0,3,3,3,3,3,3,3,0,0,0,0,0,0,0
1,0,0,3,3,3,3,3,3,0,3,3,3,3,3,3,0,0,0,0,0,0,0,1
0,0,0,3,3,3,3,3,3,0,3,3,3,3,3,3,0,0,1,1,1,1,1,1
0,0,0,3,3,3,3,3,3,3,3,3,3,3,3,0,0,0,1,1,1,1,1,1
0,0,0,3,3,3,3,3,3,3,3,3,3,3,3,3,0,0,0,0,0,1,0,0
0,0,0,3,3,3,3,3,3,3,3,3,3,3,3,3,0,0,0,0,1,1,0,1
1,0,0,3,3,3,3,3,3,3,3,3,3,3,3,3,3,0,0,1,1,0,1,0
1,0,0,3,3,3,3,3,3,3,3,3,3,3,3,3,3,0,0,0,0,0,0,0
1,0,0,3,3,3,3,3,3,3,3,3,3,3,3,3,3,0,0,0,0,0,0,0
1,1,0,3,3,3,3,3,3,3,3,3,3,3,3,3,3,3,0,0,0,0,0,0
1,0,0,3,3,3,3,3,3,3,3,3,3,3,3,3,3,3,0,0,0,0,0,0
1,0,0,3,3,3,3,3,3,3,3,0,3,3,3,3,3,3,3,0,0,1,0,0
0,0,0,3,3,3,3,3,3,3,3,0,0,3,3,3,3,3,3,0,0,0,1,1
0,0,0,3,3,3,3,3,3,3,0,0,0,0,3,3,3,3,3,0,0,0,0,0
1,0,0,3,3,3,3,3,3,3,0,0,0,0,3,3,3,3,3,3,0,0,0,0
1,1,0,3,3,3,3,3,3,0,0,0,0,0,0,3,3,3,3,3,0,0,0,0
0,0,0,3,3,3,3,3,3,0,0,0,0,0,0,3,3,3,3,3,3,0,0,1
0,0,0,3,3,3,3,3,3,0,0,1,0,0,0,3,3,3,3,3,3,0,0,0
0,1,0,3,3,3,3,3,3,0,0,1,1,0,0,0,3,3,3,3,3,0,0,0
1,1,0,3,3,3,3,3,3,0,1,0,1,1,0,0,3,3,3,3,3,3,0,0
1,0,0,3,3,0,3,0,3,0,0,0,1,1,0,0,3,3,3,3,3,3,0,0
0,0,0,3,0,3,0,3,3,0,0,1,1,1,1,0,3,3,0,3,0,3,3,0
1,0,0,3,3,0,3,0,3,0,0,1,0,0,0,0,3,0,3,0,3,0,3,0
1,1,0,3,0,3,0,3,3,0,0,1,0,0,0,0,0,3,0,3,0,3,0,3
0,0,0,3,3,3,3,3,3,0,0,1,1,0,0,0,0,0,3,3,3,3,3,3
0,0,0,0,0,0,0,0,0,0,0,0,1,0,0,1,0,0,0,0,0,0,0,0
0,0,0,0,0,0,1,0,0,0,0,0,1,0,1,0,0,0,0,0,1,0,0,1
0,0,0,0,0,1,0,0,0,0,0,0,0,0,0,1,0,0,1,1,0,0,0,1
SpriteSpeccyBlock,19,7,3
7,0,1,7,0,1,7,0,1
7,0,1,7,0,1,7,0,1
7,0,1,7,0,1,7,0,1
7,0,1,7,0,1,7,0,1
7,0,1,7,0,1,7,0,1
7,0,1,7,0,1,7,0,1
7,0,1,7,0,1,7,0,1
SpriteAttribs,19,0,0,0
SpriteBitmapBlock,20,55,24
0,0,0,0,0,0,0,0,0,0,0,0,0,0,0,0,0,0,0,0,0,0,0,0
0,0,0,0,0,0,0,0,0,0,0,0,0,0,0,0,0,0,0,0,0,0,0,0
0,0,0,0,0,0,0,0,0,0,0,0,0,0,0,0,0,0,0,0,0,0,0,0
0,0,0,0,0,0,0,0,0,0,0,0,0,0,0,0,0,0,0,0,0,0,0,0
0,0,1,0,0,0,0,0,0,0,0,0,0,0,0,0,0,0,0,0,0,0,0,0
0,0,1,0,0,0,0,0,0,0,0,0,0,0,0,0,0,0,0,0,0,0,0,0
0,1,1,1,0,0,0,0,0,0,1,1,0,0,0,0,0,0,0,0,0,0,0,1
1,0,0,0,1,0,0,0,0,1,0,0,0,0,0,0,0,0,0,0,1,0,0,1
0,1,0,0,1,0,0,0,1,0,0,0,0,0,0,0,1,0,0,1,0,0,0,1
0,1,0,0,0,0,0,0,0,0,0,0,0,0,0,0,0,0,0,0,0,0,0,0
0,0,1,0,0,3,3,3,0,0,0,0,0,0,0,0,0,0,0,0,3,3,3,0
0,0,1,0,3,0,3,0,3,0,0,1,0,0,0,0,0,0,0,3,0,3,0,3
0,0,0,0,3,3,0,3,3,0,0,1,1,0,0,0,0,0,0,3,3,0,3,3
0,0,0,0,3,0,3,0,3,0,0,0,1,1,1,0,0,1,0,3,0,3,0,3
0,0,0,0,3,3,3,3,3,0,0,0,0,0,0,1,1,0,0,3,3,3,3,3
0,0,0,0,3,3,3,3,3,0,0,0,0,1,1,1,0,0,0,3,3,3,3,3
0,0,0,0,3,3,3,3,3,0,0,0,1,1,1,1,0,0,0,3,3,3,3,3
0,1,1,0,3,3,3,3,3,0,1,1,0,0,0,1,1,0,0,3,3,3,3,3
1,0,0,0,3,3,3,3,3,0,0,0,0,0,1,0,1,1,0,3,3,3,3,3
0,0,0,0,3,3,3,3,3,0,0,0,0,0,1,0,0,1,0,3,3,3,3,3
0,0,0,0,3,3,3,3,3,0,0,0,0,1,1,0,0,0,0,3,3,3,3,3
0,1,1,0,3,3,3,3,3,0,1,1,1,1,0,0,0,0,0,3,3,3,3,3
1,0,0,0,3,3,3,3,3,0,0,1,1,1,0,0,0,0,0,3,3,3,3,3
1,0,0,0,3,3,3,3,3,0,0,0,1,1,1,1,0,0,0,3,3,3,3,3
1,0,0,0,3,3,3,3,3,0,0,0,0,0,1,1,1,0,0,3,3,3,3,3
1,1,1,0,3,3,3,3,3,0,0,0,0,0,0,0,1,1,0,3,3,3,3,3
0,1,1,0,3,3,3,3,3,0,1,1,0,0,0,0,1,1,0,3,3,3,3,3
0,0,0,0,3,3,3,3,3,0,0,1,0,0,1,1,0,0,0,3,3,3,3,3
1,0,0,0,3,3,3,3,3,0,0,1,1,1,0,0,0,0,0,3,3,3,3,3
0,1,1,0,3,3,3,3,3,0,0,0,1,1,0,0,0,0,0,3,3,3,3,3
0,0,0,0,3,3,3,3,3,0,0,1,0,1,1,0,0,0,0,3,3,3,3,3
0,0,0,0,3,3,3,3,3,0,1,0,0,0,1,1,1,0,0,3,3,3,3,3
0,0,0,0,3,3,3,3,3,0,0,0,0,0,0,1,1,1,0,3,3,3,3,3
0,1,1,0,3,3,3,3,3,0,0,0,0,0,0,0,1,0,0,3,3,3,3,3
1,0,0,0,3,3,3,3,3,0,0,0,0,1,0,0,0,0,0,3,3,3,3,3
0,0,0,0,3,3,3,3,3,3,0,0,0,1,0,0,0,0,3,3,3,3,3,3
0,0,0,0,3,3,3,3,3,3,0,0,1,1,0,0,0,0,3,3,3,3,3,3
0,0,0,0,3,3,3,3,3,3,0,1,1,0,1,0,0,0,3,3,3,3,3,3
1,1,1,0,3,3,3,3,3,3,0,0,0,0,0,1,0,0,3,3,3,3,3,3
0,1,0,0,3,3,3,3,3,3,3,0,0,0,0,0,0,3,3,3,3,3,3,3
0,1,0,0,0,3,3,3,3,3,3,3,0,0,0,0,0,3,3,3,3,3,3,3
0,1,0,0,0,3,3,3,3,3,3,3,3,0,3,3,3,3,3,3,3,3,3,0
0,0,1,0,0,3,3,3,3,3,3,3,3,3,3,3,3,3,3,3,3,3,3,0
0,0,1,0,0,0,3,3,0,3,0,3,0,3,0,3,0,3,0,3,0,3,3,0
0,0,0,1,1,0,0,3,3,0,3,0,3,0,3,0,3,0,3,0,3,3,0,0
0,0,0,1,0,0,1,0,3,3,0,3,0,3,0,3,0,3,0,3,3,0,0,1
0,0,0,1,0,0,0,1,0,0,3,3,3,3,3,3,3,3,3,0,0,0,0,0
0,0,0,1,0,0,0,1,0,0,0,0,0,0,0,0,0,0,0,0,0,0,0,0
0,0,0,0,1,0,1,0,0,0,0,1,0,0,1,0,0,0,1,0,0,0,0,0
0,0,0,0,1,0,0,0,0,1,0,0,0,0,0,1,0,0,0,0,0,0,0,0
0,0,0,0,0,0,3,3,3,0,3,3,0,0,3,0,0,3,3,0,0,3,0,0
0,0,0,0,0,0,3,0,0,0,3,0,3,0,3,0,3,0,0,0,3,0,3,0
0,0,0,0,0,0,3,3,0,0,3,3,0,0,3,0,3,3,3,0,3,0,3,0
0,0,0,0,0,0,3,0,0,0,3,0,0,0,3,0,0,0,3,0,3,0,3,0
0,0,0,0,0,0,3,3,3,0,3,0,0,0,3,0,3,3,0,0,0,3,0,0
SpriteSpeccyBlock,20,7,3
7,0,1,7,0,1,7,0,1
7,0,1,7,0,1,7,0,1
7,0,1,7,0,1,7,0,1
7,0,1,7,0,1,7,0,1
7,0,1,7,0,1,7,0,1
7,0,1,7,0,1,7,0,1
7,0,1,7,0,1,7,0,1
SpriteAttribs,20,0,0,0
SpriteBitmapBlock,21,55,24
0,0,0,0,0,0,0,0,0,0,0,0,0,0,0,0,0,0,0,0,0,0,0,0
0,0,0,0,0,0,0,0,0,0,0,0,0,0,0,0,0,0,0,0,0,0,0,0
0,0,0,0,0,0,0,0,0,0,0,0,0,0,0,0,0,0,0,0,0,0,0,0
0,0,0,0,0,0,0,0,0,0,0,0,0,0,0,0,0,0,0,0,0,0,0,0
0,0,0,0,0,0,0,0,0,1,0,0,0,0,0,0,0,0,0,0,0,0,0,0
0,0,0,0,0,0,0,0,0,1,0,0,0,0,0,0,0,0,0,0,0,0,0,0
0,0,0,0,0,0,0,0,0,1,0,0,0,0,0,0,0,0,0,0,0,0,0,0
0,0,0,0,0,0,0,0,0,1,0,0,0,0,0,0,0,0,0,0,0,0,0,0
0,0,0,0,0,0,1,1,1,0,0,0,0,0,0,0,0,0,0,0,0,0,1,1
0,0,0,0,0,0,0,0,0,0,0,0,0,0,0,0,0,0,0,0,0,0,1,0
0,0,0,0,0,0,0,0,3,3,3,3,0,0,0,0,0,0,0,0,0,0,0,0
0,0,0,0,0,0,0,3,3,0,3,0,3,0,0,1,0,0,0,0,0,0,0,0
0,0,0,0,1,0,0,3,0,3,0,3,3,0,0,1,1,0,0,0,0,1,1,0
0,0,0,1,0,0,0,3,3,0,3,0,3,3,0,1,1,1,0,0,1,1,0,3
0,1,1,0,0,0,0,3,3,3,3,3,3,3,0,0,1,1,0,0,1,0,0,3
0,1,1,1,0,0,0,3,3,3,3,3,3,3,0,0,1,1,1,0,0,0,0,3
0,0,1,1,0,0,0,3,3,3,3,3,3,3,0,0,0,1,1,1,0,0,0,3
0,0,1,1,1,0,3,3,3,3,3,3,3,3,3,0,0,0,1,1,1,0,3,3
0,0,0,0,1,0,3,3,3,3,3,3,3,3,3,0,0,0,1,0,1,0,3,3
0,0,0,0,0,0,3,3,3,3,3,3,3,3,3,0,0,0,1,0,0,0,3,3
0,0,0,0,0,0,3,3,3,3,3,3,3,3,3,0,0,0,1,0,0,0,3,3
0,1,1,0,0,0,3,3,3,3,0,3,3,3,3,3,0,1,1,0,0,3,3,3
0,0,1,0,0,0,3,3,3,3,0,3,3,3,3,3,0,0,0,0,0,3,3,3
0,0,0,1,1,0,3,3,3,3,0,3,3,3,3,3,0,0,1,1,0,3,3,3
0,0,1,0,0,0,3,3,3,3,3,0,3,3,3,3,0,1,1,0,0,3,3,3
0,1,0,0,0,0,3,3,3,3,3,0,3,3,3,3,0,0,0,0,0,3,3,3
0,0,1,1,0,0,3,3,3,3,3,0,3,3,3,3,3,0,1,0,3,3,3,3
0,1,1,1,0,0,3,3,3,3,3,0,0,3,3,3,3,0,0,0,3,3,3,3
0,1,0,1,1,0,3,3,3,3,3,0,0,3,3,3,3,0,1,0,3,3,3,3
0,0,0,0,1,0,3,3,3,3,3,0,0,3,3,3,3,0,0,0,3,3,3,3
0,0,1,0,0,0,3,3,3,3,3,0,0,3,3,3,3,0,0,0,3,3,3,3
0,1,0,1,0,0,3,3,3,3,3,0,1,0,3,3,3,3,0,3,3,3,3,0
0,0,0,0,1,0,3,3,3,3,3,0,0,0,3,3,3,3,0,3,3,3,3,0
0,1,0,0,0,0,3,3,3,3,3,0,1,0,3,3,3,3,3,3,3,3,3,0
0,1,1,1,1,0,3,3,3,3,3,0,0,0,3,3,3,3,3,3,3,3,3,0
0,1,1,1,1,0,3,3,3,3,3,0,0,1,0,3,3,3,3,3,3,3,0,0
0,0,1,0,0,0,3,3,3,3,3,0,1,0,0,3,3,3,3,3,3,3,0,1
0,0,0,0,0,0,3,3,3,3,3,0,1,1,0,3,3,3,3,3,3,3,0,0
0,0,0,0,1,0,3,3,3,3,3,0,1,1,0,3,3,3,3,3,3,3,0,1
0,0,0,1,0,0,3,3,3,3,3,0,0,0,0,0,3,3,3,3,3,0,0,1
0,0,0,1,0,0,3,3,3,3,3,0,0,0,0,0,3,3,3,3,3,0,1,0
0,0,1,0,0,0,3,3,3,3,3,0,0,0,0,0,3,3,0,3,3,0,0,1
1,1,0,1,0,0,3,3,3,3,3,0,0,0,1,0,3,0,3,0,3,0,0,0
0,0,0,1,0,0,3,0,3,0,3,0,0,1,0,0,0,3,0,3,0,0,0,1
0,0,0,0,1,0,3,3,0,3,3,0,1,0,0,0,0,3,3,3,0,0,1,0
0,0,0,0,0,0,3,0,3,0,3,0,0,1,0,0,0,0,0,0,0,1,0,0
1,0,0,0,0,0,3,3,3,3,3,0,0,0,1,0,1,1,0,0,0,0,0,1
0,1,0,0,0,0,0,0,0,0,0,0,0,0,0,1,0,0,1,0,0,0,0,0
0,0,0,0,0,0,0,0,1,0,0,0,0,0,1,0,0,0,0,0,0,0,0,0
0,0,0,0,0,0,0,0,0,1,0,0,0,0,1,0,0,0,0,0,0,0,0,0
3,3,0,0,3,3,3,0,0,0,0,0,3,3,0,0,0,0,0,0,0,0,3,3
3,0,3,0,3,0,0,0,0,0,0,3,0,0,3,0,0,3,0,0,0,3,0,0
3,0,3,0,3,3,0,0,0,0,0,0,0,3,0,0,0,0,0,0,0,3,0,0
3,0,3,0,3,0,0,0,0,0,0,0,3,0,0,0,0,3,0,0,0,3,0,0
3,3,0,0,3,3,3,0,0,0,0,3,3,3,3,0,0,0,0,0,0,0,3,3
SpriteSpeccyBlock,21,7,3
7,0,1,7,0,1,7,0,1
7,0,1,7,0,1,7,0,1
7,0,1,7,0,1,7,0,1
7,0,1,7,0,1,7,0,1
7,0,1,7,0,1,7,0,1
7,0,1,7,0,1,7,0,1
7,0,1,7,0,1,7,0,1
SpriteAttribs,21,0,0,0
SpriteBitmapBlock,22,55,24
0,0,0,0,0,0,0,0,0,0,0,0,0,0,0,0,0,0,0,0,0,0,0,0
0,0,0,0,0,0,0,0,0,0,0,0,0,0,0,0,0,0,0,0,0,0,0,0
0,0,0,0,0,0,0,0,0,0,0,0,0,0,0,0,0,0,0,0,0,0,0,0
0,0,0,0,0,0,0,0,0,0,0,0,0,0,0,0,0,0,0,0,0,0,0,0
0,1,0,0,0,0,0,0,0,0,0,0,0,0,0,0,0,0,0,0,0,0,0,0
0,1,0,0,0,0,0,0,0,0,0,0,0,0,0,0,0,0,0,0,0,0,0,0
0,1,0,0,0,0,0,0,0,0,0,0,0,0,0,0,0,0,0,1,0,1,0,0
1,1,0,1,1,0,0,0,0,0,1,0,0,0,0,1,0,0,1,0,0,0,1,0
1,1,0,0,1,1,1,0,0,1,0,0,0,0,0,0,0,1,0,0,0,0,1,0
0,0,0,0,0,0,0,0,1,0,0,0,0,0,0,0,0,0,1,0,0,0,0,0
0,3,3,3,3,0,0,0,0,0,0,0,0,0,0,0,0,0,0,0,0,3,3,3
3,0,3,0,3,3,0,0,0,0,0,0,0,0,0,0,0,1,0,0,3,3,0,3
3,3,0,3,0,3,0,0,0,0,0,0,0,0,0,1,1,0,0,3,3,0,3,0
3,0,3,0,3,3,0,0,1,1,0,0,0,0,1,0,0,0,0,3,0,3,0,3
3,3,3,3,3,3,0,0,1,1,1,1,0,1,0,0,0,0,0,3,3,3,3,3
3,3,3,3,3,3,0,0,0,0,1,1,1,1,0,0,0,0,3,3,3,3,3,3
3,3,3,3,3,3,0,0,0,0,0,1,1,0,0,0,0,0,3,3,3,3,0,3
3,3,3,3,3,3,3,0,0,0,0,0,1,1,1,1,0,0,3,3,3,3,0,3
3,3,3,3,3,3,3,0,0,0,0,1,0,0,1,0,0,0,3,3,3,3,0,3
3,3,3,3,3,3,3,0,1,1,1,1,0,0,0,0,0,3,3,3,3,3,0,3
3,3,0,3,3,3,3,0,0,0,0,1,0,0,0,0,0,3,3,3,3,3,0,3
3,3,0,3,3,3,3,0,0,0,0,1,1,0,0,0,0,3,3,3,3,0,0,0
3,3,0,3,3,3,3,0,0,1,1,0,1,1,0,0,0,3,3,3,3,0,0,0
3,0,3,3,3,3,3,0,0,1,0,0,1,0,1,0,3,3,3,3,3,0,1,0
3,0,3,3,3,3,3,0,1,0,0,0,0,0,0,0,3,3,3,3,3,0,0,0
3,0,3,3,3,3,3,0,0,0,0,0,0,1,1,0,3,3,3,3,0,0,0,0
0,0,3,3,3,3,3,0,0,0,0,0,1,1,1,0,3,3,3,3,0,1,0,0
0,0,3,3,3,3,3,0,0,0,1,1,1,1,0,0,3,3,3,3,0,1,1,0
0,0,3,3,3,3,3,0,0,1,1,1,1,0,0,3,3,3,3,3,0,1,1,1
0,0,3,3,3,3,3,0,0,1,1,1,0,0,0,3,3,3,3,3,0,0,1,1
0,0,3,3,3,3,3,0,1,1,0,1,1,1,0,3,3,3,3,0,1,1,1,0
0,0,3,3,3,3,3,0,1,1,1,0,0,0,0,3,3,3,3,0,0,0,0,1
1,0,3,3,3,3,3,0,1,0,0,1,1,0,0,3,3,3,3,0,0,0,0,0
0,0,3,3,3,3,3,0,0,0,0,0,0,0,3,3,3,3,3,3,3,3,3,3
0,0,3,3,3,3,3,0,0,0,0,0,0,0,3,3,3,3,3,3,3,3,3,3
1,0,3,3,3,3,3,0,0,1,1,1,1,0,3,3,3,3,3,3,3,3,3,3
1,0,3,3,3,3,3,0,0,0,0,0,0,0,3,3,3,3,3,3,3,3,3,3
1,0,3,3,3,3,3,0,0,0,0,1,0,3,3,3,3,3,3,3,3,3,3,3
1,0,3,3,3,3,3,0,1,1,1,0,0,3,3,3,3,3,3,3,3,3,3,3
0,0,3,3,3,3,3,0,0,1,0,0,0,3,3,3,3,3,0,0,0,0,0,0
0,0,3,3,3,3,3,0,0,1,1,0,0,3,3,3,3,3,0,0,0,0,1,0
0,0,3,3,3,3,3,0,0,0,0,0,0,3,3,3,3,3,0,0,0,0,1,0
1,0,3,3,3,3,3,0,0,0,1,0,3,3,3,3,3,0,0,1,1,0,1,1
0,0,3,0,3,0,3,0,0,1,0,0,3,0,3,0,3,0,0,0,0,1,0,0
0,0,3,3,0,3,3,0,1,0,0,0,3,3,0,3,3,0,0,0,0,1,1,1
1,0,3,0,3,0,3,0,1,0,0,3,3,0,3,0,3,0,0,0,0,1,0,0
0,0,3,3,3,3,3,0,0,1,0,3,3,3,3,3,3,0,0,0,1,0,0,0
0,0,0,0,0,0,0,0,0,0,0,0,0,0,0,0,0,0,0,0,1,0,0,0
0,0,0,0,1,0,0,1,0,0,0,0,0,1,0,0,1,0,0,0,0,0,0,0
0,0,0,0,1,0,0,0,0,0,0,0,0,0,0,0,0,1,0,0,0,0,0,0
0,0,3,0,0,3,3,0,0,3,3,3,0,3,3,0,0,0,3,0,0,3,3,0
0,3,0,3,0,3,0,3,0,3,0,0,0,3,0,3,0,3,0,3,0,3,0,3
0,3,0,3,0,3,0,3,0,3,3,0,0,3,3,0,0,3,0,3,0,3,0,3
0,3,0,3,0,3,0,3,0,3,0,0,0,3,0,3,0,3,0,3,0,3,0,3
0,0,3,0,0,3,0,3,0,3,0,0,0,3,0,3,0,0,3,0,0,3,0,3
SpriteSpeccyBlock,22,7,3
7,0,1,7,0,1,7,0,1
7,0,1,7,0,1,7,0,1
7,0,1,7,0,1,7,0,1
7,0,1,7,0,1,7,0,1
7,0,1,7,0,1,7,0,1
7,0,1,7,0,1,7,0,1
7,0,1,7,0,1,7,0,1
SpriteAttribs,22,0,0,0
SpriteBitmapBlock,23,55,24
0,0,0,0,0,0,0,0,0,0,0,0,0,0,0,0,0,0,0,0,0,0,0,0
0,0,0,0,0,0,0,0,0,0,0,0,0,0,0,0,0,0,0,0,0,0,0,0
0,0,0,0,0,0,0,0,0,0,0,0,0,0,0,0,0,0,0,0,0,0,0,0
0,0,0,0,0,0,0,0,0,0,0,0,0,0,0,0,0,0,0,0,0,0,0,0
0,0,0,0,0,0,0,0,0,0,0,0,0,0,0,0,0,0,0,0,0,0,0,0
0,0,0,0,0,0,0,0,0,0,0,0,0,0,0,0,0,0,0,0,0,0,0,0
0,0,0,0,0,1,0,0,0,0,0,0,0,0,0,0,0,0,0,0,0,0,0,0
0,0,0,1,1,0,0,0,0,0,0,0,0,0,0,0,0,0,0,0,0,0,0,0
0,1,1,0,0,0,0,0,0,0,0,0,0,0,0,0,0,0,0,0,0,0,0,0
0,0,1,0,0,0,0,0,0,0,0,0,0,0,0,0,0,0,0,0,0,0,0,0
0,0,0,0,0,0,0,0,0,0,0,0,0,0,0,0,0,0,0,0,0,0,0,0
3,0,0,0,0,0,1,0,0,0,0,0,0,0,0,0,0,0,0,0,0,0,0,0
3,3,0,0,0,0,0,1,1,1,0,0,0,0,0,0,0,0,0,0,0,0,0,0
0,3,0,1,1,1,1,1,0,0,0,0,0,0,0,0,0,0,0,0,0,0,0,0
3,3,0,0,0,0,1,0,0,0,0,0,0,0,0,0,0,0,0,0,0,0,0,0
3,3,3,0,0,0,1,1,0,0,0,0,0,0,0,0,0,0,0,0,0,0,0,0
3,3,3,0,0,0,1,0,1,0,0,0,0,0,0,0,0,0,0,0,0,0,0,0
3,3,3,0,0,0,0,0,0,0,0,0,0,0,0,0,0,0,0,0,0,0,0,0
3,3,3,0,0,0,0,1,1,1,0,0,0,0,0,0,0,0,0,0,0,0,0,0
3,3,3,3,0,1,1,0,0,0,0,0,0,0,0,0,0,0,0,0,0,0,0,0
3,3,3,3,0,0,0,1,0,0,0,0,0,0,0,0,0,0,0,0,0,0,0,0
3,3,3,3,0,0,0,0,1,0,0,0,0,0,0,0,0,0,0,0,0,0,0,0
3,3,3,3,0,0,0,0,0,1,0,0,0,0,0,0,0,0,0,0,0,0,0,0
3,3,3,3,3,0,0,0,0,1,0,0,0,0,0,0,0,0,0,0,0,0,0,0
3,3,3,3,3,0,0,0,0,0,0,0,0,0,0,0,0,0,0,0,0,0,0,0
0,3,3,3,3,0,0,0,0,0,0,0,0,0,0,0,0,0,0,0,0,0,0,0
0,3,3,3,3,0,0,0,1,0,0,0,0,0,0,0,0,0,0,0,0,0,0,0
0,3,3,3,3,0,0,0,1,0,1,1,0,0,0,0,0,0,0,0,0,0,0,0
0,3,3,3,3,3,0,1,0,1,0,0,0,0,0,0,0,0,0,0,0,0,0,0
0,3,3,3,3,3,0,0,0,0,0,0,0,0,0,0,0,0,0,0,0,0,0,0
0,0,3,3,3,3,0,0,1,0,0,0,0,0,3,2,3,0,0,0,0,0,0,0
0,0,3,3,3,3,0,0,0,0,0,3,2,3,2,3,2,3,0,0,0,0,0,0
0,0,3,3,3,3,0,0,0,0,3,2,3,2,3,2,2,0,0,0,0,0,0,0
3,3,3,3,3,3,3,0,0,0,2,3,2,3,2,0,0,0,0,0,0,0,0,0
3,3,3,3,3,3,3,0,0,2,3,2,3,0,0,0,0,0,0,0,0,0,0,0
3,3,3,3,3,3,3,0,2,3,2,3,0,0,0,0,0,0,0,0,0,0,0,0
3,3,3,3,3,3,3,0,2,2,3,2,0,0,0,0,0,2,3,2,0,0,0,0
3,3,3,3,3,3,3,0,2,2,2,3,2,3,2,3,2,3,2,3,2,0,0,0
3,3,3,3,3,3,3,0,2,2,2,2,3,2,3,2,3,2,3,2,3,2,0,0
0,0,0,3,3,3,3,3,0,2,2,2,2,2,2,2,2,2,2,2,2,3,0,0
0,0,0,3,3,3,3,3,0,0,2,2,2,2,0,0,0,0,2,2,2,2,3,0
0,1,0,3,3,3,3,3,0,0,0,0,0,0,0,0,0,0,0,2,2,2,2,0
1,0,0,0,3,3,3,3,3,0,0,0,0,0,0,0,0,0,2,0,2,2,0,0
0,0,0,0,3,3,0,3,3,0,0,0,0,0,0,2,2,2,0,2,2,0,0,0
0,0,0,0,3,0,3,0,3,3,0,0,2,2,2,0,2,0,2,2,0,0,0,0
1,0,0,0,3,3,0,3,0,3,0,2,0,2,0,2,0,2,0,0,0,0,0,0
1,0,0,0,3,3,3,3,3,0,0,0,2,0,2,0,2,0,0,0,0,0,0,0
0,1,0,0,0,0,0,0,0,0,0,0,0,0,0,0,0,0,0,0,0,0,0,0
0,0,0,0,1,0,0,1,0,0,0,0,0,0,0,0,0,0,0,0,0,0,0,0
0,0,0,0,0,0,0,0,1,0,0,0,0,0,0,0,0,0,0,0,0,0,0,0
0,3,3,3,0,0,3,0,0,3,3,3,0,3,0,0,3,0,0,3,3,0,0,3
0,0,3,0,0,3,0,3,0,0,3,0,0,3,0,3,0,3,0,3,0,3,0,3
0,0,3,0,0,3,3,3,0,0,3,0,0,3,0,3,0,3,0,3,0,3,0,3
0,0,3,0,0,3,0,3,0,0,3,0,0,3,0,3,0,3,0,3,0,3,0,0
0,0,3,0,0,3,0,3,0,0,3,0,0,3,0,0,3,0,0,3,0,3,0,3
SpriteSpeccyBlock,23,7,3
7,0,1,7,0,1,7,0,1
7,0,1,7,0,1,7,0,1
7,0,1,7,0,1,7,0,1
7,0,1,7,0,1,7,0,1
7,0,1,7,0,1,7,0,1
7,0,1,7,0,1,7,0,1
7,0,1,7,0,1,7,0,1
SpriteAttribs,23,0,0,0
SpriteDataOffSet,&180
eof
